      Car Category  Arrival Time  Service Time  Service Begins  Service Ends  Waiting Time Pump
0       1        C             1             7               1             8             0  Gas
1       2        B             4             1               4             5             0   90
2       3        C             7             7               8            15             1  Gas
3       4        C             7             5              15            20             8  Gas
4       5        A            10             3              10            13             0   95
5       6        B            13             3              13            16             0   90
6       7        B            13             1              16            17             3   90
7       8        C            15             3              20            23             5  Gas
8       9        A            15             1              15            16             0   95
9      10        A            16             3              16            19             0   95
10     11        C            18             7              23            30             5  Gas
11     12        B            20             2              20            22             0   90
12     13        B            21             3              21            24             0   95
13     14        C            24             5              30            35             6  Gas
14     15        C            27             5              35            40             8  Gas
15     16        A            30             3              30            33             0   95
16     17        A            32             3              33            36             1   95
17     18        B            35             3              36            39             1   95
18     19        C            37             5              40            45             3  Gas
19     20        C            37             5              37            42             0   90
20     21        C            38             5              45            50             7  Gas
21     22        C            41             5              42            47             1   90
22     23        C            42             7              50            57             8  Gas
23     24        B            42             3              47            50             5   90
24     25        C            43             5              57            62            14  Gas
25     26        C            45             5              50            55             5   90
26     27        C            48             3              55            58             7   90
27     28        A            51             1              51            52             0   95
28     29        C            54             5              62            67             8  Gas
29     30        B            57             3              57            60             0   95
30     31        B            60             2              60            62             0   95
31     32        C            62             5              67            72             5  Gas
32     33        C            65             5              65            70             0   90
33     34        C            65             5              70            75             5   90
34     35        B            68             3              68            71             0   95
35     36        A            69             3              71            74             2   95
36     37        C            70             3              75            78             5   90
37     38        C            73             3              78            81             5   90
38     39        B            74             3              81            84             7   90
39     40        C            74             7              84            91            10   90
40     41        A            75             3              75            78             0   95
41     42        B            77             2              78            80             1   95
42     43        C            78             3              91            94            13   90
43     44        B            81             3              94            97            13   90
44     45        A            81             3              81            84             0   95
45     46        C            84             3              84            87             0  Gas
46     47        C            87             3              97           100            10   90
47     48        C            90             3             100           103            10   90
48     49        C            91             5              91            96             0  Gas
49     50        C            91             5              96           101             5  Gas
50     51        B            93             2             103           105            10   90
51     52        A            94             3              94            97             0   95
52     53        C            95             7             101           108             6  Gas
53     54        B            98             3              98           101             0   95
54     55        B            98             1             101           102             3   95
55     56        A            99             3             102           105             3   95
56     57        B           102             3             105           108             3   90
57     58        C           105             7             108           115             3   90
58     59        C           108             5             108           113             0  Gas
59     60        B           110             3             110           113             0   95
60     61        A           111             2             113           115             2   95
61     62        B           112             2             115           117             3   95
62     63        C           114             5             114           119             0  Gas
63     64        C           117             3             117           120             0   90
64     65        B           120             3             120           123             0   90
65     66        C           120             5             123           128             3   90
66     67        C           123             5             123           128             0  Gas
67     68        B           125             3             128           131             3   90
68     69        C           126             7             128           135             2  Gas
69     70        C           129             3             135           138             6  Gas
70     71        A           129             2             129           131             0   95
71     72        B           130             3             131           134             1   95
72     73        B           133             2             134           136             1   95
73     74        A           134             3             136           139             2   95
74     75        B           135             3             139           142             4   95
75     76        B           138             1             142           143             4   95
76     77        B           141             3             143           146             2   95
77     78        B           144             2             146           148             2   95
78     79        C           145             7             145           152             0  Gas
79     80        B           145             2             148           150             3   95
80     81        C           146             7             152           159             6  Gas
81     82        B           147             3             147           150             0   90
82     83        A           148             2             150           152             2   95
83     84        A           149             2             152           154             3   95
84     85        A           152             1             154           155             2   95
85     86        C           154             7             159           166             5  Gas
86     87        B           156             1             156           157             0   95
87     88        B           159             1             159           160             0   90
88     89        B           159             3             160           163             1   90
89     90        C           161             7             163           170             2   90
90     91        A           163             3             163           166             0   95
91     92        B           166             3             166           169             0   95
92     93        C           169             5             169           174             0  Gas
93     94        C           171             3             171           174             0   90
94     95        C           173             3             174           177             1  Gas
95     96        C           175             5             175           180             0   90
96     97        B           176             2             176           178             0   95
97     98        B           179             2             179           181             0   95
98     99        A           179             1             181           182             2   95
99    100        B           182             1             182           183             0   95
100   101        C           183             7             183           190             0  Gas
101   102        C           184             3             184           187             0   90
102   103        B           186             3             187           190             1   90
103   104        A           189             3             189           192             0   95
104   105        C           190             5             190           195             0  Gas
105   106        A           192             3             192           195             0   95
106   107        C           192             5             192           197             0   90
107   108        B           195             3             197           200             2   90
108   109        B           198             2             200           202             2   90
109   110        C           200             3             200           203             0  Gas
110   111        A           203             1             203           204             0   95
111   112        C           205             7             205           212             0   90
112   113        B           207             2             207           209             0   95
113   114        B           208             3             212           215             4   90
114   115        B           210             3             210           213             0   95
115   116        A           211             3             213           216             2   95
116   117        B           211             3             216           219             5   95
117   118        A           212             3             219           222             7   95
118   119        C           214             7             214           221             0  Gas
119   120        C           217             5             221           226             4  Gas
120   121        C           217             5             226           231             9  Gas
121   122        A           219             3             222           225             3   95
122   123        C           222             5             222           227             0   90
123   124        B           225             1             225           226             0   95
124   125        B           227             3             227           230             0   90
125   126        B           230             2             230           232             0   95
126   127        B           233             3             233           236             0   95
127   128        B           233             1             236           237             3   95
128   129        C           235             7             235           242             0   90
129   130        A           235             3             237           240             2   95
130   131        C           238             5             238           243             0  Gas
131   132        A           240             3             240           243             0   95
132   133        B           243             1             243           244             0   95
133   134        C           246             7             246           253             0  Gas
134   135        C           248             5             248           253             0   90
135   136        C           249             5             253           258             4  Gas
136   137        C           252             3             258           261             6  Gas
137   138        C           255             7             261           268             6  Gas
138   139        A           257             3             257           260             0   95
139   140        B           259             2             259           261             0   90
140   141        C           259             5             268           273             9  Gas
141   142        C           260             7             261           268             1   90
142   143        C           263             5             268           273             5   90
143   144        C           266             5             273           278             7  Gas
144   145        C           266             7             278           285            12  Gas
145   146        A           269             2             269           271             0   95
146   147        B           270             2             273           275             3   90
147   148        B           273             2             273           275             0   95
148   149        B           274             3             275           278             1   90
149   150        B           276             3             278           281             2   90
150   151        B           276             1             281           282             5   90
151   152        C           279             3             282           285             3   90
152   153        C           281             7             285           292             4  Gas
153   154        C           284             5             285           290             1   90
154   155        C           287             5             292           297             5  Gas
155   156        C           288             5             290           295             2   90
156   157        B           290             2             295           297             5   90
157   158        B           293             1             297           298             4   90
158   159        C           295             3             298           301             3   90
159   160        B           295             3             295           298             0   95
160   161        C           297             5             301           306             4   90
161   162        B           300             3             300           303             0   95
162   163        C           301             7             306           313             5   90
163   164        B           302             1             303           304             1   95
164   165        C           304             7             304           311             0  Gas
165   166        A           307             2             307           309             0   95
166   167        B           308             1             313           314             5   90
167   168        C           309             5             311           316             2  Gas
168   169        C           312             5             316           321             4  Gas
169   170        B           314             2             314           316             0   90
170   171        B           316             3             316           319             0   95
171   172        C           316             7             316           323             0   90
172   173        B           316             3             319           322             3   95
173   174        C           318             5             323           328             5   90
174   175        A           319             2             322           324             3   95
175   176        C           321             3             321           324             0  Gas
176   177        B           323             3             324           327             1   95
177   178        B           325             3             328           331             3   90
178   179        A           327             3             327           330             0   95
179   180        A           329             3             330           333             1   95
180   181        A           332             2             333           335             1   95
181   182        A           335             3             335           338             0   95
182   183        B           335             3             338           341             3   95
183   184        B           335             2             341           343             6   95
184   185        C           335             5             335           340             0   90
185   186        B           336             3             343           346             7   95
186   187        B           339             1             346           347             7   95
187   188        C           342             5             342           347             0  Gas
188   189        C           343             7             347           354             4  Gas
189   190        B           343             3             347           350             4   95
190   191        C           345             5             345           350             0   90
191   192        B           348             1             350           351             2   95
192   193        B           351             2             351           353             0   95
193   194        C           354             5             354           359             0  Gas
194   195        B           354             3             354           357             0   95
195   196        B           355             3             355           358             0   90
196   197        B           356             2             357           359             1   95
197   198        B           357             3             359           362             2   95
198   199        B           357             2             362           364             5   95
199   200        A           360             1             364           365             4   95
200   201        A           361             2             365           367             4   95
201   202        B           363             1             367           368             4   95
202   203        B           365             3             368           371             3   95
203   204        A           367             3             371           374             4   95
204   205        C           370             5             370           375             0  Gas
205   206        B           373             3             373           376             0   90
206   207        B           375             2             375           377             0   95
207   208        C           378             5             378           383             0   90
208   209        C           379             7             379           386             0  Gas
209   210        A           381             2             381           383             0   95
210   211        C           384             3             386           389             2  Gas
211   212        C           384             5             389           394             5  Gas
212   213        C           385             3             394           397             9  Gas
213   214        C           388             5             397           402             9  Gas
214   215        B           389             2             389           391             0   95
215   216        B           389             3             391           394             2   95
216   217        C           392             3             402           405            10  Gas
217   218        A           393             1             394           395             1   95
218   219        B           396             3             396           399             0   90
219   220        A           399             3             399           402             0   95
220   221        A           399             2             402           404             3   95
221   222        B           401             1             404           405             3   95
222   223        A           403             3             405           408             2   95
223   224        B           406             2             408           410             2   95
224   225        C           408             5             408           413             0  Gas
225   226        B           411             3             411           414             0   90
226   227        C           414             3             414           417             0   90
227   228        B           414             2             417           419             3   90
228   229        C           417             7             419           426             2   90
229   230        C           420             7             420           427             0  Gas
230   231        C           422             7             427           434             5  Gas
231   232        B           423             3             426           429             3   90
232   233        B           424             2             424           426             0   95
233   234        C           426             5             434           439             8  Gas
234   235        C           429             5             429           434             0   90
235   236        C           432             5             434           439             2   90
236   237        B           434             3             434           437             0   95
237   238        C           437             3             439           442             2   90
238   239        C           437             7             442           449             5   90
239   240        C           440             5             440           445             0  Gas
240   241        B           442             3             442           445             0   95
241   242        C           442             7             449           456             7   90
242   243        C           442             5             445           450             3  Gas
243   244        C           443             5             456           461            13   90
244   245        B           446             3             446           449             0   95
245   246        C           446             5             461           466            15   90
246   247        B           447             2             449           451             2   95
247   248        C           447             5             466           471            19   90
248   249        B           450             3             471           474            21   90
249   250        C           453             7             474           481            21   90
250   251        B           456             3             481           484            25   90
251   252        C           458             5             458           463             0  Gas
252   253        B           461             1             484           485            23   90
253   254        C           464             7             464           471             0  Gas
254   255        C           466             5             471           476             5  Gas
255   256        A           467             2             467           469             0   95
256   257        B           470             2             485           487            15   90
257   258        A           472             2             472           474             0   95
258   259        C           475             7             487           494            12   90
259   260        B           477             2             477           479             0   95
260   261        C           479             7             479           486             0  Gas
261   262        C           479             7             486           493             7  Gas
262   263        B           479             2             494           496            15   90
263   264        B           481             3             496           499            15   90
264   265        C           483             7             493           500            10  Gas
265   266        A           485             2             485           487             0   95
266   267        B           485             3             487           490             2   95
267   268        A           485             1             490           491             5   95
268   269        C           488             5             499           504            11   90
269   270        B           488             2             491           493             3   95
270   271        C           491             7             500           507             9  Gas
271   272        A           492             2             493           495             1   95
272   273        C           495             5             504           509             9   90
273   274        B           496             3             496           499             0   95
274   275        B           497             1             499           500             2   95
275   276        A           497             3             500           503             3   95
276   277        A           500             1             503           504             3   95
277   278        C           503             5             507           512             4  Gas
278   279        B           503             2             504           506             1   95
279   280        B           504             3             506           509             2   95
280   281        A           505             1             509           510             4   95
281   282        C           508             5             509           514             1   90
282   283        A           510             2             510           512             0   95
283   284        C           510             5             514           519             4   90
284   285        B           513             2             513           515             0   95
285   286        B           516             3             519           522             3   90
286   287        C           517             5             517           522             0  Gas
287   288        B           518             3             518           521             0   95
288   289        B           518             2             521           523             3   95
289   290        C           519             7             522           529             3   90
290   291        A           522             3             523           526             1   95
291   292        B           525             1             526           527             1   95
292   293        B           526             1             529           530             3   90
293   294        B           527             3             527           530             0   95
294   295        B           530             2             530           532             0   95
295   296        C           532             3             532           535             0  Gas
296   297        B           534             3             534           537             0   95
297   298        B           537             3             537           540             0   95
298   299        C           539             3             539           542             0  Gas
299   300        B           540             3             540           543             0   95
300   301        C           541             3             542           545             1  Gas
301   302        B           543             2             543           545             0   90
302   303        B           546             3             546           549             0   95
303   304        C           547             5             547           552             0   90
304   305        C           549             7             552           559             3   90
305   306        C           550             5             550           555             0  Gas
306   307        C           553             7             559           566             6   90
307   308        A           555             1             555           556             0   95
308   309        B           558             3             558           561             0   95
309   310        C           561             5             566           571             5   90
310   311        C           561             5             571           576            10   90
311   312        C           561             5             576           581            15   90
312   313        B           562             3             562           565             0   95
313   314        C           565             7             565           572             0  Gas
314   315        A           566             3             566           569             0   95
315   316        B           566             3             581           584            15   90
316   317        C           569             5             584           589            15   90
317   318        C           570             5             589           594            19   90
318   319        A           571             2             571           573             0   95
319   320        B           571             3             573           576             2   95
320   321        C           574             5             594           599            20   90
321   322        B           575             2             576           578             1   95
322   323        B           578             1             578           579             0   95
323   324        C           579             3             579           582             0  Gas
324   325        B           580             1             599           600            19   90
325   326        B           583             2             583           585             0   95
326   327        A           585             1             585           586             0   95
327   328        B           586             3             600           603            14   90
328   329        C           589             5             603           608            14   90
329   330        B           590             2             590           592             0   95
330   331        B           593             2             593           595             0   95
331   332        C           594             5             594           599             0  Gas
332   333        B           597             3             597           600             0   95
333   334        C           600             5             600           605             0  Gas
334   335        A           603             3             603           606             0   95
335   336        C           605             5             605           610             0  Gas
336   337        B           606             1             606           607             0   95
337   338        C           606             3             608           611             2   90
338   339        B           608             2             611           613             3   90
339   340        A           609             3             609           612             0   95
340   341        C           610             5             610           615             0  Gas
341   342        C           611             3             615           618             4  Gas
342   343        B           613             2             613           615             0   95
343   344        B           614             3             615           618             1   95
344   345        C           614             7             618           625             4  Gas
345   346        B           616             3             616           619             0   90
346   347        B           616             3             618           621             2   95
347   348        C           618             7             619           626             1   90
348   349        C           618             5             625           630             7  Gas
349   350        C           620             7             630           637            10  Gas
350   351        B           623             2             623           625             0   95
351   352        B           625             2             625           627             0   95
352   353        C           627             5             637           642            10  Gas
353   354        A           629             3             629           632             0   95
354   355        A           630             2             632           634             2   95
355   356        A           633             3             634           637             1   95
356   357        B           635             3             635           638             0   90
357   358        B           635             3             638           641             3   90
358   359        B           637             2             637           639             0   95
359   360        C           638             7             642           649             4  Gas
360   361        B           641             3             641           644             0   90
361   362        C           643             5             649           654             6  Gas
362   363        A           645             1             645           646             0   95
363   364        B           648             3             648           651             0   95
364   365        A           651             2             651           653             0   95
365   366        C           654             7             654           661             0   90
366   367        C           657             5             661           666             4   90
367   368        C           660             5             660           665             0  Gas
368   369        B           663             3             666           669             3   90
369   370        C           666             7             666           673             0  Gas
370   371        A           667             2             667           669             0   95
371   372        C           668             5             673           678             5  Gas
372   373        C           671             5             678           683             7  Gas
373   374        C           672             7             672           679             0   90
374   375        C           675             5             679           684             4   90
375   376        C           676             5             684           689             8   90
376   377        A           676             2             676           678             0   95
377   378        C           677             3             689           692            12   90
378   379        C           679             5             692           697            13   90
379   380        A           681             3             681           684             0   95
380   381        C           683             7             683           690             0  Gas
381   382        A           685             3             685           688             0   95
382   383        B           687             3             688           691             1   95
383   384        A           690             1             691           692             1   95
384   385        C           693             5             693           698             0  Gas
385   386        C           694             3             697           700             3   90
386   387        C           696             5             698           703             2  Gas
387   388        C           699             3             700           703             1   90
388   389        C           702             7             703           710             1  Gas
389   390        A           705             3             705           708             0   95
390   391        B           708             2             708           710             0   90
391   392        C           710             7             710           717             0  Gas
392   393        B           712             1             712           713             0   95
393   394        C           714             5             717           722             3  Gas
394   395        A           717             2             717           719             0   95
395   396        B           717             2             719           721             2   95
396   397        B           718             2             721           723             3   95
397   398        A           721             3             723           726             2   95
398   399        A           721             2             726           728             5   95
399   400        A           721             2             728           730             7   95
400   401        A           724             2             730           732             6   95
401   402        A           727             1             732           733             5   95
402   403        C           730             7             730           737             0   90
403   404        B           731             3             733           736             2   95
404   405        B           734             3             737           740             3   90
405   406        C           735             3             740           743             5   90
406   407        B           738             1             743           744             5   90
407   408        C           741             7             741           748             0  Gas
408   409        B           744             2             744           746             0   90
409   410        C           745             5             748           753             3  Gas
410   411        C           747             5             753           758             6  Gas
411   412        B           750             1             750           751             0   90
412   413        A           752             1             752           753             0   95
413   414        B           754             3             754           757             0   95
414   415        C           756             3             758           761             2  Gas
415   416        B           757             3             757           760             0   90
416   417        B           759             1             760           761             1   90
417   418        A           760             2             760           762             0   95
418   419        B           763             1             763           764             0   90
419   420        B           764             1             764           765             0   90
420   421        A           765             1             765           766             0   95
421   422        B           767             2             767           769             0   95
422   423        C           767             7             767           774             0   90
423   424        B           767             2             769           771             2   95
424   425        A           769             2             771           773             2   95
425   426        C           772             7             772           779             0  Gas
426   427        C           775             5             779           784             4  Gas
427   428        B           778             3             778           781             0   90
428   429        C           779             3             784           787             5  Gas
429   430        C           780             3             787           790             7  Gas
430   431        B           783             3             783           786             0   95
431   432        C           785             5             790           795             5  Gas
432   433        C           788             5             788           793             0   90
433   434        C           790             7             795           802             5  Gas
434   435        B           790             1             790           791             0   95
435   436        C           791             5             802           807            11  Gas
436   437        A           794             1             794           795             0   95
437   438        C           795             5             795           800             0   90
438   439        C           798             5             800           805             2   90
439   440        B           799             3             805           808             6   90
440   441        C           802             5             808           813             6   90
441   442        C           803             3             813           816            10   90
442   443        A           806             3             806           809             0   95
443   444        C           807             5             807           812             0  Gas
444   445        C           808             5             812           817             4  Gas
445   446        B           808             1             809           810             1   95
446   447        C           810             5             817           822             7  Gas
447   448        A           813             3             813           816             0   95
448   449        B           813             3             816           819             3   90
449   450        C           816             3             819           822             3   90
450   451        A           819             1             819           820             0   95
451   452        C           822             7             822           829             0  Gas
452   453        C           825             7             825           832             0   90
453   454        B           828             3             832           835             4   90
454   455        C           829             5             829           834             0  Gas
455   456        A           831             2             831           833             0   95
456   457        B           831             3             835           838             4   90
457   458        A           834             3             834           837             0   95
458   459        C           837             5             838           843             1   90
459   460        B           837             1             843           844             6   90
460   461        A           840             2             840           842             0   95
461   462        A           843             3             843           846             0   95
462   463        B           843             2             844           846             1   90
463   464        C           846             7             846           853             0  Gas
464   465        C           848             3             848           851             0   90
465   466        C           850             7             853           860             3  Gas
466   467        B           852             3             852           855             0   90
467   468        B           852             1             852           853             0   95
468   469        A           853             3             853           856             0   95
469   470        B           856             2             856           858             0   95
470   471        A           859             1             859           860             0   95
471   472        B           862             3             862           865             0   95
472   473        C           864             5             864           869             0  Gas
473   474        B           866             2             866           868             0   95
474   475        C           867             7             867           874             0   90
475   476        C           870             5             874           879             4   90
476   477        B           870             3             870           873             0   95
477   478        B           871             2             879           881             8   90
478   479        C           873             5             873           878             0  Gas
479   480        B           876             3             881           884             5   90
480   481        A           876             1             876           877             0   95
481   482        B           876             1             884           885             8   90
482   483        B           877             3             885           888             8   90
483   484        B           878             2             878           880             0   95
484   485        C           881             5             881           886             0  Gas
485   486        A           884             2             884           886             0   95
486   487        A           885             2             886           888             1   95
487   488        C           886             3             888           891             2   90
488   489        A           887             1             888           889             1   95
489   490        C           890             5             891           896             1   90
490   491        C           893             7             893           900             0  Gas
491   492        B           896             3             896           899             0   95
492   493        C           896             7             900           907             4  Gas
493   494        B           897             3             899           902             2   95
494   495        B           897             3             902           905             5   95
495   496        C           898             5             907           912             9  Gas
496   497        C           898             5             898           903             0   90
497   498        C           901             5             903           908             2   90
498   499        B           901             1             908           909             7   90
499   500        A           902             3             905           908             3   95
500   501        B           903             3             908           911             5   95
501   502        B           905             3             911           914             6   95
502   503        B           906             2             914           916             8   95
503   504        B           907             1             909           910             2   90
504   505        B           908             3             916           919             8   95
505   506        B           910             1             919           920             9   95
506   507        C           913             5             913           918             0   90
507   508        B           913             3             918           921             5   90
508   509        B           914             2             921           923             7   90
509   510        B           916             1             920           921             4   95
510   511        C           919             5             919           924             0  Gas
511   512        C           922             3             924           927             2  Gas
512   513        A           925             3             925           928             0   95
513   514        B           926             3             928           931             2   95
514   515        A           927             2             931           933             4   95
515   516        C           929             3             929           932             0  Gas
516   517        B           930             1             930           931             0   90
517   518        B           931             3             933           936             2   95
518   519        C           934             5             934           939             0   90
519   520        B           936             3             936           939             0   95
520   521        B           939             3             939           942             0   95
521   522        A           942             2             942           944             0   95
522   523        C           942             5             942           947             0  Gas
523   524        C           942             5             942           947             0   90
524   525        C           945             5             947           952             2   90
525   526        B           948             2             948           950             0   95
526   527        A           950             3             950           953             0   95
527   528        B           953             1             953           954             0   95
528   529        B           956             3             956           959             0   90
529   530        C           959             5             959           964             0   90
530   531        C           962             7             962           969             0  Gas
531   532        A           965             3             965           968             0   95
532   533        B           965             2             968           970             3   95
533   534        C           965             5             969           974             4  Gas
534   535        C           966             7             974           981             8  Gas
535   536        B           969             1             969           970             0   90
536   537        B           970             3             970           973             0   95
537   538        A           971             2             973           975             2   95
538   539        C           971             3             971           974             0   90
539   540        C           972             3             981           984             9  Gas
540   541        B           972             2             974           976             2   90
541   542        C           972             7             984           991            12  Gas
542   543        B           972             3             975           978             3   95
543   544        B           975             2             978           980             3   95
544   545        C           976             5             991           996            15  Gas
545   546        B           976             2             980           982             4   95
546   547        C           979             7             996          1003            17  Gas
547   548        B           982             3             982           985             0   95
548   549        B           984             3             984           987             0   90
549   550        B           987             3             987           990             0   95
550   551        B           990             3             990           993             0   90
551   552        B           990             3             990           993             0   95
552   553        B           993             3             993           996             0   95
553   554        A           996             2             996           998             0   95
554   555        B           999             3             999          1002             0   95
555   556        C          1000             3            1000          1003             0   90
556   557        C          1001             3            1003          1006             2   90
557   558        A          1003             2            1003          1005             0   95
558   559        C          1003             7            1003          1010             0  Gas
559   560        C          1005             5            1010          1015             5  Gas
560   561        A          1008             1            1008          1009             0   95
561   562        C          1010             3            1010          1013             0   90
562   563        B          1010             3            1010          1013             0   95
563   564        B          1012             3            1013          1016             1   90
564   565        B          1015             3            1016          1019             1   90
565   566        A          1017             2            1017          1019             0   95
566   567        B          1019             2            1019          1021             0   90
567   568        C          1021             5            1021          1026             0  Gas
568   569        B          1024             2            1024          1026             0   95
569   570        C          1024             3            1024          1027             0   90
570   571        A          1027             2            1027          1029             0   95
571   572        B          1028             3            1029          1032             1   95
572   573        C          1031             5            1031          1036             0  Gas
573   574        B          1032             2            1032          1034             0   95
574   575        C          1033             7            1036          1043             3  Gas
575   576        C          1036             7            1043          1050             7  Gas
576   577        C          1038             7            1050          1057            12  Gas
577   578        C          1041             5            1041          1046             0   90
578   579        B          1041             2            1041          1043             0   95
579   580        B          1042             3            1046          1049             4   90
580   581        B          1042             3            1043          1046             1   95
581   582        C          1043             5            1057          1062            14  Gas
582   583        C          1046             5            1062          1067            16  Gas
583   584        C          1049             5            1049          1054             0   90
584   585        C          1049             3            1067          1070            18  Gas
585   586        A          1050             2            1050          1052             0   95
586   587        A          1050             1            1052          1053             2   95
587   588        C          1053             7            1070          1077            17  Gas
588   589        C          1055             5            1055          1060             0   90
589   590        A          1057             3            1057          1060             0   95
590   591        A          1058             3            1060          1063             2   95
591   592        C          1060             7            1077          1084            17  Gas
592   593        C          1063             5            1084          1089            21  Gas
593   594        B          1065             3            1065          1068             0   95
594   595        B          1068             2            1068          1070             0   95
595   596        A          1068             1            1070          1071             2   95
596   597        C          1069             7            1089          1096            20  Gas
597   598        C          1069             7            1096          1103            27  Gas
598   599        C          1070             5            1070          1075             0   90
599   600        A          1070             1            1071          1072             1   95
600   601        C          1073             5            1103          1108            30  Gas
601   602        B          1074             1            1075          1076             1   90
602   603        A          1076             1            1076          1077             0   95
603   604        C          1076             5            1076          1081             0   90
604   605        B          1077             2            1077          1079             0   95
605   606        C          1078             5            1081          1086             3   90
606   607        C          1080             5            1086          1091             6   90
607   608        B          1083             2            1083          1085             0   95
608   609        A          1086             3            1086          1089             0   95
609   610        B          1088             1            1091          1092             3   90
610   611        B          1091             3            1092          1095             1   90
611   612        B          1092             2            1092          1094             0   95
612   613        A          1092             1            1094          1095             2   95
613   614        C          1092             3            1108          1111            16  Gas
614   615        B          1095             3            1095          1098             0   95
615   616        C          1098             7            1111          1118            13  Gas
616   617        B          1098             2            1098          1100             0   90
617   618        A          1098             2            1098          1100             0   95
618   619        B          1101             1            1101          1102             0   95
619   620        B          1104             1            1104          1105             0   95
620   621        B          1105             1            1105          1106             0   95
621   622        C          1108             7            1108          1115             0   90
622   623        C          1111             3            1115          1118             4   90
623   624        C          1114             7            1118          1125             4   90
624   625        C          1117             7            1118          1125             1  Gas
625   626        B          1120             1            1120          1121             0   95
626   627        B          1120             2            1125          1127             5   90
627   628        C          1120             3            1125          1128             5  Gas
628   629        C          1121             5            1127          1132             6   90
629   630        C          1124             5            1128          1133             4  Gas
630   631        A          1124             1            1124          1125             0   95
631   632        B          1125             3            1125          1128             0   95
632   633        B          1125             1            1132          1133             7   90
633   634        A          1126             2            1128          1130             2   95
634   635        C          1129             5            1133          1138             4   90
635   636        C          1132             5            1138          1143             6   90
636   637        B          1132             2            1132          1134             0   95
637   638        A          1135             2            1135          1137             0   95
638   639        B          1136             1            1143          1144             7   90
639   640        C          1137             3            1144          1147             7   90
640   641        B          1140             3            1140          1143             0   95
641   642        C          1143             3            1147          1150             4   90
642   643        C          1146             5            1150          1155             4   90
643   644        A          1147             2            1147          1149             0   95
644   645        C          1147             5            1147          1152             0  Gas
645   646        C          1149             5            1152          1157             3  Gas
646   647        A          1152             3            1152          1155             0   95
647   648        B          1152             2            1155          1157             3   95
648   649        B          1155             3            1157          1160             2   95
649   650        B          1158             3            1160          1163             2   95
650   651        C          1160             3            1160          1163             0  Gas
651   652        B          1161             1            1161          1162             0   90
652   653        C          1163             7            1163          1170             0   90
653   654        B          1166             1            1166          1167             0   95
654   655        C          1167             7            1167          1174             0  Gas
655   656        C          1170             3            1174          1177             4  Gas
656   657        A          1171             2            1171          1173             0   95
657   658        C          1173             3            1177          1180             4  Gas
658   659        C          1173             5            1173          1178             0   90
659   660        B          1174             3            1178          1181             4   90
660   661        B          1177             2            1177          1179             0   95
661   662        C          1178             5            1181          1186             3   90
662   663        A          1178             1            1179          1180             1   95
663   664        C          1181             5            1186          1191             5   90
664   665        C          1184             3            1191          1194             7   90
665   666        C          1184             7            1184          1191             0  Gas
666   667        B          1185             2            1194          1196             9   90
667   668        C          1188             5            1191          1196             3  Gas
668   669        C          1190             7            1196          1203             6   90
669   670        A          1193             1            1193          1194             0   95
670   671        C          1193             7            1196          1203             3  Gas
671   672        B          1193             3            1203          1206            10   90
672   673        B          1196             3            1196          1199             0   95
673   674        B          1199             1            1206          1207             7   90
674   675        B          1201             3            1201          1204             0   95
675   676        B          1203             3            1204          1207             1   95
676   677        A          1206             2            1207          1209             1   95
677   678        C          1206             5            1206          1211             0  Gas
678   679        C          1209             5            1209          1214             0   90
679   680        C          1210             5            1214          1219             4   90
680   681        C          1210             5            1219          1224             9   90
681   682        B          1212             3            1224          1227            12   90
682   683        B          1213             3            1227          1230            14   90
683   684        A          1213             2            1213          1215             0   95
684   685        A          1215             1            1215          1216             0   95
685   686        C          1216             5            1230          1235            14   90
686   687        B          1219             2            1235          1237            16   90
687   688        C          1221             3            1221          1224             0  Gas
688   689        B          1223             3            1237          1240            14   90
689   690        A          1226             3            1226          1229             0   95
690   691        C          1228             7            1228          1235             0  Gas
691   692        C          1230             5            1240          1245            10   90
692   693        B          1233             3            1233          1236             0   95
693   694        A          1235             3            1236          1239             1   95
694   695        A          1236             2            1239          1241             3   95
695   696        A          1239             2            1241          1243             2   95
696   697        B          1242             2            1243          1245             1   95
697   698        B          1245             1            1245          1246             0   90
698   699        B          1247             2            1247          1249             0   95
699   700        C          1250             3            1250          1253             0   90
700   701        C          1253             7            1253          1260             0  Gas
701   702        B          1253             3            1253          1256             0   95
702   703        C          1253             5            1253          1258             0   90
703   704        B          1255             1            1256          1257             1   95
704   705        C          1256             5            1260          1265             4  Gas
705   706        C          1257             7            1258          1265             1   90
706   707        C          1260             7            1265          1272             5  Gas
707   708        A          1262             3            1262          1265             0   95
708   709        C          1263             7            1272          1279             9  Gas
709   710        B          1265             3            1265          1268             0   90
710   711        A          1268             2            1268          1270             0   95
711   712        A          1271             1            1271          1272             0   95
712   713        C          1271             7            1279          1286             8  Gas
713   714        A          1272             1            1272          1273             0   95
714   715        A          1275             2            1275          1277             0   95
715   716        A          1276             1            1277          1278             1   95
716   717        C          1279             7            1286          1293             7  Gas
717   718        C          1282             7            1282          1289             0   90
718   719        B          1284             2            1284          1286             0   95
719   720        C          1285             7            1289          1296             4   90
720   721        C          1288             7            1293          1300             5  Gas
721   722        C          1291             7            1296          1303             5   90
722   723        C          1294             5            1300          1305             6  Gas
723   724        B          1295             2            1295          1297             0   95
724   725        C          1298             5            1305          1310             7  Gas
725   726        B          1299             3            1303          1306             4   90
726   727        C          1302             7            1306          1313             4   90
727   728        C          1305             7            1310          1317             5  Gas
728   729        C          1308             5            1317          1322             9  Gas
729   730        B          1310             3            1310          1313             0   95
730   731        C          1313             3            1322          1325             9  Gas
731   732        C          1316             7            1325          1332             9  Gas
732   733        B          1317             3            1317          1320             0   90
733   734        B          1320             3            1320          1323             0   90
734   735        C          1321             5            1332          1337            11  Gas
735   736        A          1324             3            1324          1327             0   95
736   737        B          1324             2            1327          1329             3   95
737   738        C          1324             7            1324          1331             0   90
738   739        B          1324             3            1329          1332             5   95
739   740        B          1327             3            1331          1334             4   90
740   741        B          1327             3            1332          1335             5   95
741   742        A          1327             3            1335          1338             8   95
742   743        A          1327             2            1338          1340            11   95
743   744        C          1330             3            1334          1337             4   90
744   745        B          1331             2            1340          1342             9   95
745   746        C          1331             7            1337          1344             6   90
746   747        C          1334             3            1337          1340             3  Gas
747   748        A          1337             1            1342          1343             5   95
748   749        B          1339             2            1343          1345             4   95
749   750        A          1339             2            1345          1347             6   95
750   751        A          1341             2            1347          1349             6   95
751   752        C          1344             5            1344          1349             0  Gas
752   753        B          1345             3            1349          1352             4   95
753   754        A          1347             3            1352          1355             5   95
754   755        C          1350             7            1350          1357             0   90
755   756        B          1350             3            1357          1360             7   90
756   757        B          1352             3            1360          1363             8   90
757   758        B          1353             3            1363          1366            10   90
758   759        A          1355             3            1355          1358             0   95
759   760        C          1357             5            1357          1362             0  Gas
760   761        C          1358             5            1366          1371             8   90
761   762        C          1358             3            1371          1374            13   90
762   763        C          1358             5            1362          1367             4  Gas
763   764        C          1361             7            1367          1374             6  Gas
764   765        C          1362             7            1374          1381            12  Gas
765   766        C          1365             7            1381          1388            16  Gas
766   767        C          1367             5            1388          1393            21  Gas
767   768        B          1369             3            1369          1372             0   95
768   769        C          1370             7            1393          1400            23  Gas
769   770        C          1371             5            1374          1379             3   90
770   771        C          1371             7            1379          1386             8   90
771   772        C          1374             5            1386          1391            12   90
772   773        C          1374             7            1400          1407            26  Gas
773   774        A          1377             2            1377          1379             0   95
774   775        B          1380             2            1380          1382             0   95
775   776        C          1380             7            1391          1398            11   90
776   777        C          1380             5            1407          1412            27  Gas
777   778        B          1382             1            1398          1399            16   90
778   779        C          1385             5            1412          1417            27  Gas
779   780        C          1386             7            1399          1406            13   90
780   781        A          1388             1            1388          1389             0   95
781   782        B          1390             3            1406          1409            16   90
782   783        C          1393             7            1417          1424            24  Gas
783   784        C          1395             5            1424          1429            29  Gas
784   785        C          1396             5            1409          1414            13   90
785   786        C          1399             5            1429          1434            30  Gas
786   787        C          1402             7            1414          1421            12   90
787   788        A          1405             2            1405          1407             0   95
788   789        C          1406             7            1421          1428            15   90
789   790        B          1408             1            1428          1429            20   90
790   791        A          1410             2            1410          1412             0   95
791   792        B          1413             1            1413          1414             0   95
792   793        C          1415             3            1429          1432            14   90
793   794        C          1416             7            1434          1441            18  Gas
794   795        C          1416             5            1432          1437            16   90
795   796        C          1418             5            1441          1446            23  Gas
796   797        B          1419             2            1437          1439            18   90
797   798        A          1419             3            1419          1422             0   95
798   799        C          1419             7            1439          1446            20   90
799   800        A          1422             3            1422          1425             0   95
800   801        B          1424             2            1425          1427             1   95
801   802        C          1424             3            1446          1449            22  Gas
802   803        C          1427             7            1446          1453            19   90
803   804        C          1429             3            1453          1456            24   90
804   805        B          1429             3            1429          1432             0   95
805   806        B          1429             2            1432          1434             3   95
806   807        C          1429             7            1449          1456            20  Gas
807   808        C          1432             7            1456          1463            24   90
808   809        A          1435             3            1435          1438             0   95
809   810        C          1435             3            1456          1459            21  Gas
810   811        B          1438             2            1463          1465            25   90
811   812        B          1440             2            1465          1467            25   90
812   813        C          1442             3            1459          1462            17  Gas
813   814        A          1445             3            1445          1448             0   95
814   815        B          1446             2            1467          1469            21   90
815   816        C          1449             5            1462          1467            13  Gas
816   817        B          1451             3            1469          1472            18   90
817   818        C          1454             3            1467          1470            13  Gas
818   819        C          1457             3            1470          1473            13  Gas
819   820        C          1458             7            1473          1480            15  Gas
820   821        C          1461             7            1480          1487            19  Gas
821   822        C          1461             5            1472          1477            11   90
822   823        C          1464             3            1477          1480            13   90
823   824        C          1466             5            1480          1485            14   90
824   825        B          1467             2            1485          1487            18   90
825   826        A          1470             2            1470          1472             0   95
826   827        C          1470             3            1487          1490            17  Gas
827   828        A          1472             1            1472          1473             0   95
828   829        B          1475             3            1475          1478             0   95
829   830        A          1478             2            1478          1480             0   95
830   831        A          1481             1            1481          1482             0   95
831   832        C          1483             3            1490          1493             7  Gas
832   833        B          1484             1            1487          1488             3   90
833   834        C          1486             3            1488          1491             2   90
834   835        C          1489             3            1493          1496             4  Gas
835   836        C          1489             5            1491          1496             2   90
836   837        C          1490             3            1496          1499             6   90
837   838        B          1491             3            1499          1502             8   90
838   839        C          1492             7            1502          1509            10   90
839   840        C          1493             7            1496          1503             3  Gas
840   841        C          1495             3            1503          1506             8  Gas
841   842        C          1496             7            1506          1513            10  Gas
842   843        C          1499             7            1509          1516            10   90
843   844        B          1501             1            1501          1502             0   95
844   845        B          1504             3            1516          1519            12   90
845   846        C          1507             3            1513          1516             6  Gas
846   847        C          1510             3            1516          1519             6  Gas
847   848        A          1511             1            1511          1512             0   95
848   849        B          1514             2            1514          1516             0   95
849   850        B          1517             2            1517          1519             0   95
850   851        C          1517             7            1519          1526             2  Gas
851   852        B          1517             2            1519          1521             2   90
852   853        B          1520             3            1520          1523             0   95
853   854        A          1522             3            1523          1526             1   95
854   855        C          1525             7            1526          1533             1  Gas
855   856        B          1527             3            1527          1530             0   95
856   857        C          1529             5            1533          1538             4  Gas
857   858        C          1529             3            1538          1541             9  Gas
858   859        A          1532             2            1532          1534             0   95
859   860        C          1534             3            1541          1544             7  Gas
860   861        B          1536             3            1536          1539             0   95
861   862        A          1539             3            1539          1542             0   95
862   863        C          1540             5            1544          1549             4  Gas
863   864        C          1542             7            1542          1549             0   90
864   865        A          1544             3            1544          1547             0   95
865   866        B          1544             1            1547          1548             3   95
866   867        B          1544             1            1549          1550             5   90
867   868        A          1544             3            1548          1551             4   95
868   869        C          1546             7            1549          1556             3  Gas
869   870        B          1549             1            1550          1551             1   90
870   871        A          1549             2            1551          1553             2   95
871   872        C          1552             7            1556          1563             4  Gas
872   873        C          1555             5            1555          1560             0   90
873   874        B          1556             3            1556          1559             0   95
874   875        A          1558             2            1559          1561             1   95
875   876        C          1558             5            1563          1568             5  Gas
876   877        C          1560             7            1568          1575             8  Gas
877   878        B          1562             3            1562          1565             0   95
878   879        C          1565             7            1575          1582            10  Gas
879   880        C          1566             5            1582          1587            16  Gas
880   881        C          1567             5            1567          1572             0   90
881   882        A          1570             1            1570          1571             0   95
882   883        C          1571             7            1572          1579             1   90
883   884        C          1571             7            1587          1594            16  Gas
884   885        C          1574             7            1594          1601            20  Gas
885   886        B          1576             3            1579          1582             3   90
886   887        A          1578             2            1578          1580             0   95
887   888        C          1580             5            1601          1606            21  Gas
888   889        B          1582             3            1582          1585             0   90
889   890        B          1584             2            1585          1587             1   90
890   891        C          1587             5            1606          1611            19  Gas
891   892        A          1590             3            1590          1593             0   95
892   893        B          1590             3            1593          1596             3   95
893   894        A          1591             2            1596          1598             5   95
894   895        C          1593             5            1611          1616            18  Gas
895   896        C          1595             5            1595          1600             0   90
896   897        B          1597             3            1598          1601             1   95
897   898        B          1600             3            1601          1604             1   95
898   899        C          1600             7            1616          1623            16  Gas
899   900        B          1602             3            1604          1607             2   95
900   901        C          1605             5            1605          1610             0   90
901   902        B          1608             3            1608          1611             0   95
902   903        C          1610             5            1623          1628            13  Gas
903   904        C          1611             7            1611          1618             0   90
904   905        C          1614             5            1618          1623             4   90
905   906        A          1615             3            1615          1618             0   95
906   907        B          1615             3            1618          1621             3   95
907   908        B          1616             3            1621          1624             5   95
908   909        A          1618             2            1624          1626             6   95
909   910        C          1621             7            1623          1630             2   90
910   911        A          1623             3            1626          1629             3   95
911   912        B          1624             3            1629          1632             5   95
912   913        B          1627             2            1632          1634             5   95
913   914        B          1630             1            1634          1635             4   95
914   915        C          1631             5            1631          1636             0  Gas
915   916        C          1632             5            1632          1637             0   90
916   917        A          1634             3            1635          1638             1   95
917   918        C          1634             5            1636          1641             2  Gas
918   919        C          1637             3            1641          1644             4  Gas
919   920        C          1640             5            1644          1649             4  Gas
920   921        B          1641             2            1641          1643             0   90
921   922        C          1641             5            1649          1654             8  Gas
922   923        C          1642             7            1654          1661            12  Gas
923   924        A          1643             1            1643          1644             0   95
924   925        B          1644             3            1644          1647             0   95
925   926        A          1647             1            1647          1648             0   95
926   927        C          1650             5            1661          1666            11  Gas
927   928        C          1653             5            1666          1671            13  Gas
928   929        A          1654             3            1654          1657             0   95
929   930        B          1657             1            1657          1658             0   90
930   931        C          1660             5            1671          1676            11  Gas
931   932        A          1663             3            1663          1666             0   95
932   933        B          1666             3            1666          1669             0   95
933   934        C          1669             5            1676          1681             7  Gas
934   935        C          1670             5            1681          1686            11  Gas
935   936        B          1671             2            1671          1673             0   95
936   937        A          1674             3            1674          1677             0   95
937   938        C          1674             3            1686          1689            12  Gas
938   939        B          1674             3            1677          1680             3   95
939   940        B          1675             3            1675          1678             0   90
940   941        A          1678             3            1680          1683             2   95
941   942        A          1679             2            1683          1685             4   95
942   943        B          1681             2            1685          1687             4   95
943   944        B          1683             3            1687          1690             4   95
944   945        B          1685             1            1690          1691             5   95
945   946        C          1685             5            1689          1694             4  Gas
946   947        B          1688             2            1691          1693             3   95
947   948        C          1691             7            1694          1701             3  Gas
948   949        B          1694             3            1694          1697             0   95
949   950        B          1694             3            1694          1697             0   90
950   951        C          1697             3            1697          1700             0   90
951   952        A          1698             1            1698          1699             0   95
952   953        C          1701             5            1701          1706             0  Gas
953   954        B          1701             3            1701          1704             0   90
954   955        B          1702             3            1702          1705             0   95
955   956        B          1704             3            1705          1708             1   95
956   957        A          1704             3            1708          1711             4   95
957   958        C          1706             5            1706          1711             0   90
958   959        C          1709             7            1709          1716             0  Gas
959   960        A          1712             1            1712          1713             0   95
960   961        C          1712             3            1716          1719             4  Gas
961   962        B          1713             1            1713          1714             0   95
962   963        B          1716             3            1716          1719             0   95
963   964        A          1718             3            1719          1722             1   95
964   965        B          1718             2            1718          1720             0   90
965   966        C          1721             5            1721          1726             0   90
966   967        A          1722             3            1722          1725             0   95
967   968        B          1725             3            1726          1729             1   90
968   969        C          1726             5            1729          1734             3   90
969   970        B          1729             2            1729          1731             0   95
970   971        C          1731             5            1734          1739             3   90
971   972        C          1731             7            1731          1738             0  Gas
972   973        B          1733             1            1739          1740             6   90
973   974        C          1735             7            1740          1747             5   90
974   975        B          1738             2            1738          1740             0   95
975   976        A          1740             1            1740          1741             0   95
976   977        A          1743             2            1743          1745             0   95
977   978        C          1745             3            1745          1748             0  Gas
978   979        B          1747             1            1747          1748             0   95
979   980        B          1747             3            1747          1750             0   90
980   981        C          1750             3            1750          1753             0   90
981   982        C          1753             5            1753          1758             0  Gas
982   983        C          1755             7            1755          1762             0   90
983   984        C          1757             7            1762          1769             5   90
984   985        C          1757             5            1769          1774            12   90
985   986        A          1760             3            1760          1763             0   95
986   987        C          1763             7            1763          1770             0  Gas
987   988        B          1766             3            1766          1769             0   95
988   989        C          1768             7            1770          1777             2  Gas
989   990        A          1771             3            1771          1774             0   95
990   991        C          1774             3            1774          1777             0   90
991   992        C          1777             5            1777          1782             0   90
992   993        C          1780             7            1780          1787             0  Gas
993   994        C          1783             5            1783          1788             0   90
994   995        B          1786             2            1786          1788             0   95
995   996        C          1786             5            1787          1792             1  Gas
996   997        C          1788             7            1788          1795             0   90
997   998        A          1790             1            1790          1791             0   95
998   999        C          1793             7            1793          1800             0  Gas
999  1000        C          1794             5            1800          1805             6  Gas