      Car Category  Arrival Time  Service Time  Service Begins  Service Ends  Waiting Time Pump
0       1        B             2             3               2             5             0   90
1       2        C             5             7               5            12             0  Gas
2       3        B             6             2               6             8             0   90
3       4        C             7             7              12            19             5  Gas
4       5        C             9             5              19            24            10  Gas
5       6        A            11             1              11            12             0   95
6       7        A            14             1              14            15             0   95
7       8        C            17             7              24            31             7  Gas
8       9        A            19             1              19            20             0   95
9      10        A            20             2              20            22             0   95
10     11        C            21             5              31            36            10  Gas
11     12        A            23             2              23            25             0   95
12     13        B            26             3              26            29             0   90
13     14        B            29             3              29            32             0   90
14     15        C            32             7              36            43             4  Gas
15     16        C            34             3              43            46             9  Gas
16     17        A            37             2              37            39             0   95
17     18        C            40             5              46            51             6  Gas
18     19        C            43             5              51            56             8  Gas
19     20        B            44             3              44            47             0   95
20     21        A            45             3              47            50             2   95
21     22        C            47             7              56            63             9  Gas
22     23        C            47             3              63            66            16  Gas
23     24        B            48             3              50            53             2   95
24     25        B            51             3              53            56             2   95
25     26        B            54             1              56            57             2   95
26     27        B            57             3              57            60             0   90
27     28        B            59             3              59            62             0   95
28     29        B            61             3              62            65             1   95
29     30        B            64             1              65            66             1   95
30     31        B            65             2              66            68             1   95
31     32        B            68             3              68            71             0   95
32     33        C            68             5              68            73             0   90
33     34        C            70             7              70            77             0  Gas
34     35        B            73             3              73            76             0   90
35     36        B            76             1              76            77             0   95
36     37        B            76             3              76            79             0   90
37     38        B            78             3              79            82             1   90
38     39        C            81             5              81            86             0  Gas
39     40        C            81             3              82            85             1   90
40     41        C            83             5              85            90             2   90
41     42        C            84             3              90            93             6   90
42     43        B            87             3              93            96             6   90
43     44        B            90             1              90            91             0   95
44     45        B            90             3              96            99             6   90
45     46        A            93             2              93            95             0   95
46     47        A            93             2              95            97             2   95
47     48        B            93             3              99           102             6   90
48     49        A            96             3              97           100             1   95
49     50        C            96             5              96           101             0  Gas
50     51        B            98             2             100           102             2   95
51     52        B           101             3             102           105             1   90
52     53        C           103             3             105           108             2   90
53     54        B           105             3             105           108             0   95
54     55        C           106             5             106           111             0  Gas
55     56        C           109             5             111           116             2  Gas
56     57        B           112             3             112           115             0   95
57     58        B           114             2             115           117             1   95
58     59        B           115             1             117           118             2   95
59     60        C           117             5             117           122             0   90
60     61        B           119             1             119           120             0   95
61     62        C           119             7             122           129             3   90
62     63        C           122             3             122           125             0  Gas
63     64        B           125             1             129           130             4   90
64     65        B           127             3             127           130             0   95
65     66        C           128             5             130           135             2   90
66     67        B           128             3             130           133             2   95
67     68        C           129             5             135           140             6   90
68     69        B           129             1             140           141            11   90
69     70        C           132             3             132           135             0  Gas
70     71        A           135             3             135           138             0   95
71     72        A           135             2             138           140             3   95
72     73        B           138             3             140           143             2   95
73     74        C           138             7             138           145             0  Gas
74     75        B           140             2             141           143             1   90
75     76        B           143             3             143           146             0   90
76     77        C           146             5             146           151             0   90
77     78        C           148             3             148           151             0  Gas
78     79        C           149             5             151           156             2   90
79     80        C           150             7             156           163             6   90
80     81        C           151             5             163           168            12   90
81     82        A           154             2             154           156             0   95
82     83        B           157             2             157           159             0   95
83     84        A           157             3             159           162             2   95
84     85        C           158             7             158           165             0  Gas
85     86        A           159             3             162           165             3   95
86     87        C           160             5             165           170             5  Gas
87     88        A           162             3             165           168             3   95
88     89        C           163             3             168           171             5   90
89     90        B           166             2             171           173             5   90
90     91        B           168             2             168           170             0   95
91     92        A           170             1             170           171             0   95
92     93        C           171             5             171           176             0  Gas
93     94        B           173             3             173           176             0   90
94     95        C           175             3             176           179             1  Gas
95     96        C           176             5             176           181             0   90
96     97        C           177             5             179           184             2  Gas
97     98        C           178             5             184           189             6  Gas
98     99        B           181             1             181           182             0   95
99    100        B           184             3             184           187             0   95
100   101        A           186             3             187           190             1   95
101   102        A           188             2             190           192             2   95
102   103        C           190             5             190           195             0   90
103   104        A           193             3             193           196             0   95
104   105        A           194             2             196           198             2   95
105   106        A           197             1             198           199             1   95
106   107        C           197             5             197           202             0  Gas
107   108        C           199             7             199           206             0   90
108   109        C           202             3             202           205             0  Gas
109   110        B           203             2             203           205             0   95
110   111        C           205             7             205           212             0  Gas
111   112        B           206             3             206           209             0   90
112   113        B           209             3             209           212             0   90
113   114        A           209             2             209           211             0   95
114   115        A           212             3             212           215             0   95
115   116        B           215             1             215           216             0   95
116   117        B           216             2             216           218             0   90
117   118        B           219             2             219           221             0   95
118   119        C           222             7             222           229             0  Gas
119   120        B           225             2             225           227             0   90
120   121        C           226             3             229           232             3  Gas
121   122        C           229             7             232           239             3  Gas
122   123        C           230             5             239           244             9  Gas
123   124        C           233             5             244           249            11  Gas
124   125        B           236             3             236           239             0   95
125   126        B           239             3             239           242             0   95
126   127        B           242             3             242           245             0   95
127   128        C           243             3             243           246             0   90
128   129        C           244             5             249           254             5  Gas
129   130        C           247             3             247           250             0   90
130   131        A           249             2             249           251             0   95
131   132        C           252             5             254           259             2  Gas
132   133        B           254             3             254           257             0   95
133   134        A           254             3             257           260             3   95
134   135        C           256             7             256           263             0   90
135   136        C           258             5             259           264             1  Gas
136   137        A           261             3             261           264             0   95
137   138        C           261             7             263           270             2   90
138   139        B           264             3             264           267             0   95
139   140        B           267             3             267           270             0   95
140   141        C           269             5             270           275             1   90
141   142        C           270             7             270           277             0  Gas
142   143        C           272             5             277           282             5  Gas
143   144        A           272             2             272           274             0   95
144   145        C           275             7             282           289             7  Gas
145   146        C           278             3             289           292            11  Gas
146   147        B           279             3             279           282             0   90
147   148        B           279             3             279           282             0   95
148   149        B           279             1             282           283             3   90
149   150        C           282             5             283           288             1   90
150   151        C           282             5             292           297            10  Gas
151   152        C           284             7             288           295             4   90
152   153        C           284             5             297           302            13  Gas
153   154        A           285             3             285           288             0   95
154   155        C           286             7             302           309            16  Gas
155   156        B           289             1             295           296             6   90
156   157        B           289             3             289           292             0   95
157   158        B           292             2             296           298             4   90
158   159        A           292             3             292           295             0   95
159   160        A           293             3             295           298             2   95
160   161        A           296             3             298           301             2   95
161   162        B           297             1             301           302             4   95
162   163        C           298             5             309           314            11  Gas
163   164        A           299             3             302           305             3   95
164   165        B           301             3             305           308             4   95
165   166        C           301             5             314           319            13  Gas
166   167        C           303             5             319           324            16  Gas
167   168        C           305             7             305           312             0   90
168   169        C           306             3             324           327            18  Gas
169   170        A           308             3             308           311             0   95
170   171        C           311             5             312           317             1   90
171   172        B           313             2             313           315             0   95
172   173        C           313             3             317           320             4   90
173   174        A           314             1             315           316             1   95
174   175        C           317             5             327           332            10  Gas
175   176        A           319             3             319           322             0   95
176   177        A           322             3             322           325             0   95
177   178        A           325             3             325           328             0   95
178   179        C           326             7             332           339             6  Gas
179   180        C           327             7             327           334             0   90
180   181        C           328             5             339           344            11  Gas
181   182        B           331             3             331           334             0   95
182   183        A           331             2             334           336             3   95
183   184        B           334             2             336           338             2   95
184   185        B           335             1             338           339             3   95
185   186        B           336             3             336           339             0   90
186   187        B           338             2             339           341             1   95
187   188        B           341             2             341           343             0   95
188   189        A           342             3             343           346             1   95
189   190        B           345             3             345           348             0   90
190   191        C           346             5             346           351             0  Gas
191   192        A           349             2             349           351             0   95
192   193        B           349             3             351           354             2   95
193   194        C           351             5             351           356             0   90
194   195        A           353             1             354           355             1   95
195   196        A           354             3             355           358             1   95
196   197        A           357             3             358           361             1   95
197   198        C           357             5             357           362             0  Gas
198   199        C           357             5             362           367             5  Gas
199   200        A           360             3             361           364             1   95
200   201        B           361             3             364           367             3   95
201   202        B           361             2             367           369             6   95
202   203        C           364             5             364           369             0   90
203   204        C           366             5             367           372             1  Gas
204   205        C           366             5             372           377             6  Gas
205   206        C           367             5             369           374             2   90
206   207        A           367             3             369           372             2   95
207   208        C           370             5             374           379             4   90
208   209        B           373             3             379           382             6   90
209   210        C           374             3             377           380             3  Gas
210   211        C           376             5             380           385             4  Gas
211   212        C           376             3             385           388             9  Gas
212   213        C           379             7             388           395             9  Gas
213   214        A           379             2             379           381             0   95
214   215        A           382             3             382           385             0   95
215   216        B           385             2             385           387             0   90
216   217        A           385             1             385           386             0   95
217   218        B           386             3             386           389             0   95
218   219        C           388             5             395           400             7  Gas
219   220        B           391             3             391           394             0   95
220   221        C           392             3             392           395             0   90
221   222        A           395             3             395           398             0   95
222   223        C           397             3             400           403             3  Gas
223   224        A           399             3             399           402             0   95
224   225        B           400             3             400           403             0   90
225   226        C           402             3             403           406             1  Gas
226   227        A           403             1             403           404             0   95
227   228        A           406             3             406           409             0   95
228   229        C           406             5             406           411             0   90
229   230        A           409             3             409           412             0   95
230   231        C           411             5             411           416             0   90
231   232        B           413             3             413           416             0   95
232   233        C           416             5             416           421             0   90
233   234        B           418             3             418           421             0   95
234   235        B           420             3             421           424             1   95
235   236        B           423             1             424           425             1   95
236   237        B           426             1             426           427             0   95
237   238        A           429             2             429           431             0   95
238   239        C           431             7             431           438             0   90
239   240        C           432             3             438           441             6   90
240   241        A           435             1             435           436             0   95
241   242        A           437             1             437           438             0   95
242   243        C           440             7             440           447             0  Gas
243   244        B           442             3             442           445             0   95
244   245        A           442             2             445           447             3   95
245   246        C           443             5             447           452             4  Gas
246   247        B           445             2             447           449             2   95
247   248        B           447             2             449           451             2   95
248   249        C           449             5             452           457             3  Gas
249   250        C           452             7             457           464             5  Gas
250   251        B           453             3             453           456             0   95
251   252        B           456             1             456           457             0   95
252   253        C           457             5             464           469             7  Gas
253   254        A           459             3             459           462             0   95
254   255        B           461             1             462           463             1   95
255   256        B           464             3             464           467             0   95
256   257        C           464             5             469           474             5  Gas
257   258        A           467             3             467           470             0   95
258   259        C           470             3             474           477             4  Gas
259   260        C           472             3             472           475             0   90
260   261        C           472             5             475           480             3   90
261   262        B           473             3             473           476             0   95
262   263        C           476             5             477           482             1  Gas
263   264        C           479             5             482           487             3  Gas
264   265        C           480             5             487           492             7  Gas
265   266        C           483             5             492           497             9  Gas
266   267        A           486             3             486           489             0   95
267   268        C           489             5             497           502             8  Gas
268   269        C           491             3             502           505            11  Gas
269   270        B           491             3             491           494             0   95
270   271        B           492             1             492           493             0   90
271   272        C           495             3             495           498             0   90
272   273        B           497             1             498           499             1   90
273   274        C           499             7             505           512             6  Gas
274   275        A           500             3             500           503             0   95
275   276        B           501             3             501           504             0   90
276   277        C           504             3             512           515             8  Gas
277   278        C           507             5             515           520             8  Gas
278   279        B           508             2             508           510             0   95
279   280        C           511             5             520           525             9  Gas
280   281        C           513             3             525           528            12  Gas
281   282        A           516             3             516           519             0   95
282   283        C           517             7             528           535            11  Gas
283   284        A           519             2             519           521             0   95
284   285        C           522             7             535           542            13  Gas
285   286        C           524             5             542           547            18  Gas
286   287        C           527             5             527           532             0   90
287   288        A           530             1             530           531             0   95
288   289        A           532             1             532           533             0   95
289   290        C           532             3             547           550            15  Gas
290   291        C           535             7             535           542             0   90
291   292        B           538             3             538           541             0   95
292   293        A           540             3             541           544             1   95
293   294        C           541             5             550           555             9  Gas
294   295        B           542             2             544           546             2   95
295   296        C           543             3             555           558            12  Gas
296   297        B           543             1             546           547             3   95
297   298        C           543             3             558           561            15  Gas
298   299        B           544             3             547           550             3   95
299   300        B           545             2             550           552             5   95
300   301        A           547             3             552           555             5   95
301   302        C           549             5             549           554             0   90
302   303        A           551             3             555           558             4   95
303   304        C           553             7             561           568             8  Gas
304   305        C           555             5             555           560             0   90
305   306        B           556             2             560           562             4   90
306   307        A           558             3             558           561             0   95
307   308        B           560             3             561           564             1   95
308   309        C           562             5             568           573             6  Gas
309   310        B           563             1             563           564             0   90
310   311        B           565             3             565           568             0   90
311   312        C           567             3             573           576             6  Gas
312   313        A           568             3             568           571             0   95
313   314        A           569             3             571           574             2   95
314   315        C           572             5             576           581             4  Gas
315   316        B           574             1             574           575             0   90
316   317        B           576             3             576           579             0   95
317   318        C           579             5             581           586             2  Gas
318   319        A           581             3             581           584             0   95
319   320        C           583             5             583           588             0   90
320   321        B           583             1             588           589             5   90
321   322        A           584             3             584           587             0   95
322   323        C           585             5             586           591             1  Gas
323   324        B           587             3             589           592             2   90
324   325        B           588             3             592           595             4   90
325   326        C           590             5             591           596             1  Gas
326   327        C           593             5             595           600             2   90
327   328        C           595             5             600           605             5   90
328   329        C           598             3             598           601             0  Gas
329   330        B           598             3             605           608             7   90
330   331        B           600             2             608           610             8   90
331   332        C           601             3             601           604             0  Gas
332   333        C           604             3             610           613             6   90
333   334        C           607             3             607           610             0  Gas
334   335        C           610             5             613           618             3   90
335   336        B           613             3             618           621             5   90
336   337        C           615             5             621           626             6   90
337   338        A           617             2             617           619             0   95
338   339        C           619             5             619           624             0  Gas
339   340        C           621             7             624           631             3  Gas
340   341        C           621             5             626           631             5   90
341   342        C           623             3             631           634             8   90
342   343        B           624             3             624           627             0   95
343   344        A           626             3             627           630             1   95
344   345        C           629             5             634           639             5   90
345   346        C           630             5             631           636             1  Gas
346   347        A           633             2             633           635             0   95
347   348        B           636             2             639           641             3   90
348   349        C           637             7             637           644             0  Gas
349   350        B           639             1             639           640             0   95
350   351        B           642             1             642           643             0   95
351   352        B           643             3             643           646             0   90
352   353        A           646             2             646           648             0   95
353   354        C           649             7             649           656             0   90
354   355        C           650             7             650           657             0  Gas
355   356        A           653             3             653           656             0   95
356   357        B           656             2             656           658             0   95
357   358        C           658             5             658           663             0   90
358   359        C           661             3             661           664             0  Gas
359   360        C           664             3             664           667             0  Gas
360   361        B           665             3             665           668             0   95
361   362        C           667             3             667           670             0   90
362   363        C           667             7             667           674             0  Gas
363   364        A           670             3             670           673             0   95
364   365        B           672             3             672           675             0   90
365   366        A           672             2             673           675             1   95
366   367        C           675             3             675           678             0  Gas
367   368        A           676             3             676           679             0   95
368   369        B           677             3             677           680             0   90
369   370        A           680             3             680           683             0   95
370   371        C           681             5             681           686             0  Gas
371   372        B           684             2             684           686             0   95
372   373        C           686             5             686           691             0   90
373   374        B           686             3             686           689             0   95
374   375        C           689             3             691           694             2   90
375   376        A           692             3             692           695             0   95
376   377        B           694             3             694           697             0   90
377   378        C           695             3             695           698             0  Gas
378   379        B           696             2             696           698             0   95
379   380        A           696             3             698           701             2   95
380   381        B           699             1             699           700             0   90
381   382        B           702             2             702           704             0   95
382   383        B           704             1             704           705             0   95
383   384        C           706             3             706           709             0   90
384   385        C           709             5             709           714             0   90
385   386        B           711             3             711           714             0   95
386   387        C           714             5             714           719             0   90
387   388        C           717             5             719           724             2   90
388   389        B           720             2             724           726             4   90
389   390        A           722             3             722           725             0   95
390   391        C           725             5             726           731             1   90
391   392        A           725             2             725           727             0   95
392   393        A           726             3             727           730             1   95
393   394        C           729             7             731           738             2   90
394   395        C           730             5             730           735             0  Gas
395   396        B           733             3             733           736             0   95
396   397        C           736             7             736           743             0  Gas
397   398        C           737             7             738           745             1   90
398   399        A           737             3             737           740             0   95
399   400        C           740             7             745           752             5   90
400   401        B           740             3             740           743             0   95
401   402        C           742             7             743           750             1  Gas
402   403        A           745             3             745           748             0   95
403   404        C           748             5             750           755             2  Gas
404   405        C           751             7             752           759             1   90
405   406        B           752             2             752           754             0   95
406   407        B           753             2             754           756             1   95
407   408        A           753             2             756           758             3   95
408   409        B           754             2             758           760             4   95
409   410        C           757             5             759           764             2   90
410   411        B           757             2             760           762             3   95
411   412        C           758             7             764           771             6   90
412   413        A           759             2             762           764             3   95
413   414        C           761             5             761           766             0  Gas
414   415        B           764             2             764           766             0   95
415   416        C           767             5             767           772             0  Gas
416   417        C           768             7             772           779             4  Gas
417   418        B           771             1             771           772             0   90
418   419        B           774             3             774           777             0   95
419   420        C           777             7             779           786             2  Gas
420   421        C           777             7             777           784             0   90
421   422        B           777             3             777           780             0   95
422   423        C           780             7             786           793             6  Gas
423   424        B           780             3             784           787             4   90
424   425        C           781             5             793           798            12  Gas
425   426        C           783             5             798           803            15  Gas
426   427        B           786             3             786           789             0   95
427   428        B           788             3             789           792             1   95
428   429        C           789             3             803           806            14  Gas
429   430        A           789             2             792           794             3   95
430   431        B           790             1             790           791             0   90
431   432        A           792             3             794           797             2   95
432   433        C           793             5             793           798             0   90
433   434        C           795             5             806           811            11  Gas
434   435        C           797             7             811           818            14  Gas
435   436        B           797             2             797           799             0   95
436   437        C           800             7             800           807             0   90
437   438        C           800             5             807           812             7   90
438   439        C           801             3             818           821            17  Gas
439   440        C           802             5             821           826            19  Gas
440   441        C           804             3             812           815             8   90
441   442        C           805             5             815           820            10   90
442   443        C           808             3             826           829            18  Gas
443   444        B           810             3             810           813             0   95
444   445        C           812             5             820           825             8   90
445   446        C           812             5             829           834            17  Gas
446   447        A           812             2             813           815             1   95
447   448        B           812             2             815           817             3   95
448   449        B           815             2             825           827            10   90
449   450        A           817             3             817           820             0   95
450   451        C           818             5             834           839            16  Gas
451   452        C           819             5             839           844            20  Gas
452   453        C           820             5             844           849            24  Gas
453   454        C           823             7             849           856            26  Gas
454   455        C           824             5             856           861            32  Gas
455   456        C           827             3             861           864            34  Gas
456   457        B           827             3             827           830             0   95
457   458        C           828             7             828           835             0   90
458   459        B           830             3             830           833             0   95
459   460        A           831             2             833           835             2   95
460   461        A           833             3             835           838             2   95
461   462        C           833             5             835           840             2   90
462   463        B           835             3             838           841             3   95
463   464        C           836             5             840           845             4   90
464   465        A           837             1             841           842             4   95
465   466        B           837             3             845           848             8   90
466   467        C           840             5             848           853             8   90
467   468        A           841             3             842           845             1   95
468   469        B           844             1             845           846             1   95
469   470        B           847             3             847           850             0   95
470   471        C           848             5             853           858             5   90
471   472        C           851             5             858           863             7   90
472   473        B           851             1             863           864            12   90
473   474        C           854             3             864           867            10  Gas
474   475        A           856             3             856           859             0   95
475   476        B           856             3             859           862             3   95
476   477        C           857             3             864           867             7   90
477   478        B           857             3             867           870            10   90
478   479        B           859             3             870           873            11   90
479   480        B           861             1             873           874            12   90
480   481        B           864             2             864           866             0   95
481   482        B           864             3             866           869             2   95
482   483        C           867             5             867           872             0  Gas
483   484        C           869             3             872           875             3  Gas
484   485        B           872             3             874           877             2   90
485   486        B           874             2             874           876             0   95
486   487        B           875             2             876           878             1   95
487   488        B           877             2             877           879             0   90
488   489        C           877             3             877           880             0  Gas
489   490        A           877             3             878           881             1   95
490   491        C           878             5             879           884             1   90
491   492        A           881             2             881           883             0   95
492   493        C           884             5             884           889             0  Gas
493   494        C           885             5             889           894             4  Gas
494   495        C           888             3             894           897             6  Gas
495   496        C           889             5             897           902             8  Gas
496   497        B           889             3             889           892             0   95
497   498        B           892             3             892           895             0   95
498   499        B           895             3             895           898             0   95
499   500        B           895             2             898           900             3   95
500   501        C           897             5             902           907             5  Gas
501   502        A           899             1             900           901             1   95
502   503        B           901             3             901           904             0   95
503   504        C           903             7             903           910             0   90
504   505        C           906             5             907           912             1  Gas
505   506        B           909             2             909           911             0   95
506   507        C           909             5             912           917             3  Gas
507   508        C           911             5             917           922             6  Gas
508   509        C           911             5             922           927            11  Gas
509   510        B           914             2             914           916             0   95
510   511        C           916             5             916           921             0   90
511   512        A           917             3             917           920             0   95
512   513        B           920             3             920           923             0   95
513   514        B           920             1             921           922             1   90
514   515        C           923             5             923           928             0   90
515   516        B           925             1             925           926             0   95
516   517        B           927             2             927           929             0   95
517   518        C           927             7             928           935             1   90
518   519        C           930             7             935           942             5   90
519   520        B           930             2             930           932             0   95
520   521        B           932             3             942           945            10   90
521   522        C           935             7             935           942             0  Gas
522   523        A           937             3             937           940             0   95
523   524        C           938             3             945           948             7   90
524   525        B           939             3             940           943             1   95
525   526        C           941             5             942           947             1  Gas
526   527        A           943             3             943           946             0   95
527   528        B           943             3             946           949             3   95
528   529        A           943             3             949           952             6   95
529   530        A           944             3             952           955             8   95
530   531        C           947             5             947           952             0  Gas
531   532        A           947             3             955           958             8   95
532   533        C           950             5             950           955             0   90
533   534        C           953             7             953           960             0  Gas
534   535        C           955             7             960           967             5  Gas
535   536        C           958             5             967           972             9  Gas
536   537        C           959             3             959           962             0   90
537   538        A           962             2             962           964             0   95
538   539        B           964             2             964           966             0   90
539   540        A           967             3             967           970             0   95
540   541        C           969             3             969           972             0   90
541   542        C           971             7             972           979             1  Gas
542   543        C           973             5             979           984             6  Gas
543   544        B           973             2             973           975             0   95
544   545        C           976             5             976           981             0   90
545   546        B           977             2             977           979             0   95
546   547        C           977             7             981           988             4   90
547   548        B           977             3             979           982             2   95
548   549        C           979             7             984           991             5  Gas
549   550        B           981             2             982           984             1   95
550   551        B           984             3             984           987             0   95
551   552        B           985             2             988           990             3   90
552   553        A           985             2             987           989             2   95
553   554        B           987             1             990           991             3   90
554   555        C           988             7             991           998             3  Gas
555   556        C           989             5             998          1003             9  Gas
556   557        C           991             7             991           998             0   90
557   558        B           993             2             993           995             0   95
558   559        B           995             1             995           996             0   95
559   560        B           995             2             996           998             1   95
560   561        B           995             2             998          1000             3   90
561   562        C           997             5            1000          1005             3   90
562   563        A           998             2             998          1000             0   95
563   564        C          1001             5            1005          1010             4   90
564   565        C          1004             3            1004          1007             0  Gas
565   566        B          1007             2            1010          1012             3   90
566   567        C          1010             5            1012          1017             2   90
567   568        B          1013             3            1013          1016             0   95
568   569        C          1013             5            1013          1018             0  Gas
569   570        C          1016             3            1018          1021             2  Gas
570   571        C          1017             7            1021          1028             4  Gas
571   572        C          1017             5            1028          1033            11  Gas
572   573        C          1019             7            1033          1040            14  Gas
573   574        C          1021             7            1040          1047            19  Gas
574   575        C          1021             5            1047          1052            26  Gas
575   576        B          1024             3            1024          1027             0   95
576   577        C          1027             5            1027          1032             0   90
577   578        B          1028             3            1032          1035             4   90
578   579        A          1030             2            1030          1032             0   95
579   580        B          1030             3            1032          1035             2   95
580   581        A          1030             3            1035          1038             5   95
581   582        B          1031             2            1035          1037             4   90
582   583        B          1034             2            1038          1040             4   95
583   584        A          1035             2            1040          1042             5   95
584   585        C          1036             5            1052          1057            16  Gas
585   586        C          1039             5            1057          1062            18  Gas
586   587        C          1042             5            1062          1067            20  Gas
587   588        C          1045             5            1067          1072            22  Gas
588   589        C          1045             7            1045          1052             0   90
589   590        C          1046             3            1072          1075            26  Gas
590   591        A          1047             3            1047          1050             0   95
591   592        B          1049             2            1050          1052             1   95
592   593        B          1052             3            1052          1055             0   95
593   594        B          1055             3            1055          1058             0   90
594   595        A          1056             1            1056          1057             0   95
595   596        C          1058             5            1075          1080            17  Gas
596   597        B          1058             3            1058          1061             0   95
597   598        C          1058             7            1080          1087            22  Gas
598   599        C          1061             7            1061          1068             0   90
599   600        A          1062             1            1062          1063             0   95
600   601        C          1063             5            1068          1073             5   90
601   602        C          1066             7            1073          1080             7   90
602   603        C          1069             5            1087          1092            18  Gas
603   604        B          1072             3            1080          1083             8   90
604   605        C          1075             5            1092          1097            17  Gas
605   606        B          1078             3            1078          1081             0   95
606   607        C          1081             7            1097          1104            16  Gas
607   608        B          1082             1            1082          1083             0   95
608   609        A          1085             3            1085          1088             0   95
609   610        A          1088             3            1088          1091             0   95
610   611        C          1091             3            1104          1107            13  Gas
611   612        A          1094             2            1094          1096             0   95
612   613        B          1094             1            1096          1097             2   95
613   614        C          1097             7            1107          1114            10  Gas
614   615        B          1099             1            1099          1100             0   95
615   616        B          1100             1            1100          1101             0   90
616   617        B          1103             3            1103          1106             0   90
617   618        C          1104             5            1106          1111             2   90
618   619        A          1105             3            1105          1108             0   95
619   620        C          1107             7            1114          1121             7  Gas
620   621        C          1109             3            1121          1124            12  Gas
621   622        B          1110             1            1111          1112             1   90
622   623        A          1112             3            1112          1115             0   95
623   624        C          1114             7            1114          1121             0   90
624   625        C          1117             5            1121          1126             4   90
625   626        A          1117             3            1117          1120             0   95
626   627        A          1119             1            1120          1121             1   95
627   628        C          1120             3            1126          1129             6   90
628   629        A          1120             1            1121          1122             1   95
629   630        C          1122             3            1129          1132             7   90
630   631        C          1122             5            1132          1137            10   90
631   632        A          1125             3            1125          1128             0   95
632   633        C          1125             7            1137          1144            12   90
633   634        C          1128             5            1128          1133             0  Gas
634   635        C          1131             5            1144          1149            13   90
635   636        C          1133             5            1133          1138             0  Gas
636   637        A          1133             3            1133          1136             0   95
637   638        A          1134             2            1136          1138             2   95
638   639        C          1137             7            1138          1145             1  Gas
639   640        B          1137             3            1138          1141             1   95
640   641        B          1137             3            1149          1152            12   90
641   642        C          1140             7            1145          1152             5  Gas
642   643        C          1142             5            1152          1157            10  Gas
643   644        C          1144             3            1152          1155             8   90
644   645        C          1146             7            1155          1162             9   90
645   646        A          1148             1            1148          1149             0   95
646   647        B          1149             3            1162          1165            13   90
647   648        A          1152             3            1152          1155             0   95
648   649        B          1154             2            1165          1167            11   90
649   650        A          1156             3            1156          1159             0   95
650   651        B          1159             3            1167          1170             8   90
651   652        C          1162             5            1162          1167             0  Gas
652   653        C          1164             5            1167          1172             3  Gas
653   654        A          1167             3            1167          1170             0   95
654   655        B          1170             3            1170          1173             0   95
655   656        B          1170             2            1170          1172             0   90
656   657        C          1170             7            1172          1179             2   90
657   658        C          1172             5            1172          1177             0  Gas
658   659        C          1173             5            1179          1184             6   90
659   660        A          1175             1            1175          1176             0   95
660   661        A          1178             2            1178          1180             0   95
661   662        C          1181             3            1181          1184             0  Gas
662   663        A          1184             1            1184          1185             0   95
663   664        C          1186             5            1186          1191             0   90
664   665        A          1187             3            1187          1190             0   95
665   666        C          1189             7            1191          1198             2   90
666   667        C          1190             7            1198          1205             8   90
667   668        C          1192             5            1192          1197             0  Gas
668   669        A          1192             2            1192          1194             0   95
669   670        A          1195             3            1195          1198             0   95
670   671        C          1198             7            1205          1212             7   90
671   672        B          1200             3            1212          1215            12   90
672   673        C          1203             3            1203          1206             0  Gas
673   674        C          1203             5            1215          1220            12   90
674   675        A          1203             1            1203          1204             0   95
675   676        B          1204             3            1204          1207             0   95
676   677        B          1206             2            1220          1222            14   90
677   678        B          1209             3            1209          1212             0   95
678   679        C          1209             5            1209          1214             0  Gas
679   680        C          1212             7            1214          1221             2  Gas
680   681        A          1215             3            1215          1218             0   95
681   682        C          1217             5            1221          1226             4  Gas
682   683        B          1220             2            1222          1224             2   90
683   684        A          1221             3            1221          1224             0   95
684   685        C          1223             5            1226          1231             3  Gas
685   686        C          1225             5            1225          1230             0   90
686   687        C          1228             5            1230          1235             2   90
687   688        B          1231             1            1231          1232             0   95
688   689        A          1231             2            1232          1234             1   95
689   690        C          1233             5            1233          1238             0  Gas
690   691        A          1233             2            1234          1236             1   95
691   692        C          1235             7            1238          1245             3  Gas
692   693        B          1238             1            1238          1239             0   95
693   694        C          1240             5            1245          1250             5  Gas
694   695        B          1241             2            1241          1243             0   95
695   696        A          1244             3            1244          1247             0   95
696   697        B          1246             3            1246          1249             0   90
697   698        C          1249             7            1250          1257             1  Gas
698   699        C          1252             5            1257          1262             5  Gas
699   700        C          1255             7            1255          1262             0   90
700   701        A          1255             3            1255          1258             0   95
701   702        C          1256             5            1262          1267             6  Gas
702   703        B          1256             2            1258          1260             2   95
703   704        B          1259             2            1260          1262             1   95
704   705        B          1261             1            1262          1263             1   95
705   706        B          1264             3            1264          1267             0   90
706   707        C          1264             5            1267          1272             3  Gas
707   708        A          1266             3            1266          1269             0   95
708   709        B          1269             3            1269          1272             0   95
709   710        C          1272             5            1272          1277             0   90
710   711        C          1275             7            1275          1282             0  Gas
711   712        C          1278             7            1278          1285             0   90
712   713        B          1278             3            1285          1288             7   90
713   714        C          1279             3            1282          1285             3  Gas
714   715        B          1282             2            1282          1284             0   95
715   716        C          1283             7            1288          1295             5   90
716   717        B          1285             1            1285          1286             0   95
717   718        B          1288             3            1288          1291             0   95
718   719        C          1291             7            1295          1302             4   90
719   720        C          1293             5            1293          1298             0  Gas
720   721        B          1295             2            1295          1297             0   95
721   722        C          1296             7            1302          1309             6   90
722   723        C          1299             5            1299          1304             0  Gas
723   724        C          1300             3            1309          1312             9   90
724   725        B          1302             1            1302          1303             0   95
725   726        B          1304             1            1312          1313             8   90
726   727        B          1305             3            1313          1316             8   90
727   728        C          1308             7            1316          1323             8   90
728   729        B          1309             1            1323          1324            14   90
729   730        A          1312             2            1312          1314             0   95
730   731        C          1313             5            1313          1318             0  Gas
731   732        A          1313             1            1314          1315             1   95
732   733        C          1313             5            1324          1329            11   90
733   734        A          1313             3            1315          1318             2   95
734   735        C          1315             7            1318          1325             3  Gas
735   736        B          1318             2            1318          1320             0   95
736   737        A          1320             2            1320          1322             0   95
737   738        C          1323             5            1325          1330             2  Gas
738   739        B          1323             3            1323          1326             0   95
739   740        C          1323             5            1329          1334             6   90
740   741        C          1325             7            1334          1341             9   90
741   742        B          1327             2            1327          1329             0   95
742   743        A          1327             3            1329          1332             2   95
743   744        C          1328             7            1341          1348            13   90
744   745        C          1331             5            1348          1353            17   90
745   746        A          1334             3            1334          1337             0   95
746   747        B          1337             3            1337          1340             0   95
747   748        C          1337             3            1337          1340             0  Gas
748   749        B          1337             2            1353          1355            16   90
749   750        A          1339             2            1340          1342             1   95
750   751        B          1342             2            1342          1344             0   95
751   752        B          1342             2            1344          1346             2   95
752   753        B          1344             3            1346          1349             2   95
753   754        A          1346             2            1349          1351             3   95
754   755        B          1346             2            1351          1353             5   95
755   756        C          1349             7            1349          1356             0  Gas
756   757        B          1352             2            1353          1355             1   95
757   758        C          1355             7            1356          1363             1  Gas
758   759        C          1358             7            1358          1365             0   90
759   760        B          1361             1            1365          1366             4   90
760   761        C          1361             3            1366          1369             5   90
761   762        A          1364             3            1364          1367             0   95
762   763        A          1367             3            1367          1370             0   95
763   764        A          1369             1            1370          1371             1   95
764   765        C          1370             7            1370          1377             0  Gas
765   766        C          1373             3            1373          1376             0   90
766   767        C          1373             5            1377          1382             4  Gas
767   768        B          1375             3            1375          1378             0   95
768   769        B          1377             3            1377          1380             0   90
769   770        A          1380             1            1380          1381             0   95
770   771        C          1381             5            1381          1386             0   90
771   772        A          1382             3            1382          1385             0   95
772   773        B          1383             2            1386          1388             3   90
773   774        B          1383             1            1385          1386             2   95
774   775        B          1384             1            1386          1387             2   95
775   776        C          1385             5            1385          1390             0  Gas
776   777        A          1385             3            1387          1390             2   95
777   778        C          1387             7            1390          1397             3  Gas
778   779        B          1388             3            1390          1393             2   95
779   780        C          1389             7            1389          1396             0   90
780   781        C          1390             5            1397          1402             7  Gas
781   782        C          1392             3            1402          1405            10  Gas
782   783        C          1395             5            1405          1410            10  Gas
783   784        A          1397             1            1397          1398             0   95
784   785        B          1400             2            1400          1402             0   95
785   786        C          1402             3            1402          1405             0   90
786   787        C          1405             5            1410          1415             5  Gas
787   788        B          1407             2            1407          1409             0   95
788   789        C          1409             5            1409          1414             0   90
789   790        B          1409             2            1414          1416             5   90
790   791        B          1410             1            1410          1411             0   95
791   792        B          1412             2            1416          1418             4   90
792   793        C          1415             5            1415          1420             0  Gas
793   794        C          1418             5            1418          1423             0   90
794   795        C          1421             3            1423          1426             2   90
795   796        C          1423             3            1426          1429             3   90
796   797        C          1425             3            1425          1428             0  Gas
797   798        A          1427             2            1427          1429             0   95
798   799        C          1428             3            1428          1431             0  Gas
799   800        A          1429             3            1429          1432             0   95
800   801        C          1431             5            1431          1436             0   90
801   802        C          1432             5            1432          1437             0  Gas
802   803        B          1432             2            1432          1434             0   95
803   804        C          1435             5            1436          1441             1   90
804   805        B          1437             2            1441          1443             4   90
805   806        B          1437             3            1437          1440             0   95
806   807        C          1437             5            1437          1442             0  Gas
807   808        B          1438             3            1443          1446             5   90
808   809        C          1438             5            1442          1447             4  Gas
809   810        C          1441             5            1447          1452             6  Gas
810   811        C          1441             5            1452          1457            11  Gas
811   812        B          1443             1            1443          1444             0   95
812   813        C          1445             3            1457          1460            12  Gas
813   814        B          1447             3            1447          1450             0   90
814   815        B          1448             1            1448          1449             0   95
815   816        C          1451             3            1460          1463             9  Gas
816   817        B          1451             2            1451          1453             0   95
817   818        C          1451             5            1451          1456             0   90
818   819        B          1451             3            1456          1459             5   90
819   820        B          1453             3            1453          1456             0   95
820   821        C          1454             5            1459          1464             5   90
821   822        B          1455             3            1464          1467             9   90
822   823        B          1456             2            1456          1458             0   95
823   824        C          1458             5            1463          1468             5  Gas
824   825        B          1461             3            1467          1470             6   90
825   826        B          1464             2            1464          1466             0   95
826   827        C          1467             5            1468          1473             1  Gas
827   828        B          1469             3            1470          1473             1   90
828   829        B          1471             3            1471          1474             0   95
829   830        C          1474             5            1474          1479             0   90
830   831        A          1476             2            1476          1478             0   95
831   832        A          1477             2            1478          1480             1   95
832   833        A          1480             3            1480          1483             0   95
833   834        B          1480             2            1483          1485             3   95
834   835        C          1482             7            1482          1489             0   90
835   836        C          1482             5            1482          1487             0  Gas
836   837        B          1484             2            1489          1491             5   90
837   838        B          1485             2            1485          1487             0   95
838   839        A          1485             3            1487          1490             2   95
839   840        C          1486             5            1487          1492             1  Gas
840   841        C          1486             5            1492          1497             6  Gas
841   842        B          1488             3            1491          1494             3   90
842   843        C          1491             7            1497          1504             6  Gas
843   844        C          1494             3            1504          1507            10  Gas
844   845        B          1495             3            1495          1498             0   95
845   846        B          1498             2            1498          1500             0   95
846   847        A          1500             3            1500          1503             0   95
847   848        B          1501             3            1503          1506             2   95
848   849        B          1501             1            1506          1507             5   95
849   850        A          1504             2            1507          1509             3   95
850   851        C          1507             5            1507          1512             0  Gas
851   852        A          1510             2            1510          1512             0   95
852   853        A          1511             3            1512          1515             1   95
853   854        C          1511             7            1511          1518             0   90
854   855        C          1512             5            1518          1523             6   90
855   856        C          1515             3            1515          1518             0  Gas
856   857        B          1517             2            1517          1519             0   95
857   858        B          1519             2            1519          1521             0   95
858   859        A          1521             1            1521          1522             0   95
859   860        C          1524             3            1524          1527             0  Gas
860   861        B          1524             3            1524          1527             0   95
861   862        B          1524             3            1524          1527             0   90
862   863        C          1527             3            1527          1530             0  Gas
863   864        B          1528             2            1528          1530             0   95
864   865        C          1531             3            1531          1534             0   90
865   866        B          1533             2            1534          1536             1   90
866   867        B          1533             3            1536          1539             3   90
867   868        A          1535             2            1535          1537             0   95
868   869        A          1536             3            1537          1540             1   95
869   870        C          1537             7            1539          1546             2   90
870   871        C          1540             5            1540          1545             0  Gas
871   872        B          1541             2            1546          1548             5   90
872   873        B          1543             3            1548          1551             5   90
873   874        C          1545             7            1545          1552             0  Gas
874   875        A          1548             3            1548          1551             0   95
875   876        B          1548             2            1551          1553             3   95
876   877        C          1548             7            1552          1559             4  Gas
877   878        C          1549             5            1551          1556             2   90
878   879        B          1552             2            1553          1555             1   95
879   880        B          1554             2            1555          1557             1   95
880   881        B          1556             3            1556          1559             0   90
881   882        B          1559             3            1559          1562             0   90
882   883        A          1561             3            1561          1564             0   95
883   884        B          1561             2            1562          1564             1   90
884   885        B          1564             3            1564          1567             0   90
885   886        A          1566             3            1566          1569             0   95
886   887        C          1566             3            1566          1569             0  Gas
887   888        A          1569             3            1569          1572             0   95
888   889        A          1572             3            1572          1575             0   95
889   890        B          1574             3            1574          1577             0   90
890   891        B          1574             3            1577          1580             3   90
891   892        B          1577             3            1577          1580             0   95
892   893        C          1577             5            1580          1585             3   90
893   894        C          1580             3            1580          1583             0  Gas
894   895        C          1583             5            1583          1588             0  Gas
895   896        C          1586             3            1586          1589             0   90
896   897        C          1586             5            1589          1594             3   90
897   898        B          1588             2            1588          1590             0   95
898   899        C          1591             7            1594          1601             3   90
899   900        C          1594             5            1601          1606             7   90
900   901        B          1594             3            1606          1609            12   90
901   902        B          1596             3            1609          1612            13   90
902   903        C          1599             5            1612          1617            13   90
903   904        C          1600             5            1617          1622            17   90
904   905        C          1600             3            1622          1625            22   90
905   906        C          1603             5            1603          1608             0  Gas
906   907        A          1605             1            1605          1606             0   95
907   908        B          1608             2            1608          1610             0   95
908   909        B          1608             3            1610          1613             2   95
909   910        C          1609             5            1625          1630            16   90
910   911        B          1609             2            1613          1615             4   95
911   912        A          1612             3            1615          1618             3   95
912   913        B          1613             3            1630          1633            17   90
913   914        C          1615             3            1615          1618             0  Gas
914   915        A          1617             2            1618          1620             1   95
915   916        B          1617             3            1620          1623             3   95
916   917        C          1619             5            1633          1638            14   90
917   918        C          1622             7            1622          1629             0  Gas
918   919        B          1623             2            1623          1625             0   95
919   920        B          1624             3            1625          1628             1   95
920   921        B          1626             1            1638          1639            12   90
921   922        B          1629             3            1629          1632             0   95
922   923        C          1629             5            1629          1634             0  Gas
923   924        A          1630             3            1632          1635             2   95
924   925        C          1630             3            1634          1637             4  Gas
925   926        C          1633             5            1637          1642             4  Gas
926   927        C          1636             5            1642          1647             6  Gas
927   928        C          1638             5            1639          1644             1   90
928   929        A          1641             3            1641          1644             0   95
929   930        A          1644             2            1644          1646             0   95
930   931        C          1646             3            1646          1649             0   90
931   932        C          1646             3            1649          1652             3   90
932   933        A          1649             2            1649          1651             0   95
933   934        B          1650             2            1651          1653             1   95
934   935        B          1653             3            1653          1656             0   95
935   936        B          1656             2            1656          1658             0   90
936   937        A          1659             1            1659          1660             0   95
937   938        A          1659             2            1660          1662             1   95
938   939        A          1659             3            1662          1665             3   95
939   940        A          1659             1            1665          1666             6   95
940   941        B          1662             1            1666          1667             4   95
941   942        C          1664             5            1664          1669             0  Gas
942   943        B          1666             2            1667          1669             1   95
943   944        C          1669             7            1669          1676             0  Gas
944   945        C          1669             5            1676          1681             7  Gas
945   946        B          1669             3            1669          1672             0   95
946   947        C          1672             7            1672          1679             0   90
947   948        C          1674             3            1681          1684             7  Gas
948   949        C          1677             7            1684          1691             7  Gas
949   950        C          1679             7            1679          1686             0   90
950   951        B          1682             2            1682          1684             0   95
951   952        C          1684             7            1686          1693             2   90
952   953        C          1684             3            1691          1694             7  Gas
953   954        B          1684             1            1693          1694             9   90
954   955        A          1684             3            1684          1687             0   95
955   956        B          1686             2            1694          1696             8   90
956   957        B          1688             3            1696          1699             8   90
957   958        A          1690             2            1690          1692             0   95
958   959        C          1693             5            1699          1704             6   90
959   960        C          1696             5            1704          1709             8   90
960   961        C          1698             3            1698          1701             0  Gas
961   962        C          1701             7            1701          1708             0  Gas
962   963        A          1704             1            1704          1705             0   95
963   964        B          1706             3            1706          1709             0   95
964   965        C          1708             7            1708          1715             0  Gas
965   966        B          1709             2            1709          1711             0   90
966   967        C          1711             5            1711          1716             0   90
967   968        B          1714             2            1714          1716             0   95
968   969        C          1717             5            1717          1722             0   90
969   970        B          1720             1            1722          1723             2   90
970   971        C          1723             3            1723          1726             0  Gas
971   972        C          1726             7            1726          1733             0  Gas
972   973        A          1729             3            1729          1732             0   95
973   974        A          1731             2            1732          1734             1   95
974   975        C          1731             5            1731          1736             0   90
975   976        C          1732             7            1733          1740             1  Gas
976   977        C          1734             7            1740          1747             6  Gas
977   978        B          1735             1            1736          1737             1   90
978   979        A          1737             1            1737          1738             0   95
979   980        C          1740             3            1740          1743             0   90
980   981        C          1742             5            1743          1748             1   90
981   982        B          1742             3            1742          1745             0   95
982   983        A          1742             2            1745          1747             3   95
983   984        C          1743             5            1747          1752             4  Gas
984   985        B          1743             3            1748          1751             5   90
985   986        B          1746             3            1751          1754             5   90
986   987        C          1747             5            1752          1757             5  Gas
987   988        B          1750             3            1750          1753             0   95
988   989        A          1751             2            1753          1755             2   95
989   990        C          1751             5            1757          1762             6  Gas
990   991        B          1754             3            1755          1758             1   95
991   992        B          1757             3            1757          1760             0   90
992   993        C          1759             5            1760          1765             1   90
993   994        C          1761             3            1765          1768             4   90
994   995        C          1762             5            1762          1767             0  Gas
995   996        C          1762             5            1768          1773             6   90
996   997        C          1763             5            1767          1772             4  Gas
997   998        B          1766             2            1766          1768             0   95
998   999        B          1769             2            1773          1775             4   90
999  1000        B          1769             1            1775          1776             6   90