      Car Category  Arrival Time  Service Time  Service Begins  Service Ends  Waiting Time Pump
0       1        B             1             3               1             4             0   90
1       2        A             4             2               4             6             0   95
2       3        A             6             2               6             8             0   95
3       4        C             9             7               9            16             0  Gas
4       5        A            12             1              12            13             0   95
5       6        C            12             7              16            23             4  Gas
6       7        B            14             2              14            16             0   90
7       8        B            14             2              16            18             2   90
8       9        A            15             3              15            18             0   95
9      10        A            18             2              18            20             0   95
10     11        C            21             7              23            30             2  Gas
11     12        B            23             3              23            26             0   90
12     13        A            23             2              23            25             0   95
13     14        B            24             3              25            28             1   95
14     15        C            26             7              30            37             4  Gas
15     16        B            28             2              28            30             0   95
16     17        A            30             2              30            32             0   95
17     18        A            32             1              32            33             0   95
18     19        C            35             5              37            42             2  Gas
19     20        B            38             1              38            39             0   90
20     21        C            41             7              41            48             0   90
21     22        C            42             7              42            49             0  Gas
22     23        A            43             2              43            45             0   95
23     24        B            45             1              48            49             3   90
24     25        B            48             2              48            50             0   95
25     26        C            51             5              51            56             0  Gas
26     27        B            53             1              53            54             0   95
27     28        B            54             3              54            57             0   90
28     29        B            57             2              57            59             0   95
29     30        B            57             1              59            60             2   95
30     31        A            60             2              60            62             0   95
31     32        A            63             3              63            66             0   95
32     33        A            66             3              66            69             0   95
33     34        A            66             1              69            70             3   95
34     35        A            68             3              70            73             2   95
35     36        C            69             7              69            76             0   90
36     37        C            69             5              69            74             0  Gas
37     38        C            69             3              74            77             5  Gas
38     39        A            70             3              73            76             3   95
39     40        A            73             2              76            78             3   95
40     41        B            74             3              78            81             4   95
41     42        A            75             2              81            83             6   95
42     43        A            78             2              83            85             5   95
43     44        C            81             3              81            84             0   90
44     45        A            82             3              85            88             3   95
45     46        B            85             3              85            88             0   90
46     47        B            88             1              88            89             0   95
47     48        B            91             3              91            94             0   90
48     49        B            91             2              91            93             0   95
49     50        B            94             3              94            97             0   90
50     51        C            97             3              97           100             0  Gas
51     52        B           100             3             100           103             0   95
52     53        A           102             1             103           104             1   95
53     54        C           103             5             103           108             0   90
54     55        B           103             3             104           107             1   95
55     56        C           106             5             106           111             0  Gas
56     57        B           107             3             107           110             0   95
57     58        B           110             3             110           113             0   95
58     59        B           110             3             113           116             3   95
59     60        A           112             2             116           118             4   95
60     61        C           114             5             114           119             0   90
61     62        A           116             2             118           120             2   95
62     63        B           118             3             119           122             1   90
63     64        B           120             2             122           124             2   90
64     65        C           121             5             121           126             0  Gas
65     66        C           123             5             126           131             3  Gas
66     67        B           125             2             125           127             0   95
67     68        B           127             3             127           130             0   95
68     69        C           129             7             131           138             2  Gas
69     70        A           130             3             130           133             0   95
70     71        C           130             7             138           145             8  Gas
71     72        A           130             2             133           135             3   95
72     73        C           130             5             130           135             0   90
73     74        B           133             3             135           138             2   90
74     75        B           134             3             135           138             1   95
75     76        C           137             3             145           148             8  Gas
76     77        A           140             2             140           142             0   95
77     78        A           143             3             143           146             0   95
78     79        B           146             3             146           149             0   95
79     80        C           149             7             149           156             0  Gas
80     81        B           149             2             149           151             0   95
81     82        B           152             1             152           153             0   95
82     83        B           153             2             153           155             0   90
83     84        C           156             5             156           161             0  Gas
84     85        C           157             7             157           164             0   90
85     86        A           159             3             159           162             0   95
86     87        A           161             2             162           164             1   95
87     88        B           164             3             164           167             0   95
88     89        C           167             3             167           170             0  Gas
89     90        B           170             3             170           173             0   90
90     91        C           173             7             173           180             0  Gas
91     92        B           175             2             175           177             0   90
92     93        B           177             3             177           180             0   95
93     94        C           180             5             180           185             0  Gas
94     95        B           181             3             181           184             0   90
95     96        A           183             2             183           185             0   95
96     97        C           184             5             185           190             1  Gas
97     98        C           184             3             190           193             6  Gas
98     99        C           185             7             193           200             8  Gas
99    100        B           186             3             186           189             0   90
100   101        C           189             3             200           203            11  Gas
101   102        C           192             5             192           197             0   90
102   103        B           192             1             192           193             0   95
103   104        A           194             2             194           196             0   95
104   105        A           195             3             196           199             1   95
105   106        A           198             3             199           202             1   95
106   107        B           201             2             201           203             0   90
107   108        B           201             2             202           204             1   95
108   109        A           203             3             204           207             1   95
109   110        A           204             2             207           209             3   95
110   111        C           207             7             207           214             0  Gas
111   112        C           209             5             214           219             5  Gas
112   113        B           211             2             211           213             0   90
113   114        C           211             3             219           222             8  Gas
114   115        B           212             3             213           216             1   90
115   116        A           213             3             213           216             0   95
116   117        C           213             5             222           227             9  Gas
117   118        B           215             1             216           217             1   95
118   119        C           218             5             218           223             0   90
119   120        C           218             5             223           228             5   90
120   121        C           219             5             227           232             8  Gas
121   122        C           220             5             228           233             8   90
122   123        C           223             7             232           239             9  Gas
123   124        A           223             3             223           226             0   95
124   125        C           226             5             233           238             7   90
125   126        A           227             3             227           230             0   95
126   127        C           227             5             239           244            12  Gas
127   128        B           230             3             230           233             0   95
128   129        B           233             3             238           241             5   90
129   130        C           236             5             241           246             5   90
130   131        C           236             5             244           249             8  Gas
131   132        C           239             5             249           254            10  Gas
132   133        B           241             3             241           244             0   95
133   134        A           243             2             244           246             1   95
134   135        A           245             3             246           249             1   95
135   136        B           246             3             249           252             3   95
136   137        B           249             3             249           252             0   90
137   138        A           249             3             252           255             3   95
138   139        B           251             3             252           255             1   90
139   140        A           251             3             255           258             4   95
140   141        C           253             5             254           259             1  Gas
141   142        C           254             5             255           260             1   90
142   143        B           256             3             258           261             2   95
143   144        B           257             1             261           262             4   95
144   145        B           258             2             260           262             2   90
145   146        C           259             7             259           266             0  Gas
146   147        C           261             5             262           267             1   90
147   148        C           264             5             266           271             2  Gas
148   149        A           267             2             267           269             0   95
149   150        A           267             3             269           272             2   95
150   151        B           269             3             272           275             3   95
151   152        C           270             7             271           278             1  Gas
152   153        B           273             2             275           277             2   95
153   154        B           274             3             277           280             3   95
154   155        A           275             2             280           282             5   95
155   156        B           276             3             276           279             0   90
156   157        B           278             2             279           281             1   90
157   158        B           280             3             281           284             1   90
158   159        C           283             7             284           291             1   90
159   160        C           285             3             291           294             6   90
160   161        A           287             3             287           290             0   95
161   162        B           289             2             294           296             5   90
162   163        B           292             2             292           294             0   95
163   164        A           293             3             294           297             1   95
164   165        C           293             5             293           298             0  Gas
165   166        C           295             5             296           301             1   90
166   167        C           298             5             301           306             3   90
167   168        A           298             1             298           299             0   95
168   169        A           301             2             301           303             0   95
169   170        C           304             7             304           311             0  Gas
170   171        A           306             3             306           309             0   95
171   172        B           309             1             309           310             0   95
172   173        A           309             2             310           312             1   95
173   174        C           312             7             312           319             0   90
174   175        B           313             1             313           314             0   95
175   176        B           314             3             314           317             0   95
176   177        C           317             5             317           322             0  Gas
177   178        C           320             5             322           327             2  Gas
178   179        B           320             2             320           322             0   90
179   180        C           323             5             327           332             4  Gas
180   181        C           325             3             332           335             7  Gas
181   182        B           327             3             327           330             0   95
182   183        C           328             7             335           342             7  Gas
183   184        B           329             2             330           332             1   95
184   185        C           332             7             342           349            10  Gas
185   186        C           333             3             349           352            16  Gas
186   187        C           334             3             334           337             0   90
187   188        B           334             3             337           340             3   90
188   189        B           337             3             337           340             0   95
189   190        C           337             3             340           343             3   90
190   191        A           340             1             340           341             0   95
191   192        B           343             2             343           345             0   90
192   193        C           346             5             346           351             0   90
193   194        C           348             5             352           357             4  Gas
194   195        A           351             3             351           354             0   95
195   196        C           353             7             357           364             4  Gas
196   197        B           353             3             353           356             0   90
197   198        B           353             3             354           357             1   95
198   199        C           356             3             356           359             0   90
199   200        B           357             3             359           362             2   90
200   201        C           360             7             362           369             2   90
201   202        A           361             1             361           362             0   95
202   203        A           362             3             362           365             0   95
203   204        A           363             1             365           366             2   95
204   205        B           363             3             369           372             6   90
205   206        C           366             3             372           375             6   90
206   207        B           368             3             375           378             7   90
207   208        C           371             5             371           376             0  Gas
208   209        A           374             3             374           377             0   95
209   210        C           377             7             378           385             1   90
210   211        A           380             3             380           383             0   95
211   212        B           383             3             383           386             0   95
212   213        C           386             3             386           389             0  Gas
213   214        B           388             3             388           391             0   95
214   215        B           391             3             391           394             0   90
215   216        A           391             3             391           394             0   95
216   217        A           394             3             394           397             0   95
217   218        B           395             1             397           398             2   95
218   219        C           397             5             397           402             0  Gas
219   220        C           400             5             402           407             2  Gas
220   221        C           402             5             407           412             5  Gas
221   222        B           405             3             405           408             0   95
222   223        B           408             1             408           409             0   90
223   224        B           408             2             409           411             1   90
224   225        C           409             3             411           414             2   90
225   226        B           410             3             410           413             0   95
226   227        C           413             3             413           416             0  Gas
227   228        C           416             7             416           423             0   90
228   229        A           416             3             416           419             0   95
229   230        C           419             7             419           426             0  Gas
230   231        C           420             5             423           428             3   90
231   232        C           423             7             426           433             3  Gas
232   233        C           424             5             428           433             4   90
233   234        A           426             3             426           429             0   95
234   235        A           429             3             429           432             0   95
235   236        B           429             1             433           434             4   90
236   237        C           429             7             434           441             5   90
237   238        B           429             3             432           435             3   95
238   239        A           431             2             435           437             4   95
239   240        A           432             3             437           440             5   95
240   241        B           435             3             440           443             5   95
241   242        B           435             2             441           443             6   90
242   243        A           438             1             443           444             5   95
243   244        A           439             2             444           446             5   95
244   245        C           442             5             442           447             0  Gas
245   246        B           442             2             443           445             1   90
246   247        B           445             3             445           448             0   90
247   248        C           446             7             448           455             2   90
248   249        C           446             5             447           452             1  Gas
249   250        B           449             3             449           452             0   95
250   251        B           452             3             452           455             0   95
251   252        C           455             3             455           458             0   90
252   253        A           458             2             458           460             0   95
253   254        C           459             5             459           464             0  Gas
254   255        A           459             3             460           463             1   95
255   256        C           462             3             464           467             2  Gas
256   257        B           463             3             463           466             0   95
257   258        C           466             3             467           470             1  Gas
258   259        B           468             3             468           471             0   90
259   260        C           471             5             471           476             0  Gas
260   261        B           473             2             473           475             0   95
261   262        B           476             3             476           479             0   90
262   263        A           479             3             479           482             0   95
263   264        C           479             7             479           486             0   90
264   265        A           480             1             482           483             2   95
265   266        A           481             2             483           485             2   95
266   267        C           484             5             484           489             0  Gas
267   268        C           487             3             489           492             2  Gas
268   269        C           488             3             492           495             4  Gas
269   270        B           490             3             490           493             0   95
270   271        B           492             2             493           495             1   95
271   272        C           492             5             495           500             3  Gas
272   273        B           495             3             495           498             0   95
273   274        C           498             3             498           501             0   90
274   275        C           499             7             501           508             2   90
275   276        B           499             2             499           501             0   95
276   277        A           499             1             501           502             2   95
277   278        B           500             3             502           505             2   95
278   279        A           502             2             505           507             3   95
279   280        C           502             5             508           513             6   90
280   281        C           503             3             513           516            10   90
281   282        A           505             3             507           510             2   95
282   283        C           505             7             516           523            11   90
283   284        C           507             3             523           526            16   90
284   285        B           507             1             526           527            19   90
285   286        C           507             5             527           532            20   90
286   287        B           509             3             532           535            23   90
287   288        B           512             3             512           515             0   95
288   289        B           515             3             515           518             0   95
289   290        A           518             1             518           519             0   95
290   291        C           520             5             520           525             0  Gas
291   292        B           522             2             522           524             0   95
292   293        B           524             3             524           527             0   95
293   294        C           526             5             535           540             9   90
294   295        B           528             2             528           530             0   95
295   296        C           531             5             531           536             0  Gas
296   297        B           532             3             532           535             0   95
297   298        A           533             3             535           538             2   95
298   299        A           535             3             538           541             3   95
299   300        C           538             5             540           545             2   90
300   301        C           539             7             539           546             0  Gas
301   302        C           540             3             545           548             5   90
302   303        C           540             3             546           549             6  Gas
303   304        C           540             5             549           554             9  Gas
304   305        B           542             2             542           544             0   95
305   306        C           545             5             554           559             9  Gas
306   307        A           548             3             548           551             0   95
307   308        C           550             5             550           555             0   90
308   309        C           550             5             555           560             5   90
309   310        A           551             3             551           554             0   95
310   311        C           554             5             559           564             5  Gas
311   312        C           557             7             564           571             7  Gas
312   313        C           560             5             571           576            11  Gas
313   314        B           561             2             561           563             0   95
314   315        B           564             3             564           567             0   95
315   316        C           565             3             576           579            11  Gas
316   317        B           566             3             566           569             0   90
317   318        A           568             2             568           570             0   95
318   319        C           571             5             579           584             8  Gas
319   320        B           574             2             574           576             0   90
320   321        B           577             3             577           580             0   95
321   322        C           580             7             580           587             0   90
322   323        C           581             5             584           589             3  Gas
323   324        B           582             2             587           589             5   90
324   325        A           584             3             584           587             0   95
325   326        C           586             7             589           596             3  Gas
326   327        B           586             1             589           590             3   90
327   328        C           589             5             596           601             7  Gas
328   329        B           589             3             590           593             1   90
329   330        C           592             5             601           606             9  Gas
330   331        A           593             3             593           596             0   95
331   332        C           595             5             606           611            11  Gas
332   333        B           597             3             597           600             0   90
333   334        C           598             5             611           616            13  Gas
334   335        C           599             5             600           605             1   90
335   336        B           600             2             600           602             0   95
336   337        C           603             5             616           621            13  Gas
337   338        C           606             5             606           611             0   90
338   339        B           608             3             608           611             0   95
339   340        C           611             7             621           628            10  Gas
340   341        C           614             5             628           633            14  Gas
341   342        A           617             2             617           619             0   95
342   343        A           619             1             619           620             0   95
343   344        A           620             2             620           622             0   95
344   345        A           623             2             623           625             0   95
345   346        C           623             5             633           638            10  Gas
346   347        C           623             5             638           643            15  Gas
347   348        B           623             2             623           625             0   90
348   349        A           625             3             625           628             0   95
349   350        A           626             2             628           630             2   95
350   351        C           629             3             629           632             0   90
351   352        B           632             3             632           635             0   95
352   353        B           634             2             634           636             0   90
353   354        A           634             1             635           636             1   95
354   355        C           636             5             643           648             7  Gas
355   356        C           638             7             638           645             0   90
356   357        C           638             5             648           653            10  Gas
357   358        B           641             3             641           644             0   95
358   359        C           644             7             653           660             9  Gas
359   360        B           647             1             647           648             0   90
360   361        C           649             5             660           665            11  Gas
361   362        B           650             2             650           652             0   95
362   363        B           652             1             652           653             0   95
363   364        B           652             3             652           655             0   90
364   365        A           652             1             653           654             1   95
365   366        C           653             7             655           662             2   90
366   367        B           656             2             662           664             6   90
367   368        C           657             7             665           672             8  Gas
368   369        C           658             5             672           677            14  Gas
369   370        B           661             3             661           664             0   95
370   371        A           664             3             664           667             0   95
371   372        C           667             3             667           670             0   90
372   373        B           668             3             668           671             0   95
373   374        B           671             3             671           674             0   90
374   375        B           672             2             672           674             0   95
375   376        C           674             5             674           679             0   90
376   377        C           674             5             679           684             5   90
377   378        C           674             3             684           687            10   90
378   379        C           676             5             687           692            11   90
379   380        C           677             3             677           680             0  Gas
380   381        B           679             3             692           695            13   90
381   382        B           682             3             682           685             0   95
382   383        C           684             7             684           691             0  Gas
383   384        C           687             7             691           698             4  Gas
384   385        A           687             3             687           690             0   95
385   386        A           690             1             690           691             0   95
386   387        B           693             1             693           694             0   95
387   388        B           693             2             695           697             2   90
388   389        C           695             3             698           701             3  Gas
389   390        C           696             7             701           708             5  Gas
390   391        C           699             5             699           704             0   90
391   392        C           702             5             708           713             6  Gas
392   393        C           705             5             713           718             8  Gas
393   394        B           705             1             705           706             0   95
394   395        B           707             3             707           710             0   95
395   396        A           710             3             710           713             0   95
396   397        A           710             2             713           715             3   95
397   398        B           710             3             710           713             0   90
398   399        C           713             7             713           720             0   90
399   400        C           714             3             720           723             6   90
400   401        C           717             5             723           728             6   90
401   402        C           720             7             720           727             0  Gas
402   403        C           721             5             727           732             6  Gas
403   404        A           724             1             724           725             0   95
404   405        B           726             2             728           730             2   90
405   406        C           728             3             732           735             4  Gas
406   407        B           731             3             731           734             0   95
407   408        B           733             1             733           734             0   90
408   409        C           736             7             736           743             0  Gas
409   410        A           739             2             739           741             0   95
410   411        C           742             7             743           750             1  Gas
411   412        B           744             3             744           747             0   90
412   413        B           747             2             747           749             0   95
413   414        B           749             3             749           752             0   90
414   415        B           752             3             752           755             0   90
415   416        B           753             3             753           756             0   95
416   417        B           755             2             756           758             1   95
417   418        B           755             3             755           758             0   90
418   419        B           757             3             758           761             1   95
419   420        C           760             7             760           767             0   90
420   421        B           763             3             763           766             0   95
421   422        B           766             3             766           769             0   95
422   423        B           768             1             768           769             0   90
423   424        A           769             3             769           772             0   95
424   425        C           771             7             771           778             0  Gas
425   426        C           771             5             778           783             7  Gas
426   427        C           774             7             783           790             9  Gas
427   428        A           777             3             777           780             0   95
428   429        C           779             3             790           793            11  Gas
429   430        C           781             3             781           784             0   90
430   431        B           783             2             784           786             1   90
431   432        B           784             3             784           787             0   95
432   433        A           784             1             787           788             3   95
433   434        A           785             2             788           790             3   95
434   435        B           788             3             790           793             2   95
435   436        C           790             5             793           798             3  Gas
436   437        C           791             5             798           803             7  Gas
437   438        C           794             3             803           806             9  Gas
438   439        C           796             7             806           813            10  Gas
439   440        C           799             5             799           804             0   90
440   441        A           799             3             799           802             0   95
441   442        B           801             1             802           803             1   95
442   443        C           803             7             804           811             1   90
443   444        B           806             3             806           809             0   95
444   445        C           806             7             811           818             5   90
445   446        A           808             1             809           810             1   95
446   447        B           808             2             810           812             2   95
447   448        C           811             7             813           820             2  Gas
448   449        B           814             1             818           819             4   90
449   450        A           816             1             816           817             0   95
450   451        A           816             3             817           820             1   95
451   452        A           818             2             820           822             2   95
452   453        C           821             7             821           828             0   90
453   454        A           824             3             824           827             0   95
454   455        C           824             5             828           833             4   90
455   456        B           827             1             827           828             0   95
456   457        A           829             1             829           830             0   95
457   458        A           829             1             830           831             1   95
458   459        A           829             2             831           833             2   95
459   460        C           832             5             833           838             1   90
460   461        B           835             3             838           841             3   90
461   462        B           837             2             837           839             0   95
462   463        B           838             3             841           844             3   90
463   464        C           839             3             839           842             0  Gas
464   465        A           839             2             839           841             0   95
465   466        C           840             5             842           847             2  Gas
466   467        C           843             7             847           854             4  Gas
467   468        A           843             1             843           844             0   95
468   469        A           844             1             844           845             0   95
469   470        C           845             3             854           857             9  Gas
470   471        B           846             3             846           849             0   95
471   472        C           848             7             857           864             9  Gas
472   473        B           849             1             849           850             0   95
473   474        B           852             1             852           853             0   95
474   475        C           855             3             864           867             9  Gas
475   476        A           858             3             858           861             0   95
476   477        C           861             7             867           874             6  Gas
477   478        C           862             5             862           867             0   90
478   479        C           864             5             874           879            10  Gas
479   480        B           867             2             867           869             0   95
480   481        B           867             3             867           870             0   90
481   482        C           869             5             870           875             1   90
482   483        A           872             1             872           873             0   95
483   484        C           872             5             879           884             7  Gas
484   485        B           873             2             875           877             2   90
485   486        C           876             5             884           889             8  Gas
486   487        B           879             1             879           880             0   95
487   488        B           881             1             881           882             0   95
488   489        C           884             7             884           891             0   90
489   490        C           884             5             889           894             5  Gas
490   491        C           887             5             894           899             7  Gas
491   492        B           887             1             887           888             0   95
492   493        C           888             3             891           894             3   90
493   494        C           889             5             899           904            10  Gas
494   495        A           891             1             891           892             0   95
495   496        C           893             5             904           909            11  Gas
496   497        B           893             3             894           897             1   90
497   498        B           893             3             897           900             4   90
498   499        A           894             2             894           896             0   95
499   500        A           896             3             896           899             0   95
500   501        B           896             2             899           901             3   95
501   502        C           899             5             909           914            10  Gas
502   503        C           900             7             900           907             0   90
503   504        C           900             5             907           912             7   90
504   505        C           902             5             914           919            12  Gas
505   506        B           905             2             905           907             0   95
506   507        C           908             7             919           926            11  Gas
507   508        B           910             1             910           911             0   95
508   509        B           913             3             913           916             0   90
509   510        A           916             3             916           919             0   95
510   511        B           917             3             917           920             0   90
511   512        A           919             3             919           922             0   95
512   513        B           922             2             922           924             0   95
513   514        B           922             3             924           927             2   95
514   515        A           923             1             927           928             4   95
515   516        B           924             3             928           931             4   95
516   517        B           927             2             931           933             4   95
517   518        B           928             3             928           931             0   90
518   519        C           930             3             930           933             0  Gas
519   520        C           931             5             933           938             2  Gas
520   521        A           933             2             933           935             0   95
521   522        C           936             5             938           943             2  Gas
522   523        A           937             1             937           938             0   95
523   524        A           938             1             938           939             0   95
524   525        B           941             2             941           943             0   95
525   526        A           942             3             943           946             1   95
526   527        B           944             3             944           947             0   90
527   528        C           946             3             946           949             0  Gas
528   529        B           948             1             948           949             0   95
529   530        A           949             3             949           952             0   95
530   531        C           952             5             952           957             0  Gas
531   532        B           953             2             953           955             0   90
532   533        C           955             3             957           960             2  Gas
533   534        B           956             2             956           958             0   95
534   535        C           958             7             960           967             2  Gas
535   536        B           958             3             958           961             0   95
536   537        C           959             7             959           966             0   90
537   538        B           962             1             962           963             0   95
538   539        C           964             5             966           971             2   90
539   540        C           966             3             971           974             5   90
540   541        A           969             3             969           972             0   95
541   542        A           969             1             972           973             3   95
542   543        A           972             2             973           975             1   95
543   544        B           975             2             975           977             0   95
544   545        A           976             3             977           980             1   95
545   546        C           976             7             976           983             0  Gas
546   547        B           979             3             979           982             0   90
547   548        B           981             3             982           985             1   90
548   549        B           982             2             982           984             0   95
549   550        B           983             3             984           987             1   95
550   551        C           983             5             985           990             2   90
551   552        A           986             1             987           988             1   95
552   553        C           989             5             989           994             0  Gas
553   554        B           990             3             990           993             0   90
554   555        A           993             3             993           996             0   95
555   556        A           996             3             996           999             0   95
556   557        B           997             2             997           999             0   90
557   558        C          1000             3            1000          1003             0   90
558   559        B          1002             3            1002          1005             0   95
559   560        B          1003             3            1005          1008             2   95
560   561        C          1005             5            1005          1010             0  Gas
561   562        B          1005             1            1005          1006             0   90
562   563        A          1008             3            1008          1011             0   95
563   564        C          1011             3            1011          1014             0  Gas
564   565        B          1012             1            1012          1013             0   90
565   566        B          1015             1            1015          1016             0   90
566   567        B          1016             2            1016          1018             0   90
567   568        C          1016             5            1016          1021             0  Gas
568   569        B          1018             3            1018          1021             0   95
569   570        B          1018             3            1018          1021             0   90
570   571        C          1018             5            1021          1026             3   90
571   572        B          1021             2            1021          1023             0   95
572   573        A          1022             1            1023          1024             1   95
573   574        B          1025             3            1025          1028             0   95
574   575        B          1028             3            1028          1031             0   95
575   576        C          1031             7            1031          1038             0   90
576   577        A          1034             2            1034          1036             0   95
577   578        C          1036             5            1036          1041             0  Gas
578   579        C          1039             7            1039          1046             0   90
579   580        B          1042             2            1042          1044             0   95
580   581        C          1044             5            1044          1049             0  Gas
581   582        C          1045             3            1049          1052             4  Gas
582   583        A          1046             1            1046          1047             0   95
583   584        B          1049             3            1049          1052             0   95
584   585        B          1052             2            1052          1054             0   95
585   586        C          1054             3            1054          1057             0  Gas
586   587        B          1054             2            1054          1056             0   95
587   588        B          1057             3            1057          1060             0   95
588   589        C          1060             7            1060          1067             0   90
589   590        B          1061             2            1067          1069             6   90
590   591        A          1064             3            1064          1067             0   95
591   592        A          1064             3            1067          1070             3   95
592   593        B          1067             3            1069          1072             2   90
593   594        C          1070             5            1070          1075             0  Gas
594   595        C          1073             5            1073          1078             0   90
595   596        B          1073             1            1078          1079             5   90
596   597        C          1076             3            1076          1079             0  Gas
597   598        B          1077             2            1077          1079             0   95
598   599        C          1079             3            1079          1082             0  Gas
599   600        C          1081             5            1081          1086             0   90
600   601        C          1083             3            1086          1089             3   90
601   602        B          1086             3            1086          1089             0   95
602   603        C          1087             3            1087          1090             0  Gas
603   604        C          1088             5            1090          1095             2  Gas
604   605        B          1090             3            1090          1093             0   95
605   606        B          1091             3            1091          1094             0   90
606   607        A          1092             2            1093          1095             1   95
607   608        C          1094             5            1095          1100             1  Gas
608   609        C          1094             3            1100          1103             6  Gas
609   610        A          1096             3            1096          1099             0   95
610   611        C          1099             5            1099          1104             0   90
611   612        C          1099             7            1104          1111             5   90
612   613        C          1102             3            1103          1106             1  Gas
613   614        C          1103             5            1106          1111             3  Gas
614   615        C          1103             5            1111          1116             8  Gas
615   616        A          1103             3            1103          1106             0   95
616   617        C          1103             3            1116          1119            13  Gas
617   618        C          1105             7            1119          1126            14  Gas
618   619        C          1105             5            1111          1116             6   90
619   620        B          1106             2            1106          1108             0   95
620   621        C          1109             5            1116          1121             7   90
621   622        A          1111             2            1111          1113             0   95
622   623        C          1114             3            1126          1129            12  Gas
623   624        C          1117             7            1129          1136            12  Gas
624   625        C          1118             5            1136          1141            18  Gas
625   626        B          1121             2            1121          1123             0   90
626   627        B          1121             1            1121          1122             0   95
627   628        A          1121             1            1122          1123             1   95
628   629        C          1122             5            1141          1146            19  Gas
629   630        B          1125             2            1125          1127             0   95
630   631        A          1128             2            1128          1130             0   95
631   632        A          1131             2            1131          1133             0   95
632   633        C          1134             5            1146          1151            12  Gas
633   634        C          1134             5            1151          1156            17  Gas
634   635        A          1134             1            1134          1135             0   95
635   636        A          1134             3            1135          1138             1   95
636   637        C          1135             7            1156          1163            21  Gas
637   638        C          1137             7            1163          1170            26  Gas
638   639        C          1140             3            1170          1173            30  Gas
639   640        B          1142             2            1142          1144             0   95
640   641        C          1145             7            1145          1152             0   90
641   642        C          1148             5            1152          1157             4   90
642   643        B          1151             3            1151          1154             0   95
643   644        C          1153             7            1157          1164             4   90
644   645        A          1153             3            1154          1157             1   95
645   646        A          1153             1            1157          1158             4   95
646   647        C          1153             5            1164          1169            11   90
647   648        B          1156             3            1169          1172            13   90
648   649        A          1156             2            1158          1160             2   95
649   650        B          1159             3            1172          1175            13   90
650   651        C          1161             3            1173          1176            12  Gas
651   652        C          1162             5            1175          1180            13   90
652   653        C          1165             5            1176          1181            11  Gas
653   654        C          1168             7            1181          1188            13  Gas
654   655        A          1168             1            1168          1169             0   95
655   656        C          1170             5            1188          1193            18  Gas
656   657        B          1171             2            1180          1182             9   90
657   658        C          1173             5            1193          1198            20  Gas
658   659        C          1176             5            1182          1187             6   90
659   660        C          1176             5            1198          1203            22  Gas
660   661        B          1176             3            1176          1179             0   95
661   662        C          1177             5            1187          1192            10   90
662   663        B          1178             3            1179          1182             1   95
663   664        A          1181             1            1182          1183             1   95
664   665        C          1184             3            1203          1206            19  Gas
665   666        B          1186             2            1192          1194             6   90
666   667        A          1186             3            1186          1189             0   95
667   668        A          1188             3            1189          1192             1   95
668   669        C          1191             5            1194          1199             3   90
669   670        A          1194             3            1194          1197             0   95
670   671        C          1194             5            1206          1211            12  Gas
671   672        C          1195             5            1199          1204             4   90
672   673        C          1197             5            1211          1216            14  Gas
673   674        C          1200             7            1204          1211             4   90
674   675        C          1203             3            1211          1214             8   90
675   676        B          1203             3            1203          1206             0   95
676   677        B          1204             3            1206          1209             2   95
677   678        A          1205             1            1209          1210             4   95
678   679        A          1205             3            1210          1213             5   95
679   680        B          1208             2            1214          1216             6   90
680   681        B          1209             3            1213          1216             4   95
681   682        B          1209             3            1216          1219             7   95
682   683        B          1211             1            1219          1220             8   95
683   684        C          1212             3            1216          1219             4  Gas
684   685        C          1215             5            1216          1221             1   90
685   686        C          1218             7            1221          1228             3   90
686   687        C          1219             5            1219          1224             0  Gas
687   688        A          1220             1            1220          1221             0   95
688   689        A          1223             3            1223          1226             0   95
689   690        C          1226             3            1226          1229             0  Gas
690   691        C          1229             5            1229          1234             0  Gas
691   692        A          1230             2            1230          1232             0   95
692   693        B          1232             2            1232          1234             0   95
693   694        C          1234             7            1234          1241             0  Gas
694   695        A          1237             2            1237          1239             0   95
695   696        A          1240             1            1240          1241             0   95
696   697        C          1241             5            1241          1246             0  Gas
697   698        C          1243             3            1246          1249             3  Gas
698   699        B          1246             1            1246          1247             0   95
699   700        B          1248             1            1248          1249             0   90
700   701        C          1250             7            1250          1257             0   90
701   702        B          1252             3            1252          1255             0   95
702   703        B          1255             2            1255          1257             0   95
703   704        B          1258             2            1258          1260             0   90
704   705        A          1260             2            1260          1262             0   95
705   706        C          1261             5            1261          1266             0  Gas
706   707        A          1263             2            1263          1265             0   95
707   708        C          1265             7            1265          1272             0   90
708   709        B          1268             2            1272          1274             4   90
709   710        A          1270             2            1270          1272             0   95
710   711        C          1271             7            1271          1278             0  Gas
711   712        A          1274             2            1274          1276             0   95
712   713        A          1274             3            1276          1279             2   95
713   714        A          1276             2            1279          1281             3   95
714   715        C          1278             5            1278          1283             0  Gas
715   716        A          1280             3            1281          1284             1   95
716   717        C          1281             7            1283          1290             2  Gas
717   718        B          1284             2            1284          1286             0   95
718   719        C          1284             3            1290          1293             6  Gas
719   720        A          1286             1            1286          1287             0   95
720   721        B          1289             3            1289          1292             0   90
721   722        B          1291             1            1291          1292             0   95
722   723        C          1292             5            1292          1297             0   90
723   724        B          1295             3            1295          1298             0   95
724   725        B          1297             2            1298          1300             1   95
725   726        B          1298             3            1300          1303             2   95
726   727        C          1298             5            1298          1303             0  Gas
727   728        C          1300             3            1303          1306             3  Gas
728   729        B          1300             2            1300          1302             0   90
729   730        A          1301             3            1303          1306             2   95
730   731        B          1302             3            1306          1309             4   95
731   732        C          1304             7            1306          1313             2  Gas
732   733        C          1304             5            1304          1309             0   90
733   734        B          1304             3            1309          1312             5   95
734   735        C          1307             5            1313          1318             6  Gas
735   736        C          1308             5            1309          1314             1   90
736   737        C          1309             7            1318          1325             9  Gas
737   738        C          1310             7            1325          1332            15  Gas
738   739        C          1310             5            1332          1337            22  Gas
739   740        B          1312             2            1312          1314             0   95
740   741        C          1315             5            1337          1342            22  Gas
741   742        C          1317             3            1317          1320             0   90
742   743        B          1318             3            1318          1321             0   95
743   744        A          1321             1            1321          1322             0   95
744   745        B          1323             2            1323          1325             0   90
745   746        C          1325             5            1325          1330             0   90
746   747        B          1327             3            1327          1330             0   95
747   748        C          1327             5            1342          1347            15  Gas
748   749        C          1328             5            1330          1335             2   90
749   750        C          1331             3            1347          1350            16  Gas
750   751        C          1331             3            1350          1353            19  Gas
751   752        C          1333             5            1335          1340             2   90
752   753        C          1335             5            1340          1345             5   90
753   754        C          1336             7            1353          1360            17  Gas
754   755        C          1339             5            1360          1365            21  Gas
755   756        A          1342             1            1342          1343             0   95
756   757        C          1344             7            1345          1352             1   90
757   758        C          1347             5            1365          1370            18  Gas
758   759        C          1347             5            1370          1375            23  Gas
759   760        C          1350             5            1375          1380            25  Gas
760   761        C          1353             3            1380          1383            27  Gas
761   762        B          1353             2            1353          1355             0   95
762   763        B          1356             3            1356          1359             0   95
763   764        C          1357             5            1383          1388            26  Gas
764   765        B          1360             2            1360          1362             0   95
765   766        C          1360             5            1388          1393            28  Gas
766   767        C          1362             5            1393          1398            31  Gas
767   768        C          1363             3            1363          1366             0   90
768   769        C          1365             3            1398          1401            33  Gas
769   770        B          1366             2            1366          1368             0   95
770   771        C          1367             3            1401          1404            34  Gas
771   772        B          1370             2            1370          1372             0   90
772   773        C          1373             5            1373          1378             0   90
773   774        B          1375             3            1375          1378             0   95
774   775        B          1378             3            1378          1381             0   95
775   776        B          1381             2            1381          1383             0   90
776   777        B          1384             2            1384          1386             0   95
777   778        B          1386             2            1386          1388             0   95
778   779        C          1389             5            1404          1409            15  Gas
779   780        C          1390             5            1409          1414            19  Gas
780   781        C          1392             7            1414          1421            22  Gas
781   782        C          1394             3            1394          1397             0   90
782   783        C          1397             5            1421          1426            24  Gas
783   784        C          1397             7            1426          1433            29  Gas
784   785        B          1398             3            1398          1401             0   90
785   786        B          1398             3            1398          1401             0   95
786   787        A          1399             2            1401          1403             2   95
787   788        C          1400             3            1433          1436            33  Gas
788   789        B          1402             2            1403          1405             1   95
789   790        B          1402             2            1405          1407             3   95
790   791        B          1403             2            1407          1409             4   95
791   792        B          1406             3            1406          1409             0   90
792   793        C          1409             5            1409          1414             0   90
793   794        B          1409             1            1409          1410             0   95
794   795        A          1412             3            1412          1415             0   95
795   796        B          1414             2            1415          1417             1   95
796   797        B          1417             3            1417          1420             0   95
797   798        C          1420             5            1436          1441            16  Gas
798   799        C          1423             5            1441          1446            18  Gas
799   800        B          1424             1            1424          1425             0   90
800   801        B          1426             2            1426          1428             0   95
801   802        A          1429             3            1429          1432             0   95
802   803        B          1430             3            1432          1435             2   95
803   804        A          1431             3            1435          1438             4   95
804   805        B          1432             2            1432          1434             0   90
805   806        B          1433             3            1438          1441             5   95
806   807        A          1436             1            1441          1442             5   95
807   808        A          1439             3            1442          1445             3   95
808   809        B          1441             3            1445          1448             4   95
809   810        B          1443             2            1448          1450             5   95
810   811        C          1446             5            1446          1451             0  Gas
811   812        A          1449             3            1450          1453             1   95
812   813        A          1452             2            1453          1455             1   95
813   814        B          1455             2            1455          1457             0   90
814   815        C          1458             5            1458          1463             0   90
815   816        A          1460             3            1460          1463             0   95
816   817        C          1463             5            1463          1468             0   90
817   818        A          1465             3            1465          1468             0   95
818   819        C          1465             7            1465          1472             0  Gas
819   820        A          1466             1            1468          1469             2   95
820   821        A          1467             2            1469          1471             2   95
821   822        C          1470             5            1472          1477             2  Gas
822   823        C          1473             5            1477          1482             4  Gas
823   824        B          1474             3            1474          1477             0   95
824   825        B          1476             3            1477          1480             1   95
825   826        B          1476             3            1476          1479             0   90
826   827        A          1479             3            1480          1483             1   95
827   828        B          1480             2            1483          1485             3   95
828   829        A          1482             3            1485          1488             3   95
829   830        C          1484             5            1484          1489             0  Gas
830   831        C          1487             3            1487          1490             0   90
831   832        B          1488             2            1488          1490             0   95
832   833        C          1491             5            1491          1496             0  Gas
833   834        B          1491             3            1491          1494             0   95
834   835        A          1494             3            1494          1497             0   95
835   836        C          1497             5            1497          1502             0  Gas
836   837        B          1497             3            1497          1500             0   95
837   838        C          1498             5            1498          1503             0   90
838   839        B          1499             1            1500          1501             1   95
839   840        C          1499             3            1503          1506             4   90
840   841        C          1502             5            1502          1507             0  Gas
841   842        B          1503             3            1503          1506             0   95
842   843        B          1504             3            1506          1509             2   95
843   844        B          1506             3            1506          1509             0   90
844   845        C          1509             5            1509          1514             0  Gas
845   846        C          1510             5            1514          1519             4  Gas
846   847        A          1511             3            1511          1514             0   95
847   848        B          1511             3            1511          1514             0   90
848   849        B          1514             1            1514          1515             0   95
849   850        B          1516             2            1516          1518             0   90
850   851        B          1518             1            1518          1519             0   95
851   852        C          1518             3            1519          1522             1  Gas
852   853        B          1521             3            1521          1524             0   95
853   854        C          1522             5            1522          1527             0  Gas
854   855        B          1522             3            1522          1525             0   90
855   856        A          1525             3            1525          1528             0   95
856   857        B          1526             1            1526          1527             0   90
857   858        B          1527             2            1528          1530             1   95
858   859        C          1530             3            1530          1533             0  Gas
859   860        B          1532             2            1532          1534             0   95
860   861        B          1535             3            1535          1538             0   95
861   862        C          1536             3            1536          1539             0  Gas
862   863        B          1538             3            1538          1541             0   95
863   864        C          1541             5            1541          1546             0  Gas
864   865        B          1544             3            1544          1547             0   90
865   866        A          1546             3            1546          1549             0   95
866   867        C          1547             5            1547          1552             0  Gas
867   868        A          1550             1            1550          1551             0   95
868   869        C          1551             5            1552          1557             1  Gas
869   870        A          1553             3            1553          1556             0   95
870   871        C          1556             5            1556          1561             0   90
871   872        B          1559             3            1561          1564             2   90
872   873        B          1560             3            1564          1567             4   90
873   874        A          1562             2            1562          1564             0   95
874   875        A          1565             1            1565          1566             0   95
875   876        B          1567             3            1567          1570             0   95
876   877        B          1569             3            1569          1572             0   90
877   878        B          1572             2            1572          1574             0   95
878   879        A          1573             1            1574          1575             1   95
879   880        A          1576             3            1576          1579             0   95
880   881        C          1578             5            1578          1583             0  Gas
881   882        C          1580             7            1583          1590             3  Gas
882   883        A          1583             3            1583          1586             0   95
883   884        B          1585             1            1585          1586             0   90
884   885        B          1587             2            1587          1589             0   95
885   886        C          1588             3            1590          1593             2  Gas
886   887        A          1591             3            1591          1594             0   95
887   888        B          1591             3            1594          1597             3   95
888   889        B          1591             1            1597          1598             6   95
889   890        B          1592             3            1598          1601             6   95
890   891        C          1595             5            1595          1600             0  Gas
891   892        C          1596             5            1600          1605             4  Gas
892   893        A          1597             3            1601          1604             4   95
893   894        C          1597             5            1597          1602             0   90
894   895        A          1599             3            1604          1607             5   95
895   896        B          1602             3            1607          1610             5   95
896   897        A          1603             3            1610          1613             7   95
897   898        A          1605             3            1613          1616             8   95
898   899        C          1608             7            1608          1615             0  Gas
899   900        C          1610             3            1615          1618             5  Gas
900   901        C          1611             5            1618          1623             7  Gas
901   902        C          1612             5            1612          1617             0   90
902   903        A          1613             3            1616          1619             3   95
903   904        C          1614             5            1623          1628             9  Gas
904   905        A          1617             3            1619          1622             2   95
905   906        C          1619             5            1628          1633             9  Gas
906   907        B          1622             3            1622          1625             0   95
907   908        A          1624             3            1625          1628             1   95
908   909        B          1626             2            1626          1628             0   90
909   910        B          1629             2            1629          1631             0   95
910   911        C          1630             5            1630          1635             0   90
911   912        C          1633             5            1635          1640             2   90
912   913        B          1635             3            1635          1638             0   95
913   914        C          1636             7            1640          1647             4   90
914   915        B          1639             3            1639          1642             0   95
915   916        C          1642             7            1642          1649             0  Gas
916   917        B          1642             3            1642          1645             0   95
917   918        B          1644             3            1645          1648             1   95
918   919        B          1647             1            1647          1648             0   90
919   920        B          1648             1            1648          1649             0   90
920   921        C          1651             7            1651          1658             0  Gas
921   922        C          1652             5            1658          1663             6  Gas
922   923        B          1653             3            1653          1656             0   95
923   924        C          1654             7            1663          1670             9  Gas
924   925        B          1655             3            1656          1659             1   95
925   926        C          1658             5            1670          1675            12  Gas
926   927        B          1659             3            1659          1662             0   95
927   928        C          1661             5            1675          1680            14  Gas
928   929        C          1664             5            1680          1685            16  Gas
929   930        B          1667             3            1667          1670             0   90
930   931        C          1669             5            1670          1675             1   90
931   932        B          1670             2            1670          1672             0   95
932   933        B          1673             1            1675          1676             2   90
933   934        B          1676             3            1676          1679             0   95
934   935        B          1678             3            1678          1681             0   90
935   936        B          1681             3            1681          1684             0   90
936   937        C          1684             5            1685          1690             1  Gas
937   938        C          1684             7            1684          1691             0   90
938   939        A          1684             2            1684          1686             0   95
939   940        B          1684             2            1686          1688             2   95
940   941        B          1686             2            1691          1693             5   90
941   942        A          1688             3            1688          1691             0   95
942   943        C          1689             5            1693          1698             4   90
943   944        C          1691             5            1691          1696             0  Gas
944   945        B          1694             3            1698          1701             4   90
945   946        A          1697             2            1697          1699             0   95
946   947        C          1700             5            1700          1705             0  Gas
947   948        C          1701             5            1705          1710             4  Gas
948   949        C          1701             7            1710          1717             9  Gas
949   950        C          1701             5            1717          1722            16  Gas
950   951        A          1704             3            1704          1707             0   95
951   952        B          1707             1            1707          1708             0   95
952   953        C          1707             3            1722          1725            15  Gas
953   954        C          1709             5            1725          1730            16  Gas
954   955        B          1710             3            1710          1713             0   90
955   956        C          1712             7            1713          1720             1   90
956   957        C          1714             5            1720          1725             6   90
957   958        C          1717             5            1725          1730             8   90
958   959        B          1718             2            1718          1720             0   95
959   960        A          1720             2            1720          1722             0   95
960   961        C          1722             5            1730          1735             8  Gas
961   962        B          1723             3            1723          1726             0   95
962   963        B          1726             3            1726          1729             0   95
963   964        B          1728             3            1730          1733             2   90
964   965        C          1729             5            1733          1738             4   90
965   966        C          1731             5            1735          1740             4  Gas
966   967        C          1732             5            1738          1743             6   90
967   968        A          1732             3            1732          1735             0   95
968   969        B          1734             2            1735          1737             1   95
969   970        C          1734             5            1743          1748             9   90
970   971        C          1734             7            1740          1747             6  Gas
971   972        C          1734             7            1747          1754            13  Gas
972   973        B          1737             2            1737          1739             0   95
973   974        B          1740             3            1748          1751             8   90
974   975        C          1741             5            1754          1759            13  Gas
975   976        C          1742             5            1751          1756             9   90
976   977        C          1744             5            1759          1764            15  Gas
977   978        B          1746             2            1756          1758            10   90
978   979        C          1746             5            1758          1763            12   90
979   980        A          1747             3            1747          1750             0   95
980   981        A          1750             3            1750          1753             0   95
981   982        B          1752             2            1763          1765            11   90
982   983        C          1754             3            1765          1768            11   90
983   984        B          1756             1            1768          1769            12   90
984   985        B          1759             3            1759          1762             0   95
985   986        B          1762             2            1762          1764             0   95
986   987        B          1763             3            1764          1767             1   95
987   988        A          1764             1            1767          1768             3   95
988   989        B          1766             3            1768          1771             2   95
989   990        C          1769             7            1769          1776             0  Gas
990   991        B          1772             3            1772          1775             0   90
991   992        B          1774             2            1774          1776             0   95
992   993        B          1777             2            1777          1779             0   90
993   994        B          1780             1            1780          1781             0   90
994   995        B          1783             2            1783          1785             0   95
995   996        A          1786             3            1786          1789             0   95
996   997        B          1789             1            1789          1790             0   95
997   998        A          1790             3            1790          1793             0   95
998   999        C          1792             3            1792          1795             0  Gas
999  1000        B          1795             3            1795          1798             0   90