      Car Category  Arrival Time  Service Time  Service Begins  Service Ends  Waiting Time Pump
0       1        B             0             3               0             3             0   90
1       2        C             3             7               3            10             0  Gas
2       3        B             5             2               5             7             0   90
3       4        B             5             3               7            10             2   90
4       5        C             6             7              10            17             4  Gas
5       6        B             8             1              10            11             2   90
6       7        B            11             3              11            14             0   95
7       8        A            14             2              14            16             0   95
8       9        B            14             2              16            18             2   95
9      10        C            14             5              17            22             3  Gas
10     11        C            17             5              22            27             5  Gas
11     12        B            18             3              18            21             0   90
12     13        C            19             7              27            34             8  Gas
13     14        C            19             7              34            41            15  Gas
14     15        B            20             1              21            22             1   90
15     16        C            20             7              41            48            21  Gas
16     17        B            23             2              23            25             0   95
17     18        B            26             3              26            29             0   90
18     19        B            28             2              29            31             1   90
19     20        B            28             3              28            31             0   95
20     21        A            30             2              31            33             1   95
21     22        C            30             5              48            53            18  Gas
22     23        B            33             3              33            36             0   95
23     24        C            33             5              33            38             0   90
24     25        C            34             3              53            56            19  Gas
25     26        C            37             7              38            45             1   90
26     27        C            37             7              56            63            19  Gas
27     28        B            40             3              40            43             0   95
28     29        B            43             3              45            48             2   90
29     30        C            44             5              63            68            19  Gas
30     31        B            47             1              48            49             1   90
31     32        B            48             2              49            51             1   90
32     33        C            48             7              68            75            20  Gas
33     34        C            49             3              75            78            26  Gas
34     35        C            49             5              78            83            29  Gas
35     36        C            51             3              51            54             0   90
36     37        A            54             1              54            55             0   95
37     38        C            56             5              83            88            27  Gas
38     39        C            59             5              88            93            29  Gas
39     40        C            62             5              93            98            31  Gas
40     41        A            64             3              64            67             0   95
41     42        B            64             3              67            70             3   95
42     43        C            64             3              64            67             0   90
43     44        C            64             5              98           103            34  Gas
44     45        B            66             1              67            68             1   90
45     46        C            69             7             103           110            34  Gas
46     47        C            72             3             110           113            38  Gas
47     48        C            75             5              75            80             0   90
48     49        B            75             3              75            78             0   95
49     50        C            75             7              80            87             5   90
50     51        B            78             3              78            81             0   95
51     52        C            79             7             113           120            34  Gas
52     53        B            82             2              82            84             0   95
53     54        B            85             3              85            88             0   95
54     55        B            87             3              87            90             0   90
55     56        B            90             2              90            92             0   90
56     57        B            92             2              92            94             0   90
57     58        C            95             5             120           125            25  Gas
58     59        B            97             3              97           100             0   90
59     60        B            97             3             100           103             3   90
60     61        B           100             3             103           106             3   90
61     62        B           103             2             106           108             3   90
62     63        B           105             1             105           106             0   95
63     64        B           106             1             106           107             0   95
64     65        C           109             7             109           116             0   90
65     66        A           112             1             112           113             0   95
66     67        A           115             2             115           117             0   95
67     68        C           116             5             116           121             0   90
68     69        C           119             7             125           132             6  Gas
69     70        C           122             5             122           127             0   90
70     71        A           122             3             122           125             0   95
71     72        C           125             5             127           132             2   90
72     73        A           127             3             127           130             0   95
73     74        A           128             3             130           133             2   95
74     75        C           130             7             132           139             2   90
75     76        B           131             1             139           140             8   90
76     77        C           134             5             134           139             0  Gas
77     78        C           137             3             140           143             3   90
78     79        B           139             3             143           146             4   90
79     80        C           141             5             141           146             0  Gas
80     81        C           143             5             146           151             3  Gas
81     82        B           144             3             146           149             2   90
82     83        A           146             2             146           148             0   95
83     84        A           148             3             148           151             0   95
84     85        B           149             3             151           154             2   95
85     86        C           150             7             151           158             1  Gas
86     87        C           150             5             150           155             0   90
87     88        A           153             2             154           156             1   95
88     89        B           154             2             156           158             2   95
89     90        A           157             1             158           159             1   95
90     91        A           158             2             159           161             1   95
91     92        C           161             5             161           166             0  Gas
92     93        C           164             7             166           173             2  Gas
93     94        A           164             3             164           167             0   95
94     95        C           166             5             173           178             7  Gas
95     96        B           166             2             167           169             1   95
96     97        B           167             3             169           172             2   95
97     98        B           167             3             172           175             5   95
98     99        C           168             5             178           183            10  Gas
99    100        C           170             5             183           188            13  Gas
100   101        B           173             3             175           178             2   95
101   102        C           173             5             173           178             0   90
102   103        C           175             5             188           193            13  Gas
103   104        C           178             7             193           200            15  Gas
104   105        C           181             5             181           186             0   90
105   106        B           183             2             183           185             0   95
106   107        C           185             5             186           191             1   90
107   108        B           187             2             191           193             4   90
108   109        C           188             5             193           198             5   90
109   110        C           190             7             198           205             8   90
110   111        C           192             5             205           210            13   90
111   112        C           194             3             200           203             6  Gas
112   113        B           197             1             197           198             0   95
113   114        B           198             2             198           200             0   95
114   115        A           201             2             201           203             0   95
115   116        C           204             5             204           209             0  Gas
116   117        C           205             5             209           214             4  Gas
117   118        C           205             7             214           221             9  Gas
118   119        C           208             5             221           226            13  Gas
119   120        C           210             3             210           213             0   90
120   121        C           211             3             213           216             2   90
121   122        B           214             1             214           215             0   95
122   123        B           216             3             216           219             0   95
123   124        B           219             2             219           221             0   95
124   125        C           221             5             226           231             5  Gas
125   126        C           221             7             231           238            10  Gas
126   127        B           222             2             222           224             0   95
127   128        B           224             1             224           225             0   90
128   129        C           224             5             238           243            14  Gas
129   130        C           227             5             227           232             0   90
130   131        B           230             3             230           233             0   95
131   132        C           233             7             243           250            10  Gas
132   133        C           234             5             250           255            16  Gas
133   134        B           234             3             234           237             0   90
134   135        B           234             3             234           237             0   95
135   136        A           237             2             237           239             0   95
136   137        B           239             2             239           241             0   95
137   138        C           239             7             239           246             0   90
138   139        C           241             7             246           253             5   90
139   140        B           243             1             243           244             0   95
140   141        C           246             3             253           256             7   90
141   142        C           246             7             256           263            10   90
142   143        C           246             7             255           262             9  Gas
143   144        C           249             7             263           270            14   90
144   145        B           251             2             251           253             0   95
145   146        B           251             2             270           272            19   90
146   147        B           254             3             254           257             0   95
147   148        B           256             3             257           260             1   95
148   149        A           259             2             260           262             1   95
149   150        A           262             3             262           265             0   95
150   151        C           265             5             265           270             0  Gas
151   152        C           268             5             272           277             4   90
152   153        B           270             1             270           271             0   95
153   154        A           273             3             273           276             0   95
154   155        A           275             3             276           279             1   95
155   156        C           275             5             277           282             2   90
156   157        A           278             1             279           280             1   95
157   158        A           278             2             280           282             2   95
158   159        B           279             1             282           283             3   95
159   160        C           281             7             282           289             1   90
160   161        C           284             7             284           291             0  Gas
161   162        A           287             3             287           290             0   95
162   163        C           289             7             289           296             0   90
163   164        A           290             3             290           293             0   95
164   165        C           290             5             296           301             6   90
165   166        C           293             5             293           298             0  Gas
166   167        A           293             2             293           295             0   95
167   168        A           295             3             295           298             0   95
168   169        C           298             7             301           308             3   90
169   170        C           299             7             299           306             0  Gas
170   171        C           302             7             306           313             4  Gas
171   172        C           305             5             313           318             8  Gas
172   173        B           307             3             308           311             1   90
173   174        A           308             3             308           311             0   95
174   175        C           310             3             311           314             1   90
175   176        A           313             3             313           316             0   95
176   177        C           316             5             318           323             2  Gas
177   178        C           317             7             317           324             0   90
178   179        A           318             2             318           320             0   95
179   180        B           318             2             324           326             6   90
180   181        B           320             1             320           321             0   95
181   182        C           323             3             323           326             0  Gas
182   183        C           326             7             326           333             0   90
183   184        C           328             3             328           331             0  Gas
184   185        A           329             3             329           332             0   95
185   186        B           329             2             332           334             3   95
186   187        A           332             3             334           337             2   95
187   188        B           335             3             337           340             2   95
188   189        C           338             5             338           343             0   90
189   190        B           339             3             340           343             1   95
190   191        B           339             3             343           346             4   90
191   192        C           341             5             341           346             0  Gas
192   193        C           344             3             346           349             2   90
193   194        C           347             5             347           352             0  Gas
194   195        C           350             3             352           355             2  Gas
195   196        C           353             3             355           358             2  Gas
196   197        C           355             5             355           360             0   90
197   198        C           356             7             360           367             4   90
198   199        C           359             3             359           362             0  Gas
199   200        C           362             5             362           367             0  Gas
200   201        B           362             3             367           370             5   90
201   202        C           365             7             370           377             5   90
202   203        B           368             3             368           371             0   95
203   204        C           370             7             370           377             0  Gas
204   205        C           371             5             377           382             6  Gas
205   206        C           374             7             377           384             3   90
206   207        C           377             5             384           389             7   90
207   208        B           377             3             377           380             0   95
208   209        C           379             5             389           394            10   90
209   210        B           382             1             394           395            12   90
210   211        C           385             7             395           402            10   90
211   212        C           386             7             386           393             0  Gas
212   213        A           388             2             388           390             0   95
213   214        A           391             1             391           392             0   95
214   215        A           391             3             392           395             1   95
215   216        A           394             3             395           398             1   95
216   217        C           397             5             397           402             0  Gas
217   218        C           397             3             402           405             5   90
218   219        B           397             3             398           401             1   95
219   220        B           400             3             401           404             1   95
220   221        A           402             3             404           407             2   95
221   222        B           404             3             407           410             3   95
222   223        C           407             3             407           410             0  Gas
223   224        B           410             3             410           413             0   95
224   225        C           413             3             413           416             0   90
225   226        C           414             5             416           421             2   90
226   227        A           415             1             415           416             0   95
227   228        B           418             2             421           423             3   90
228   229        C           421             7             423           430             2   90
229   230        B           421             3             430           433             9   90
230   231        B           423             3             423           426             0   95
231   232        B           425             1             426           427             1   95
232   233        B           426             1             433           434             7   90
233   234        B           426             2             427           429             1   95
234   235        C           427             3             427           430             0  Gas
235   236        C           429             7             430           437             1  Gas
236   237        C           429             5             434           439             5   90
237   238        B           432             2             432           434             0   95
238   239        A           433             2             434           436             1   95
239   240        B           434             1             436           437             2   95
240   241        B           435             1             437           438             2   95
241   242        A           438             2             438           440             0   95
242   243        B           438             1             439           440             1   90
243   244        C           441             7             441           448             0  Gas
244   245        C           442             7             442           449             0   90
245   246        C           444             7             448           455             4  Gas
246   247        B           445             2             449           451             4   90
247   248        C           448             5             455           460             7  Gas
248   249        C           450             7             460           467            10  Gas
249   250        C           453             3             453           456             0   90
250   251        B           453             1             453           454             0   95
251   252        C           456             5             456           461             0   90
252   253        A           457             2             457           459             0   95
253   254        B           458             3             461           464             3   90
254   255        B           460             3             464           467             4   90
255   256        A           461             2             461           463             0   95
256   257        A           464             2             464           466             0   95
257   258        C           465             5             467           472             2   90
258   259        B           468             1             468           469             0   95
259   260        A           471             3             471           474             0   95
260   261        C           473             3             473           476             0  Gas
261   262        B           476             3             476           479             0   95
262   263        C           479             5             479           484             0  Gas
263   264        C           481             5             484           489             3  Gas
264   265        C           484             5             489           494             5  Gas
265   266        C           484             5             494           499            10  Gas
266   267        C           485             5             499           504            14  Gas
267   268        A           486             2             486           488             0   95
268   269        A           488             2             488           490             0   95
269   270        B           488             3             488           491             0   90
270   271        C           489             5             504           509            15  Gas
271   272        C           489             5             491           496             2   90
272   273        B           491             3             491           494             0   95
273   274        C           492             5             496           501             4   90
274   275        B           493             2             494           496             1   95
275   276        A           493             3             496           499             3   95
276   277        C           495             5             509           514            14  Gas
277   278        A           496             3             499           502             3   95
278   279        C           499             7             514           521            15  Gas
279   280        A           500             3             502           505             2   95
280   281        C           501             5             501           506             0   90
281   282        C           501             3             521           524            20  Gas
282   283        A           504             3             505           508             1   95
283   284        A           506             3             508           511             2   95
284   285        B           509             3             509           512             0   90
285   286        C           509             5             524           529            15  Gas
286   287        C           512             7             529           536            17  Gas
287   288        B           514             3             514           517             0   90
288   289        A           517             3             517           520             0   95
289   290        A           517             3             520           523             3   95
290   291        C           519             3             519           522             0   90
291   292        B           521             1             523           524             2   95
292   293        B           523             2             523           525             0   90
293   294        A           524             3             524           527             0   95
294   295        B           527             3             527           530             0   95
295   296        A           528             2             530           532             2   95
296   297        C           531             7             531           538             0   90
297   298        A           532             3             532           535             0   95
298   299        C           533             5             538           543             5   90
299   300        C           536             7             536           543             0  Gas
300   301        C           539             5             543           548             4  Gas
301   302        A           540             3             540           543             0   95
302   303        A           540             1             543           544             3   95
303   304        C           542             7             548           555             6  Gas
304   305        B           542             3             543           546             1   90
305   306        C           544             5             555           560            11  Gas
306   307        A           547             3             547           550             0   95
307   308        C           550             7             550           557             0   90
308   309        B           550             1             550           551             0   95
309   310        C           553             5             557           562             4   90
310   311        A           555             3             555           558             0   95
311   312        B           558             3             558           561             0   95
312   313        B           560             1             561           562             1   95
313   314        C           563             5             563           568             0   90
314   315        B           566             3             568           571             2   90
315   316        A           568             3             568           571             0   95
316   317        A           570             1             571           572             1   95
317   318        B           570             2             571           573             1   90
318   319        C           573             3             573           576             0   90
319   320        A           576             3             576           579             0   95
320   321        A           578             2             579           581             1   95
321   322        C           579             5             579           584             0  Gas
322   323        B           581             3             581           584             0   90
323   324        C           583             7             584           591             1  Gas
324   325        C           586             5             586           591             0   90
325   326        B           587             2             591           593             4   90
326   327        C           590             7             593           600             3   90
327   328        C           593             7             593           600             0  Gas
328   329        C           593             7             600           607             7  Gas
329   330        B           596             3             596           599             0   95
330   331        C           599             5             607           612             8  Gas
331   332        C           601             3             612           615            11  Gas
332   333        C           603             5             603           608             0   90
333   334        B           605             2             608           610             3   90
334   335        C           608             5             610           615             2   90
335   336        A           610             2             610           612             0   95
336   337        B           612             3             612           615             0   95
337   338        A           614             1             615           616             1   95
338   339        C           617             5             617           622             0  Gas
339   340        C           620             7             622           629             2  Gas
340   341        C           621             3             629           632             8  Gas
341   342        B           624             3             624           627             0   95
342   343        B           624             3             627           630             3   95
343   344        B           624             3             624           627             0   90
344   345        C           626             5             627           632             1   90
345   346        A           629             3             630           633             1   95
346   347        C           630             5             632           637             2  Gas
347   348        B           630             3             633           636             3   95
348   349        C           633             5             637           642             4  Gas
349   350        B           634             2             634           636             0   90
350   351        A           637             2             637           639             0   95
351   352        C           639             3             642           645             3  Gas
352   353        B           639             3             639           642             0   90
353   354        B           641             2             641           643             0   95
354   355        A           644             2             644           646             0   95
355   356        C           645             5             645           650             0  Gas
356   357        B           646             1             646           647             0   90
357   358        C           647             5             650           655             3  Gas
358   359        C           650             5             655           660             5  Gas
359   360        B           653             1             653           654             0   95
360   361        B           654             3             654           657             0   95
361   362        B           657             3             657           660             0   95
362   363        A           659             3             660           663             1   95
363   364        C           662             5             662           667             0   90
364   365        A           664             2             664           666             0   95
365   366        A           666             2             666           668             0   95
366   367        B           666             3             668           671             2   95
367   368        C           668             5             668           673             0   90
368   369        C           670             7             670           677             0  Gas
369   370        A           672             3             672           675             0   95
370   371        B           675             1             675           676             0   95
371   372        C           676             5             677           682             1  Gas
372   373        A           679             3             679           682             0   95
373   374        B           682             3             682           685             0   95
374   375        B           682             2             685           687             3   95
375   376        A           682             2             687           689             5   95
376   377        C           684             7             684           691             0   90
377   378        C           687             5             687           692             0  Gas
378   379        A           690             2             690           692             0   95
379   380        B           693             3             693           696             0   90
380   381        B           695             3             695           698             0   95
381   382        B           697             2             698           700             1   95
382   383        C           699             7             699           706             0   90
383   384        A           700             1             700           701             0   95
384   385        C           700             5             700           705             0  Gas
385   386        C           701             7             705           712             4  Gas
386   387        B           701             3             701           704             0   95
387   388        C           703             3             706           709             3   90
388   389        B           705             3             709           712             4   90
389   390        A           708             3             708           711             0   95
390   391        B           711             3             711           714             0   95
391   392        B           714             2             714           716             0   95
392   393        C           714             5             714           719             0  Gas
393   394        C           714             5             719           724             5  Gas
394   395        A           717             2             717           719             0   95
395   396        C           717             5             724           729             7  Gas
396   397        A           718             3             719           722             1   95
397   398        A           721             3             722           725             1   95
398   399        C           724             7             729           736             5  Gas
399   400        B           727             3             727           730             0   95
400   401        B           728             3             730           733             2   95
401   402        B           729             1             729           730             0   90
402   403        A           731             3             733           736             2   95
403   404        A           732             3             736           739             4   95
404   405        B           732             3             739           742             7   95
405   406        C           735             5             736           741             1  Gas
406   407        C           735             5             741           746             6  Gas
407   408        B           736             1             742           743             6   95
408   409        B           739             2             743           745             4   95
409   410        B           739             1             739           740             0   90
410   411        A           741             2             745           747             4   95
411   412        B           742             3             747           750             5   95
412   413        B           742             3             750           753             8   95
413   414        B           745             2             753           755             8   95
414   415        C           748             7             748           755             0  Gas
415   416        B           748             3             748           751             0   90
416   417        A           751             3             755           758             4   95
417   418        C           752             5             752           757             0   90
418   419        B           752             3             758           761             6   95
419   420        A           753             3             761           764             8   95
420   421        B           756             2             757           759             1   90
421   422        A           759             2             764           766             5   95
422   423        A           761             3             766           769             5   95
423   424        A           762             3             769           772             7   95
424   425        C           765             5             765           770             0   90
425   426        B           766             2             770           772             4   90
426   427        B           769             1             772           773             3   95
427   428        B           771             2             773           775             2   95
428   429        C           774             3             774           777             0   90
429   430        A           775             3             775           778             0   95
430   431        C           775             7             777           784             2   90
431   432        C           775             5             775           780             0  Gas
432   433        B           777             3             778           781             1   95
433   434        C           777             7             784           791             7   90
434   435        A           778             2             781           783             3   95
435   436        C           781             5             791           796            10   90
436   437        C           784             7             784           791             0  Gas
437   438        B           787             1             787           788             0   95
438   439        A           790             2             790           792             0   95
439   440        B           790             2             792           794             2   95
440   441        A           793             2             794           796             1   95
441   442        C           796             5             796           801             0   90
442   443        A           797             2             797           799             0   95
443   444        C           797             3             797           800             0  Gas
444   445        C           798             7             800           807             2  Gas
445   446        A           798             1             799           800             1   95
446   447        C           801             5             801           806             0   90
447   448        C           803             3             806           809             3   90
448   449        A           804             1             804           805             0   95
449   450        C           805             5             809           814             4   90
450   451        C           807             7             814           821             7   90
451   452        B           810             2             810           812             0   95
452   453        C           811             5             821           826            10   90
453   454        A           813             3             813           816             0   95
454   455        A           815             3             816           819             1   95
455   456        A           817             2             819           821             2   95
456   457        B           817             3             821           824             4   95
457   458        B           819             1             824           825             5   95
458   459        B           822             3             825           828             3   95
459   460        B           824             3             826           829             2   90
460   461        A           826             1             828           829             2   95
461   462        B           827             3             829           832             2   95
462   463        C           828             5             828           833             0  Gas
463   464        C           831             5             833           838             2  Gas
464   465        C           833             5             838           843             5  Gas
465   466        B           833             2             833           835             0   90
466   467        B           836             1             836           837             0   95
467   468        B           837             3             837           840             0   95
468   469        A           838             3             840           843             2   95
469   470        C           839             5             839           844             0   90
470   471        A           842             2             843           845             1   95
471   472        C           844             7             844           851             0  Gas
472   473        B           847             3             847           850             0   95
473   474        C           848             5             851           856             3  Gas
474   475        C           850             7             856           863             6  Gas
475   476        C           852             5             863           868            11  Gas
476   477        C           854             5             854           859             0   90
477   478        C           856             5             859           864             3   90
478   479        C           856             7             868           875            12  Gas
479   480        A           856             3             856           859             0   95
480   481        C           857             3             864           867             7   90
481   482        C           860             3             867           870             7   90
482   483        A           863             2             863           865             0   95
483   484        C           864             5             875           880            11  Gas
484   485        B           867             3             867           870             0   95
485   486        A           867             3             870           873             3   95
486   487        B           868             3             873           876             5   95
487   488        C           870             7             880           887            10  Gas
488   489        C           870             3             887           890            17  Gas
489   490        A           873             3             876           879             3   95
490   491        C           874             5             874           879             0   90
491   492        C           874             3             890           893            16  Gas
492   493        B           876             2             879           881             3   95
493   494        A           877             3             881           884             4   95
494   495        A           877             2             884           886             7   95
495   496        B           879             2             886           888             7   95
496   497        C           879             3             893           896            14  Gas
497   498        A           879             3             888           891             9   95
498   499        C           882             7             882           889             0   90
499   500        A           883             2             891           893             8   95
500   501        A           886             2             893           895             7   95
501   502        B           886             2             889           891             3   90
502   503        C           886             3             896           899            10  Gas
503   504        A           886             1             895           896             9   95
504   505        C           886             5             899           904            13  Gas
505   506        C           886             5             891           896             5   90
506   507        C           886             7             896           903            10   90
507   508        C           886             5             903           908            17   90
508   509        C           886             5             904           909            18  Gas
509   510        A           889             3             896           899             7   95
510   511        C           892             5             909           914            17  Gas
511   512        A           894             2             899           901             5   95
512   513        A           895             3             901           904             6   95
513   514        C           896             7             908           915            12   90
514   515        B           897             3             904           907             7   95
515   516        C           898             3             914           917            16  Gas
516   517        C           899             7             917           924            18  Gas
517   518        A           900             3             907           910             7   95
518   519        A           902             3             910           913             8   95
519   520        C           904             7             924           931            20  Gas
520   521        C           905             7             915           922            10   90
521   522        B           906             3             913           916             7   95
522   523        B           907             2             922           924            15   90
523   524        C           910             5             924           929            14   90
524   525        A           913             3             916           919             3   95
525   526        B           915             2             919           921             4   95
526   527        B           917             3             929           932            12   90
527   528        C           917             5             931           936            14  Gas
528   529        B           919             1             932           933            13   90
529   530        C           920             7             933           940            13   90
530   531        B           923             3             940           943            17   90
531   532        C           925             5             936           941            11  Gas
532   533        C           927             5             941           946            14  Gas
533   534        A           928             3             928           931             0   95
534   535        B           928             3             931           934             3   95
535   536        C           930             5             946           951            16  Gas
536   537        B           931             1             934           935             3   95
537   538        C           934             5             943           948             9   90
538   539        C           937             7             948           955            11   90
539   540        C           938             5             951           956            13  Gas
540   541        C           941             5             956           961            15  Gas
541   542        A           944             3             944           947             0   95
542   543        B           946             1             947           948             1   95
543   544        A           948             2             948           950             0   95
544   545        C           951             5             961           966            10  Gas
545   546        B           953             3             953           956             0   95
546   547        A           954             1             956           957             2   95
547   548        C           955             7             966           973            11  Gas
548   549        A           958             2             958           960             0   95
549   550        B           960             3             960           963             0   95
550   551        B           960             1             963           964             3   95
551   552        C           962             5             962           967             0   90
552   553        C           963             5             967           972             4   90
553   554        B           964             2             972           974             8   90
554   555        C           967             5             973           978             6  Gas
555   556        C           968             5             974           979             6   90
556   557        A           971             3             971           974             0   95
557   558        B           974             1             974           975             0   95
558   559        A           977             2             977           979             0   95
559   560        B           978             2             979           981             1   95
560   561        C           981             7             981           988             0  Gas
561   562        B           984             1             984           985             0   95
562   563        C           987             5             987           992             0   90
563   564        B           990             1             990           991             0   95
564   565        B           991             1             991           992             0   95
565   566        A           992             3             992           995             0   95
566   567        B           992             3             995           998             3   95
567   568        A           995             3             998          1001             3   95
568   569        B           995             1            1001          1002             6   95
569   570        C           998             5             998          1003             0  Gas
570   571        B          1000             3            1002          1005             2   95
571   572        B          1002             3            1002          1005             0   90
572   573        C          1003             5            1003          1008             0  Gas
573   574        B          1004             3            1005          1008             1   95
574   575        A          1007             2            1008          1010             1   95
575   576        B          1008             2            1008          1010             0   90
576   577        B          1010             2            1010          1012             0   95
577   578        B          1012             3            1012          1015             0   90
578   579        C          1013             7            1013          1020             0  Gas
579   580        B          1014             1            1015          1016             1   90
580   581        A          1016             3            1016          1019             0   95
581   582        C          1016             7            1016          1023             0   90
582   583        A          1017             1            1019          1020             2   95
583   584        B          1020             1            1020          1021             0   95
584   585        C          1020             5            1023          1028             3   90
585   586        C          1023             5            1028          1033             5   90
586   587        B          1026             3            1026          1029             0   95
587   588        B          1028             3            1033          1036             5   90
588   589        B          1028             3            1029          1032             1   95
589   590        C          1031             7            1031          1038             0  Gas
590   591        C          1031             7            1036          1043             5   90
591   592        B          1033             3            1033          1036             0   95
592   593        B          1036             2            1036          1038             0   95
593   594        C          1037             3            1038          1041             1  Gas
594   595        C          1038             5            1041          1046             3  Gas
595   596        B          1039             2            1039          1041             0   95
596   597        C          1040             7            1043          1050             3   90
597   598        C          1043             3            1046          1049             3  Gas
598   599        B          1043             3            1043          1046             0   95
599   600        A          1045             3            1046          1049             1   95
600   601        C          1048             7            1049          1056             1  Gas
601   602        C          1050             3            1056          1059             6  Gas
602   603        C          1051             5            1059          1064             8  Gas
603   604        C          1052             5            1064          1069            12  Gas
604   605        A          1052             2            1052          1054             0   95
605   606        B          1052             3            1052          1055             0   90
606   607        B          1052             1            1054          1055             2   95
607   608        C          1053             5            1069          1074            16  Gas
608   609        C          1054             5            1055          1060             1   90
609   610        B          1056             2            1056          1058             0   95
610   611        A          1059             3            1059          1062             0   95
611   612        C          1062             3            1074          1077            12  Gas
612   613        B          1065             3            1065          1068             0   95
613   614        B          1066             1            1068          1069             2   95
614   615        C          1069             3            1069          1072             0   90
615   616        C          1072             7            1077          1084             5  Gas
616   617        C          1074             5            1084          1089            10  Gas
617   618        A          1075             1            1075          1076             0   95
618   619        B          1078             3            1078          1081             0   95
619   620        A          1078             3            1081          1084             3   95
620   621        A          1081             3            1084          1087             3   95
621   622        B          1082             3            1082          1085             0   90
622   623        A          1085             3            1087          1090             2   95
623   624        A          1085             2            1090          1092             5   95
624   625        C          1088             5            1088          1093             0   90
625   626        C          1091             5            1091          1096             0  Gas
626   627        B          1094             3            1094          1097             0   95
627   628        B          1094             1            1097          1098             3   95
628   629        C          1094             5            1094          1099             0   90
629   630        C          1095             7            1096          1103             1  Gas
630   631        C          1095             5            1103          1108             8  Gas
631   632        A          1098             3            1098          1101             0   95
632   633        B          1099             2            1099          1101             0   90
633   634        C          1099             5            1101          1106             2   90
634   635        B          1100             2            1101          1103             1   95
635   636        C          1100             5            1106          1111             6   90
636   637        B          1103             3            1103          1106             0   95
637   638        C          1106             7            1108          1115             2  Gas
638   639        C          1109             5            1111          1116             2   90
639   640        A          1111             3            1111          1114             0   95
640   641        B          1112             2            1114          1116             2   95
641   642        A          1115             1            1116          1117             1   95
642   643        C          1118             7            1118          1125             0   90
643   644        B          1119             3            1119          1122             0   95
644   645        A          1120             2            1122          1124             2   95
645   646        C          1123             7            1125          1132             2   90
646   647        C          1125             7            1132          1139             7   90
647   648        A          1128             3            1128          1131             0   95
648   649        B          1129             2            1131          1133             2   95
649   650        A          1130             2            1133          1135             3   95
650   651        C          1133             7            1139          1146             6   90
651   652        C          1133             5            1133          1138             0  Gas
652   653        A          1136             1            1136          1137             0   95
653   654        A          1139             3            1139          1142             0   95
654   655        B          1142             3            1146          1149             4   90
655   656        C          1144             7            1144          1151             0  Gas
656   657        C          1147             5            1151          1156             4  Gas
657   658        B          1150             3            1150          1153             0   90
658   659        C          1153             5            1156          1161             3  Gas
659   660        C          1153             5            1153          1158             0   90
660   661        C          1156             7            1161          1168             5  Gas
661   662        A          1157             3            1157          1160             0   95
662   663        B          1160             3            1160          1163             0   90
663   664        C          1162             5            1163          1168             1   90
664   665        B          1165             2            1165          1167             0   95
665   666        C          1165             5            1168          1173             3  Gas
666   667        A          1168             2            1168          1170             0   95
667   668        B          1169             3            1170          1173             1   95
668   669        C          1172             5            1173          1178             1  Gas
669   670        B          1172             1            1172          1173             0   90
670   671        B          1173             3            1173          1176             0   95
671   672        B          1175             2            1176          1178             1   95
672   673        C          1177             3            1178          1181             1  Gas
673   674        B          1180             1            1180          1181             0   95
674   675        A          1181             1            1181          1182             0   95
675   676        C          1184             5            1184          1189             0   90
676   677        C          1187             5            1189          1194             2   90
677   678        B          1188             3            1194          1197             6   90
678   679        B          1191             2            1191          1193             0   95
679   680        C          1192             3            1192          1195             0  Gas
680   681        C          1195             5            1195          1200             0  Gas
681   682        B          1198             1            1198          1199             0   95
682   683        C          1199             5            1200          1205             1  Gas
683   684        A          1202             3            1202          1205             0   95
684   685        B          1204             2            1205          1207             1   95
685   686        B          1205             3            1207          1210             2   95
686   687        C          1207             7            1207          1214             0   90
687   688        B          1209             3            1210          1213             1   95
688   689        B          1211             1            1213          1214             2   95
689   690        B          1213             1            1214          1215             1   95
690   691        C          1216             7            1216          1223             0  Gas
691   692        C          1219             7            1223          1230             4  Gas
692   693        A          1220             3            1220          1223             0   95
693   694        C          1221             5            1221          1226             0   90
694   695        B          1224             1            1224          1225             0   95
695   696        A          1226             2            1226          1228             0   95
696   697        B          1229             3            1229          1232             0   95
697   698        C          1232             5            1232          1237             0  Gas
698   699        C          1235             5            1237          1242             2  Gas
699   700        B          1237             3            1237          1240             0   90
700   701        C          1240             7            1242          1249             2  Gas
701   702        B          1243             2            1243          1245             0   90
702   703        C          1246             3            1246          1249             0   90
703   704        C          1249             5            1249          1254             0   90
704   705        B          1250             3            1250          1253             0   95
705   706        C          1253             5            1253          1258             0  Gas
706   707        C          1254             5            1258          1263             4  Gas
707   708        C          1256             5            1263          1268             7  Gas
708   709        C          1259             3            1268          1271             9  Gas
709   710        B          1262             2            1262          1264             0   95
710   711        C          1265             5            1265          1270             0   90
711   712        B          1266             2            1266          1268             0   95
712   713        A          1269             1            1269          1270             0   95
713   714        B          1272             3            1272          1275             0   95
714   715        B          1274             3            1275          1278             1   95
715   716        C          1277             7            1277          1284             0  Gas
716   717        C          1277             5            1284          1289             7  Gas
717   718        B          1278             3            1278          1281             0   90
718   719        C          1279             7            1289          1296            10  Gas
719   720        B          1282             2            1282          1284             0   90
720   721        C          1285             5            1296          1301            11  Gas
721   722        A          1286             2            1286          1288             0   95
722   723        C          1286             5            1301          1306            15  Gas
723   724        C          1287             3            1287          1290             0   90
724   725        C          1289             5            1306          1311            17  Gas
725   726        B          1291             3            1291          1294             0   90
726   727        C          1291             5            1311          1316            20  Gas
727   728        C          1294             5            1316          1321            22  Gas
728   729        B          1297             1            1297          1298             0   95
729   730        A          1300             3            1300          1303             0   95
730   731        A          1300             3            1303          1306             3   95
731   732        A          1300             1            1306          1307             6   95
732   733        A          1303             2            1307          1309             4   95
733   734        C          1305             5            1321          1326            16  Gas
734   735        C          1308             7            1326          1333            18  Gas
735   736        C          1310             7            1333          1340            23  Gas
736   737        C          1310             7            1310          1317             0   90
737   738        B          1311             2            1317          1319             6   90
738   739        C          1314             5            1340          1345            26  Gas
739   740        C          1317             5            1319          1324             2   90
740   741        C          1319             5            1345          1350            26  Gas
741   742        A          1322             3            1322          1325             0   95
742   743        B          1324             3            1325          1328             1   95
743   744        B          1325             3            1325          1328             0   90
744   745        C          1327             7            1350          1357            23  Gas
745   746        A          1328             3            1328          1331             0   95
746   747        A          1330             1            1331          1332             1   95
747   748        A          1332             1            1332          1333             0   95
748   749        C          1334             3            1357          1360            23  Gas
749   750        C          1336             3            1360          1363            24  Gas
750   751        C          1336             5            1336          1341             0   90
751   752        C          1337             5            1341          1346             4   90
752   753        A          1339             3            1339          1342             0   95
753   754        B          1341             3            1342          1345             1   95
754   755        B          1342             1            1345          1346             3   95
755   756        C          1344             7            1363          1370            19  Gas
756   757        B          1344             3            1346          1349             2   95
757   758        B          1344             3            1346          1349             2   90
758   759        A          1347             3            1349          1352             2   95
759   760        C          1349             5            1370          1375            21  Gas
760   761        C          1349             7            1349          1356             0   90
761   762        B          1352             1            1356          1357             4   90
762   763        C          1353             5            1375          1380            22  Gas
763   764        A          1356             3            1356          1359             0   95
764   765        C          1357             5            1357          1362             0   90
765   766        C          1360             7            1380          1387            20  Gas
766   767        C          1361             5            1387          1392            26  Gas
767   768        A          1363             2            1363          1365             0   95
768   769        A          1366             2            1366          1368             0   95
769   770        B          1366             3            1368          1371             2   95
770   771        C          1368             7            1368          1375             0   90
771   772        A          1370             1            1371          1372             1   95
772   773        A          1373             3            1373          1376             0   95
773   774        A          1374             3            1376          1379             2   95
774   775        B          1377             2            1377          1379             0   90
775   776        C          1378             3            1379          1382             1   90
776   777        B          1378             1            1379          1380             1   95
777   778        B          1381             3            1381          1384             0   95
778   779        B          1383             3            1384          1387             1   95
779   780        B          1385             3            1385          1388             0   90
780   781        B          1388             1            1388          1389             0   90
781   782        C          1389             5            1392          1397             3  Gas
782   783        A          1392             3            1392          1395             0   95
783   784        B          1394             2            1395          1397             1   95
784   785        B          1394             3            1397          1400             3   95
785   786        C          1394             5            1397          1402             3  Gas
786   787        C          1394             5            1402          1407             8  Gas
787   788        B          1397             2            1400          1402             3   95
788   789        B          1399             1            1399          1400             0   90
789   790        B          1402             3            1402          1405             0   95
790   791        A          1403             2            1405          1407             2   95
791   792        A          1406             3            1407          1410             1   95
792   793        C          1409             5            1409          1414             0  Gas
793   794        A          1412             2            1412          1414             0   95
794   795        B          1415             3            1415          1418             0   95
795   796        C          1415             5            1415          1420             0   90
796   797        A          1415             2            1418          1420             3   95
797   798        B          1418             2            1420          1422             2   90
798   799        C          1421             5            1421          1426             0  Gas
799   800        A          1421             3            1421          1424             0   95
800   801        B          1422             3            1422          1425             0   90
801   802        B          1425             3            1425          1428             0   95
802   803        C          1428             5            1428          1433             0  Gas
803   804        B          1430             3            1430          1433             0   95
804   805        C          1433             5            1433          1438             0  Gas
805   806        C          1435             3            1435          1438             0   90
806   807        C          1436             5            1438          1443             2  Gas
807   808        C          1437             7            1443          1450             6  Gas
808   809        C          1438             5            1450          1455            12  Gas
809   810        C          1438             3            1455          1458            17  Gas
810   811        C          1439             5            1458          1463            19  Gas
811   812        B          1439             3            1439          1442             0   90
812   813        B          1442             3            1442          1445             0   95
813   814        C          1444             3            1444          1447             0   90
814   815        B          1447             2            1447          1449             0   90
815   816        B          1447             3            1447          1450             0   95
816   817        B          1450             3            1450          1453             0   95
817   818        B          1450             2            1450          1452             0   90
818   819        B          1453             3            1453          1456             0   95
819   820        C          1454             5            1454          1459             0   90
820   821        C          1457             5            1463          1468             6  Gas
821   822        A          1457             2            1457          1459             0   95
822   823        C          1460             3            1468          1471             8  Gas
823   824        B          1460             2            1460          1462             0   95
824   825        B          1463             2            1463          1465             0   95
825   826        B          1464             3            1464          1467             0   90
826   827        C          1467             5            1471          1476             4  Gas
827   828        C          1469             5            1469          1474             0   90
828   829        C          1472             7            1474          1481             2   90
829   830        A          1473             2            1473          1475             0   95
830   831        C          1474             5            1481          1486             7   90
831   832        C          1476             5            1486          1491            10   90
832   833        C          1476             7            1476          1483             0  Gas
833   834        C          1477             7            1491          1498            14   90
834   835        B          1480             3            1498          1501            18   90
835   836        A          1480             3            1480          1483             0   95
836   837        C          1480             3            1501          1504            21   90
837   838        C          1480             7            1504          1511            24   90
838   839        B          1480             3            1511          1514            31   90
839   840        C          1483             5            1483          1488             0  Gas
840   841        C          1486             5            1514          1519            28   90
841   842        C          1488             7            1519          1526            31   90
842   843        A          1491             1            1491          1492             0   95
843   844        A          1493             2            1493          1495             0   95
844   845        B          1496             2            1496          1498             0   95
845   846        C          1496             7            1496          1503             0  Gas
846   847        B          1499             1            1499          1500             0   95
847   848        B          1502             2            1526          1528            24   90
848   849        A          1504             2            1504          1506             0   95
849   850        B          1505             3            1528          1531            23   90
850   851        B          1507             3            1507          1510             0   95
851   852        C          1509             3            1509          1512             0  Gas
852   853        B          1510             2            1531          1533            21   90
853   854        B          1513             3            1513          1516             0   95
854   855        C          1513             3            1513          1516             0  Gas
855   856        C          1516             7            1533          1540            17   90
856   857        A          1517             3            1517          1520             0   95
857   858        B          1518             3            1540          1543            22   90
858   859        C          1519             5            1519          1524             0  Gas
859   860        A          1522             1            1522          1523             0   95
860   861        A          1522             3            1523          1526             1   95
861   862        B          1524             3            1526          1529             2   95
862   863        A          1524             2            1529          1531             5   95
863   864        B          1525             3            1543          1546            18   90
864   865        C          1528             5            1528          1533             0  Gas
865   866        C          1529             3            1533          1536             4  Gas
866   867        A          1530             2            1531          1533             1   95
867   868        B          1533             3            1546          1549            13   90
868   869        B          1536             3            1536          1539             0   95
869   870        B          1537             3            1549          1552            12   90
870   871        A          1540             2            1540          1542             0   95
871   872        C          1543             3            1543          1546             0  Gas
872   873        C          1544             5            1552          1557             8   90
873   874        B          1544             3            1557          1560            13   90
874   875        C          1545             5            1560          1565            15   90
875   876        B          1547             3            1565          1568            18   90
876   877        C          1549             5            1549          1554             0  Gas
877   878        B          1551             3            1551          1554             0   95
878   879        C          1552             5            1554          1559             2  Gas
879   880        C          1553             5            1568          1573            15   90
880   881        A          1554             3            1554          1557             0   95
881   882        A          1557             1            1557          1558             0   95
882   883        C          1560             3            1560          1563             0  Gas
883   884        C          1561             5            1573          1578            12   90
884   885        C          1564             3            1578          1581            14   90
885   886        C          1567             7            1567          1574             0  Gas
886   887        B          1568             2            1568          1570             0   95
887   888        B          1568             3            1570          1573             2   95
888   889        B          1570             1            1573          1574             3   95
889   890        A          1572             1            1574          1575             2   95
890   891        C          1572             5            1581          1586             9   90
891   892        C          1574             5            1586          1591            12   90
892   893        A          1576             3            1576          1579             0   95
893   894        C          1578             7            1591          1598            13   90
894   895        B          1580             2            1580          1582             0   95
895   896        C          1582             3            1582          1585             0  Gas
896   897        A          1585             2            1585          1587             0   95
897   898        A          1587             1            1587          1588             0   95
898   899        C          1588             5            1598          1603            10   90
899   900        C          1590             5            1603          1608            13   90
900   901        C          1591             5            1608          1613            17   90
901   902        A          1594             2            1594          1596             0   95
902   903        C          1595             5            1595          1600             0  Gas
903   904        C          1595             5            1613          1618            18   90
904   905        C          1597             7            1600          1607             3  Gas
905   906        C          1597             5            1607          1612            10  Gas
906   907        C          1600             7            1618          1625            18   90
907   908        B          1603             1            1603          1604             0   95
908   909        B          1606             3            1625          1628            19   90
909   910        A          1607             1            1607          1608             0   95
910   911        C          1610             5            1612          1617             2  Gas
911   912        A          1612             2            1612          1614             0   95
912   913        A          1615             3            1615          1618             0   95
913   914        B          1618             1            1628          1629            10   90
914   915        B          1619             3            1619          1622             0   95
915   916        B          1622             3            1629          1632             7   90
916   917        B          1622             2            1622          1624             0   95
917   918        B          1625             2            1625          1627             0   95
918   919        B          1627             1            1632          1633             5   90
919   920        C          1628             3            1633          1636             5   90
920   921        C          1630             7            1636          1643             6   90
921   922        C          1630             3            1630          1633             0  Gas
922   923        B          1633             2            1633          1635             0   95
923   924        A          1635             3            1635          1638             0   95
924   925        A          1637             3            1638          1641             1   95
925   926        A          1639             3            1641          1644             2   95
926   927        B          1642             3            1643          1646             1   90
927   928        B          1645             2            1646          1648             1   90
928   929        C          1648             5            1648          1653             0   90
929   930        B          1651             2            1651          1653             0   95
930   931        C          1653             3            1653          1656             0  Gas
931   932        B          1653             3            1653          1656             0   95
932   933        C          1656             7            1656          1663             0  Gas
933   934        B          1659             3            1659          1662             0   90
934   935        C          1661             5            1663          1668             2  Gas
935   936        B          1663             1            1663          1664             0   90
936   937        A          1665             3            1665          1668             0   95
937   938        B          1665             2            1665          1667             0   90
938   939        A          1666             2            1668          1670             2   95
939   940        A          1667             3            1670          1673             3   95
940   941        C          1670             5            1670          1675             0   90
941   942        C          1672             5            1672          1677             0  Gas
942   943        C          1675             5            1677          1682             2  Gas
943   944        C          1676             5            1682          1687             6  Gas
944   945        B          1676             1            1676          1677             0   90
945   946        C          1679             5            1679          1684             0   90
946   947        A          1680             2            1680          1682             0   95
947   948        C          1680             3            1687          1690             7  Gas
948   949        B          1680             2            1684          1686             4   90
949   950        A          1683             1            1683          1684             0   95
950   951        B          1685             2            1686          1688             1   90
951   952        C          1685             5            1688          1693             3   90
952   953        C          1688             5            1690          1695             2  Gas
953   954        C          1691             5            1695          1700             4  Gas
954   955        C          1693             5            1700          1705             7  Gas
955   956        B          1696             2            1696          1698             0   95
956   957        B          1698             3            1698          1701             0   90
957   958        C          1699             3            1705          1708             6  Gas
958   959        C          1700             7            1708          1715             8  Gas
959   960        C          1701             5            1715          1720            14  Gas
960   961        A          1701             2            1701          1703             0   95
961   962        A          1703             1            1703          1704             0   95
962   963        C          1706             7            1720          1727            14  Gas
963   964        B          1706             3            1706          1709             0   95
964   965        C          1708             7            1727          1734            19  Gas
965   966        B          1709             3            1709          1712             0   95
966   967        C          1711             5            1734          1739            23  Gas
967   968        B          1711             2            1712          1714             1   95
968   969        C          1712             7            1712          1719             0   90
969   970        B          1713             3            1719          1722             6   90
970   971        B          1714             2            1714          1716             0   95
971   972        C          1717             7            1739          1746            22  Gas
972   973        C          1717             5            1722          1727             5   90
973   974        C          1720             5            1727          1732             7   90
974   975        B          1723             2            1723          1725             0   95
975   976        B          1726             3            1732          1735             6   90
976   977        B          1729             3            1729          1732             0   95
977   978        C          1729             7            1735          1742             6   90
978   979        A          1732             2            1732          1734             0   95
979   980        B          1735             3            1742          1745             7   90
980   981        C          1738             5            1746          1751             8  Gas
981   982        C          1738             5            1745          1750             7   90
982   983        C          1738             3            1751          1754            13  Gas
983   984        C          1740             3            1754          1757            14  Gas
984   985        A          1740             2            1740          1742             0   95
985   986        B          1743             3            1743          1746             0   95
986   987        B          1745             3            1750          1753             5   90
987   988        A          1745             1            1746          1747             1   95
988   989        B          1745             3            1753          1756             8   90
989   990        C          1748             7            1757          1764             9  Gas
990   991        B          1751             3            1756          1759             5   90
991   992        C          1751             3            1759          1762             8   90
992   993        C          1753             5            1762          1767             9   90
993   994        B          1755             2            1767          1769            12   90
994   995        C          1755             5            1769          1774            14   90
995   996        C          1758             5            1774          1779            16   90
996   997        B          1759             3            1779          1782            20   90
997   998        C          1762             5            1764          1769             2  Gas
998   999        A          1764             3            1764          1767             0   95
999  1000        C          1766             5            1782          1787            16   90