      Car Category  Arrival Time  Service Time  Service Begins  Service Ends  Waiting Time Pump
0       1        B             0             1               0             1             0   90
1       2        C             1             3               1             4             0  Gas
2       3        B             3             3               3             6             0   90
3       4        C             6             3               6             9             0  Gas
4       5        B             7             3               7            10             0   90
5       6        C            10             5              10            15             0  Gas
6       7        C            13             5              15            20             2  Gas
7       8        B            15             3              15            18             0   90
8       9        B            17             1              18            19             1   90
9      10        B            17             3              17            20             0   95
10     11        B            19             3              20            23             1   95
11     12        B            19             3              19            22             0   90
12     13        B            19             2              23            25             4   95
13     14        B            22             3              25            28             3   95
14     15        B            24             2              24            26             0   90
15     16        A            25             3              28            31             3   95
16     17        A            28             1              31            32             3   95
17     18        B            28             2              28            30             0   90
18     19        C            28             3              28            31             0  Gas
19     20        B            28             3              32            35             4   95
20     21        B            31             1              31            32             0   90
21     22        B            33             3              35            38             2   95
22     23        C            36             5              36            41             0  Gas
23     24        A            39             3              39            42             0   95
24     25        C            41             5              41            46             0   90
25     26        C            44             3              44            47             0  Gas
26     27        B            46             2              46            48             0   95
27     28        C            47             7              47            54             0   90
28     29        A            50             3              50            53             0   95
29     30        C            52             3              54            57             2   90
30     31        A            52             2              53            55             1   95
31     32        B            55             1              55            56             0   95
32     33        B            56             3              56            59             0   95
33     34        C            57             3              57            60             0  Gas
34     35        C            58             7              58            65             0   90
35     36        C            59             5              65            70             6   90
36     37        A            61             3              61            64             0   95
37     38        C            62             5              62            67             0  Gas
38     39        A            63             3              64            67             1   95
39     40        C            64             5              70            75             6   90
40     41        C            64             5              67            72             3  Gas
41     42        B            67             3              75            78             8   90
42     43        C            67             7              72            79             5  Gas
43     44        C            68             5              78            83            10   90
44     45        B            71             1              83            84            12   90
45     46        A            74             3              74            77             0   95
46     47        B            77             3              77            80             0   95
47     48        A            77             3              80            83             3   95
48     49        C            79             7              84            91             5   90
49     50        B            82             3              83            86             1   95
50     51        C            83             5              83            88             0  Gas
51     52        C            84             7              88            95             4  Gas
52     53        C            85             5              95           100            10  Gas
53     54        A            86             2              86            88             0   95
54     55        C            89             3             100           103            11  Gas
55     56        B            91             3              91            94             0   95
56     57        B            91             3              94            97             3   95
57     58        C            94             5              94            99             0   90
58     59        C            95             7             103           110             8  Gas
59     60        C            97             5              99           104             2   90
60     61        A            97             2              97            99             0   95
61     62        C            98             3             104           107             6   90
62     63        B            98             3              99           102             1   95
63     64        C            99             5             110           115            11  Gas
64     65        B            99             2             102           104             3   95
65     66        B           102             3             107           110             5   90
66     67        A           103             2             104           106             1   95
67     68        C           106             3             110           113             4   90
68     69        B           109             3             113           116             4   90
69     70        B           111             3             116           119             5   90
70     71        B           112             3             119           122             7   90
71     72        C           115             5             122           127             7   90
72     73        B           115             2             127           129            12   90
73     74        B           118             3             129           132            11   90
74     75        B           121             1             121           122             0   95
75     76        C           121             3             121           124             0  Gas
76     77        A           124             2             124           126             0   95
77     78        A           127             1             127           128             0   95
78     79        A           130             2             130           132             0   95
79     80        B           131             3             132           135             1   95
80     81        C           131             5             131           136             0  Gas
81     82        B           134             3             134           137             0   90
82     83        B           136             2             137           139             1   90
83     84        B           136             1             136           137             0   95
84     85        C           138             5             139           144             1   90
85     86        C           138             7             138           145             0  Gas
86     87        B           139             3             139           142             0   95
87     88        C           140             5             145           150             5  Gas
88     89        C           141             3             144           147             3   90
89     90        B           144             2             144           146             0   95
90     91        C           145             5             150           155             5  Gas
91     92        B           145             2             147           149             2   90
92     93        C           148             5             155           160             7  Gas
93     94        C           151             7             151           158             0   90
94     95        B           151             1             158           159             7   90
95     96        B           152             3             152           155             0   95
96     97        C           154             3             160           163             6  Gas
97     98        B           157             3             159           162             2   90
98     99        B           158             3             162           165             4   90
99    100        A           159             3             159           162             0   95
100   101        C           161             5             165           170             4   90
101   102        C           163             5             163           168             0  Gas
102   103        C           166             5             170           175             4   90
103   104        C           166             5             175           180             9   90
104   105        A           169             1             169           170             0   95
105   106        C           172             7             172           179             0  Gas
106   107        C           174             3             179           182             5  Gas
107   108        B           175             3             175           178             0   95
108   109        A           176             2             178           180             2   95
109   110        C           177             7             182           189             5  Gas
110   111        C           180             7             180           187             0   90
111   112        B           183             2             187           189             4   90
112   113        B           183             2             183           185             0   95
113   114        B           184             3             189           192             5   90
114   115        B           186             3             192           195             6   90
115   116        B           189             3             189           192             0   95
116   117        B           191             1             192           193             1   95
117   118        C           191             3             191           194             0  Gas
118   119        A           192             3             193           196             1   95
119   120        B           195             2             196           198             1   95
120   121        B           196             1             198           199             2   95
121   122        C           197             7             197           204             0  Gas
122   123        A           200             1             200           201             0   95
123   124        B           203             1             203           204             0   90
124   125        A           206             1             206           207             0   95
125   126        B           208             3             208           211             0   95
126   127        C           211             5             211           216             0   90
127   128        B           214             3             216           219             2   90
128   129        A           216             3             216           219             0   95
129   130        A           217             1             219           220             2   95
130   131        B           218             2             219           221             1   90
131   132        B           220             3             220           223             0   95
132   133        B           223             3             223           226             0   90
133   134        A           225             1             225           226             0   95
134   135        A           228             3             228           231             0   95
135   136        A           229             3             231           234             2   95
136   137        B           230             2             234           236             4   95
137   138        B           233             3             233           236             0   90
138   139        B           236             1             236           237             0   95
139   140        B           239             2             239           241             0   95
140   141        B           240             3             241           244             1   95
141   142        B           241             1             244           245             3   95
142   143        B           244             1             245           246             1   95
143   144        B           245             3             245           248             0   90
144   145        C           247             5             248           253             1   90
145   146        C           249             5             249           254             0  Gas
146   147        C           252             3             254           257             2  Gas
147   148        A           255             3             255           258             0   95
148   149        C           255             5             257           262             2  Gas
149   150        A           257             3             258           261             1   95
150   151        A           259             3             261           264             2   95
151   152        B           260             2             264           266             4   95
152   153        B           260             2             266           268             6   95
153   154        C           260             5             262           267             2  Gas
154   155        C           262             5             262           267             0   90
155   156        C           263             3             267           270             4  Gas
156   157        A           265             3             268           271             3   95
157   158        B           266             3             271           274             5   95
158   159        A           269             3             274           277             5   95
159   160        A           269             1             277           278             8   95
160   161        C           270             5             270           275             0  Gas
161   162        B           272             1             278           279             6   95
162   163        C           272             3             272           275             0   90
163   164        A           275             2             279           281             4   95
164   165        A           277             3             281           284             4   95
165   166        A           280             3             284           287             4   95
166   167        B           281             3             281           284             0   90
167   168        C           281             5             281           286             0  Gas
168   169        C           284             5             284           289             0   90
169   170        C           284             5             286           291             2  Gas
170   171        C           285             3             291           294             6  Gas
171   172        B           288             3             289           292             1   90
172   173        C           291             5             294           299             3  Gas
173   174        C           294             5             294           299             0   90
174   175        C           297             7             299           306             2  Gas
175   176        A           300             2             300           302             0   95
176   177        B           302             3             302           305             0   95
177   178        A           305             2             305           307             0   95
178   179        A           307             3             307           310             0   95
179   180        C           310             7             310           317             0   90
180   181        C           311             3             311           314             0  Gas
181   182        C           313             5             314           319             1  Gas
182   183        B           314             3             317           320             3   90
183   184        A           317             2             317           319             0   95
184   185        B           320             1             320           321             0   90
185   186        B           323             3             323           326             0   90
186   187        C           326             5             326           331             0   90
187   188        C           327             5             331           336             4   90
188   189        C           328             5             328           333             0  Gas
189   190        A           331             1             331           332             0   95
190   191        C           331             7             336           343             5   90
191   192        B           333             3             343           346            10   90
192   193        B           334             3             346           349            12   90
193   194        C           334             7             334           341             0  Gas
194   195        A           335             2             335           337             0   95
195   196        B           335             2             337           339             2   95
196   197        A           337             1             339           340             2   95
197   198        C           340             7             349           356             9   90
198   199        B           343             3             343           346             0   95
199   200        C           343             5             356           361            13   90
200   201        C           346             3             346           349             0  Gas
201   202        C           349             5             349           354             0  Gas
202   203        B           350             3             361           364            11   90
203   204        A           351             2             351           353             0   95
204   205        B           354             3             354           357             0   95
205   206        B           354             2             357           359             3   95
206   207        C           355             5             355           360             0  Gas
207   208        A           358             3             359           362             1   95
208   209        C           360             5             360           365             0  Gas
209   210        B           363             2             364           366             1   90
210   211        A           363             3             363           366             0   95
211   212        B           364             1             366           367             2   90
212   213        C           367             7             367           374             0  Gas
213   214        C           367             5             367           372             0   90
214   215        C           369             3             374           377             5  Gas
215   216        B           372             1             372           373             0   95
216   217        B           375             3             375           378             0   90
217   218        B           378             2             378           380             0   95
218   219        C           381             5             381           386             0  Gas
219   220        A           381             2             381           383             0   95
220   221        A           383             1             383           384             0   95
221   222        B           384             2             384           386             0   95
222   223        B           387             2             387           389             0   95
223   224        C           388             3             388           391             0   90
224   225        C           390             7             391           398             1   90
225   226        B           392             2             392           394             0   95
226   227        B           393             2             394           396             1   95
227   228        A           393             2             396           398             3   95
228   229        B           393             3             398           401             5   90
229   230        A           396             3             398           401             2   95
230   231        C           396             5             396           401             0  Gas
231   232        C           398             5             401           406             3  Gas
232   233        C           401             5             406           411             5  Gas
233   234        C           402             5             402           407             0   90
234   235        C           405             7             407           414             2   90
235   236        C           408             5             411           416             3  Gas
236   237        C           408             3             416           419             8  Gas
237   238        C           410             7             419           426             9  Gas
238   239        C           411             7             426           433            15  Gas
239   240        C           414             5             433           438            19  Gas
240   241        A           416             1             416           417             0   95
241   242        C           417             5             417           422             0   90
242   243        A           420             2             420           422             0   95
243   244        B           423             2             423           425             0   90
244   245        B           426             2             426           428             0   95
245   246        C           426             7             438           445            12  Gas
246   247        B           427             3             428           431             1   95
247   248        C           427             7             445           452            18  Gas
248   249        B           428             3             431           434             3   95
249   250        C           429             5             429           434             0   90
250   251        C           431             5             452           457            21  Gas
251   252        C           433             7             434           441             1   90
252   253        A           433             1             434           435             1   95
253   254        B           433             3             435           438             2   95
254   255        C           436             5             441           446             5   90
255   256        C           439             5             446           451             7   90
256   257        C           439             7             457           464            18  Gas
257   258        A           440             3             440           443             0   95
258   259        C           442             5             464           469            22  Gas
259   260        C           445             3             469           472            24  Gas
260   261        C           445             7             451           458             6   90
261   262        C           447             7             472           479            25  Gas
262   263        B           447             2             447           449             0   95
263   264        B           449             2             449           451             0   95
264   265        B           450             2             458           460             8   90
265   266        B           453             1             453           454             0   95
266   267        B           453             3             460           463             7   90
267   268        C           456             7             463           470             7   90
268   269        A           456             3             456           459             0   95
269   270        C           459             3             479           482            20  Gas
270   271        C           462             7             482           489            20  Gas
271   272        C           465             3             470           473             5   90
272   273        C           467             7             489           496            22  Gas
273   274        C           469             3             496           499            27  Gas
274   275        A           472             3             472           475             0   95
275   276        C           472             7             499           506            27  Gas
276   277        B           475             1             475           476             0   95
277   278        C           475             5             506           511            31  Gas
278   279        B           478             3             478           481             0   95
279   280        A           480             2             481           483             1   95
280   281        C           481             3             511           514            30  Gas
281   282        C           484             7             484           491             0   90
282   283        C           487             3             514           517            27  Gas
283   284        A           487             2             487           489             0   95
284   285        A           488             3             489           492             1   95
285   286        A           489             1             492           493             3   95
286   287        C           489             5             517           522            28  Gas
287   288        C           492             7             522           529            30  Gas
288   289        C           494             3             494           497             0   90
289   290        C           495             3             497           500             2   90
290   291        A           498             3             498           501             0   95
291   292        B           501             1             501           502             0   90
292   293        C           504             5             529           534            25  Gas
293   294        B           504             2             504           506             0   95
294   295        A           506             3             506           509             0   95
295   296        B           509             1             509           510             0   95
296   297        B           512             1             512           513             0   95
297   298        B           514             3             514           517             0   90
298   299        C           514             5             534           539            20  Gas
299   300        B           515             1             515           516             0   95
300   301        C           515             5             517           522             2   90
301   302        B           518             2             518           520             0   95
302   303        B           521             1             522           523             1   90
303   304        C           523             5             539           544            16  Gas
304   305        C           525             7             544           551            19  Gas
305   306        C           527             5             551           556            24  Gas
306   307        A           530             3             530           533             0   95
307   308        A           531             3             533           536             2   95
308   309        C           534             5             534           539             0   90
309   310        A           536             2             536           538             0   95
310   311        C           538             3             556           559            18  Gas
311   312        A           538             3             538           541             0   95
312   313        A           540             3             541           544             1   95
313   314        C           542             7             559           566            17  Gas
314   315        B           544             3             544           547             0   95
315   316        B           546             2             546           548             0   90
316   317        B           547             2             548           550             1   90
317   318        C           549             5             550           555             1   90
318   319        A           550             2             550           552             0   95
319   320        B           552             3             552           555             0   95
320   321        A           554             1             555           556             1   95
321   322        A           556             3             556           559             0   95
322   323        B           559             1             559           560             0   90
323   324        C           562             5             566           571             4  Gas
324   325        B           565             3             565           568             0   90
325   326        B           566             1             566           567             0   95
326   327        B           569             2             569           571             0   95
327   328        B           571             3             571           574             0   95
328   329        B           572             1             574           575             2   95
329   330        A           574             3             575           578             1   95
330   331        C           575             5             575           580             0  Gas
331   332        C           576             3             580           583             4  Gas
332   333        A           578             2             578           580             0   95
333   334        B           581             2             581           583             0   95
334   335        C           583             7             583           590             0   90
335   336        C           584             3             590           593             6   90
336   337        C           586             5             593           598             7   90
337   338        B           589             3             598           601             9   90
338   339        C           591             7             591           598             0  Gas
339   340        C           593             3             598           601             5  Gas
340   341        A           596             3             596           599             0   95
341   342        B           596             3             601           604             5   90
342   343        C           599             7             604           611             5   90
343   344        A           599             2             599           601             0   95
344   345        A           601             3             601           604             0   95
345   346        A           602             3             604           607             2   95
346   347        C           605             7             605           612             0  Gas
347   348        C           608             7             611           618             3   90
348   349        B           610             3             618           621             8   90
349   350        B           613             3             613           616             0   95
350   351        C           613             5             613           618             0  Gas
351   352        A           615             3             616           619             1   95
352   353        C           615             5             618           623             3  Gas
353   354        C           617             3             623           626             6  Gas
354   355        C           620             5             621           626             1   90
355   356        C           620             5             626           631             6  Gas
356   357        A           623             3             623           626             0   95
357   358        B           626             2             626           628             0   95
358   359        A           626             2             628           630             2   95
359   360        C           629             3             629           632             0   90
360   361        C           632             7             632           639             0  Gas
361   362        C           635             5             639           644             4  Gas
362   363        C           636             5             636           641             0   90
363   364        C           637             5             644           649             7  Gas
364   365        C           638             5             641           646             3   90
365   366        B           640             2             646           648             6   90
366   367        C           642             5             649           654             7  Gas
367   368        B           645             2             648           650             3   90
368   369        C           646             3             654           657             8  Gas
369   370        C           649             3             657           660             8  Gas
370   371        B           652             2             652           654             0   95
371   372        A           655             2             655           657             0   95
372   373        C           658             3             660           663             2  Gas
373   374        A           658             3             658           661             0   95
374   375        C           660             7             663           670             3  Gas
375   376        B           661             3             661           664             0   95
376   377        C           663             7             663           670             0   90
377   378        C           665             5             670           675             5  Gas
378   379        A           666             1             666           667             0   95
379   380        A           669             3             669           672             0   95
380   381        C           670             3             675           678             5  Gas
381   382        C           673             7             673           680             0   90
382   383        C           676             5             678           683             2  Gas
383   384        C           679             7             680           687             1   90
384   385        A           680             3             680           683             0   95
385   386        C           682             3             683           686             1  Gas
386   387        A           684             3             684           687             0   95
387   388        B           687             3             687           690             0   95
388   389        C           688             5             688           693             0   90
389   390        C           691             5             693           698             2   90
390   391        A           694             2             694           696             0   95
391   392        A           696             2             696           698             0   95
392   393        A           698             3             698           701             0   95
393   394        B           698             1             701           702             3   95
394   395        C           698             7             698           705             0   90
395   396        A           700             3             702           705             2   95
396   397        B           702             3             705           708             3   95
397   398        C           705             7             705           712             0  Gas
398   399        C           708             3             712           715             4  Gas
399   400        B           711             2             711           713             0   95
400   401        C           711             5             711           716             0   90
401   402        B           714             3             714           717             0   95
402   403        C           714             5             716           721             2   90
403   404        C           716             7             716           723             0  Gas
404   405        C           719             7             721           728             2   90
405   406        C           722             5             728           733             6   90
406   407        A           724             3             724           727             0   95
407   408        B           725             3             727           730             2   95
408   409        C           728             7             728           735             0  Gas
409   410        B           728             2             730           732             2   95
410   411        C           730             5             735           740             5  Gas
411   412        C           733             5             733           738             0   90
412   413        B           736             3             736           739             0   95
413   414        C           737             5             738           743             1   90
414   415        C           740             7             743           750             3   90
415   416        A           743             1             743           744             0   95
416   417        C           745             5             745           750             0  Gas
417   418        C           746             3             750           753             4   90
418   419        A           747             1             747           748             0   95
419   420        B           750             2             750           752             0   95
420   421        B           752             3             752           755             0   95
421   422        C           754             5             754           759             0  Gas
422   423        B           757             3             757           760             0   95
423   424        B           760             1             760           761             0   95
424   425        C           763             3             763           766             0  Gas
425   426        C           765             5             765           770             0   90
426   427        C           766             7             766           773             0  Gas
427   428        C           767             5             773           778             6  Gas
428   429        C           770             5             778           783             8  Gas
429   430        C           771             7             771           778             0   90
430   431        B           772             1             772           773             0   95
431   432        C           775             5             778           783             3   90
432   433        C           776             5             783           788             7  Gas
433   434        B           778             3             783           786             5   90
434   435        A           779             3             779           782             0   95
435   436        C           780             3             788           791             8  Gas
436   437        B           781             3             782           785             1   95
437   438        B           781             2             785           787             4   95
438   439        B           784             1             787           788             3   95
439   440        C           787             5             787           792             0   90
440   441        C           790             3             791           794             1  Gas
441   442        A           792             2             792           794             0   95
442   443        A           795             1             795           796             0   95
443   444        B           798             2             798           800             0   95
444   445        C           798             5             798           803             0  Gas
445   446        B           801             2             801           803             0   90
446   447        A           801             2             801           803             0   95
447   448        C           804             3             804           807             0  Gas
448   449        C           807             5             807           812             0   90
449   450        C           808             5             812           817             4   90
450   451        C           810             5             810           815             0  Gas
451   452        C           813             7             817           824             4   90
452   453        C           815             3             815           818             0  Gas
453   454        A           816             3             816           819             0   95
454   455        A           819             3             819           822             0   95
455   456        C           820             5             820           825             0  Gas
456   457        C           822             5             825           830             3  Gas
457   458        A           824             1             824           825             0   95
458   459        C           826             5             830           835             4  Gas
459   460        A           828             2             828           830             0   95
460   461        C           831             7             831           838             0   90
461   462        A           834             2             834           836             0   95
462   463        C           837             5             837           842             0  Gas
463   464        C           838             7             842           849             4  Gas
464   465        B           841             1             841           842             0   90
465   466        A           844             3             844           847             0   95
466   467        A           844             3             847           850             3   95
467   468        A           846             2             850           852             4   95
468   469        C           847             7             849           856             2  Gas
469   470        B           850             2             850           852             0   90
470   471        B           850             3             852           855             2   95
471   472        C           852             3             852           855             0   90
472   473        C           855             7             856           863             1  Gas
473   474        C           857             7             863           870             6  Gas
474   475        C           857             3             870           873            13  Gas
475   476        C           858             3             858           861             0   90
476   477        A           858             1             858           859             0   95
477   478        B           860             3             861           864             1   90
478   479        C           861             3             864           867             3   90
479   480        A           861             3             861           864             0   95
480   481        B           864             2             864           866             0   95
481   482        B           864             2             867           869             3   90
482   483        A           865             2             866           868             1   95
483   484        B           867             1             868           869             1   95
484   485        C           868             3             873           876             5  Gas
485   486        B           869             3             869           872             0   90
486   487        C           869             3             876           879             7  Gas
487   488        B           869             3             872           875             3   90
488   489        B           871             2             871           873             0   95
489   490        C           872             5             875           880             3   90
490   491        C           875             5             880           885             5   90
491   492        C           875             5             885           890            10   90
492   493        B           875             3             875           878             0   95
493   494        C           877             7             879           886             2  Gas
494   495        B           880             3             890           893            10   90
495   496        B           882             1             882           883             0   95
496   497        A           883             2             883           885             0   95
497   498        B           886             1             886           887             0   95
498   499        C           887             5             893           898             6   90
499   500        B           889             2             889           891             0   95
500   501        B           892             3             892           895             0   95
501   502        C           895             3             895           898             0  Gas
502   503        B           898             3             898           901             0   95
503   504        C           898             5             898           903             0  Gas
504   505        C           900             5             903           908             3  Gas
505   506        C           903             5             903           908             0   90
506   507        A           903             2             903           905             0   95
507   508        C           904             5             908           913             4   90
508   509        B           907             3             907           910             0   95
509   510        C           910             5             910           915             0  Gas
510   511        B           913             3             913           916             0   95
511   512        C           916             7             916           923             0  Gas
512   513        B           918             3             918           921             0   90
513   514        A           919             3             919           922             0   95
514   515        A           920             3             922           925             2   95
515   516        A           921             2             925           927             4   95
516   517        A           924             3             927           930             3   95
517   518        A           927             2             930           932             3   95
518   519        C           928             3             928           931             0   90
519   520        B           930             2             932           934             2   95
520   521        C           933             7             933           940             0   90
521   522        C           936             7             936           943             0  Gas
522   523        C           936             5             943           948             7  Gas
523   524        B           937             3             937           940             0   95
524   525        C           940             5             948           953             8  Gas
525   526        A           940             3             940           943             0   95
526   527        B           943             3             943           946             0   90
527   528        C           946             5             946           951             0   90
528   529        A           947             1             947           948             0   95
529   530        A           948             2             948           950             0   95
530   531        B           948             2             950           952             2   95
531   532        C           950             5             951           956             1   90
532   533        C           951             7             956           963             5   90
533   534        C           952             7             953           960             1  Gas
534   535        C           955             5             960           965             5  Gas
535   536        B           958             2             963           965             5   90
536   537        C           961             7             965           972             4  Gas
537   538        A           962             3             962           965             0   95
538   539        A           962             2             965           967             3   95
539   540        C           962             5             965           970             3   90
540   541        A           962             2             967           969             5   95
541   542        B           965             1             970           971             5   90
542   543        A           967             2             969           971             2   95
543   544        C           969             7             972           979             3  Gas
544   545        B           970             3             971           974             1   95
545   546        C           971             3             979           982             8  Gas
546   547        C           974             5             982           987             8  Gas
547   548        A           977             3             977           980             0   95
548   549        B           977             2             980           982             3   95
549   550        C           980             3             987           990             7  Gas
550   551        B           982             1             982           983             0   95
551   552        C           984             7             984           991             0   90
552   553        B           985             3             991           994             6   90
553   554        C           987             7             990           997             3  Gas
554   555        C           989             7             997          1004             8  Gas
555   556        C           992             3             994           997             2   90
556   557        A           992             3             992           995             0   95
557   558        C           994             7            1004          1011            10  Gas
558   559        A           994             1             995           996             1   95
559   560        B           994             3             997          1000             3   90
560   561        C           997             3            1011          1014            14  Gas
561   562        C           998             5            1000          1005             2   90
562   563        C           998             7            1014          1021            16  Gas
563   564        B          1001             3            1001          1004             0   95
564   565        C          1004             5            1021          1026            17  Gas
565   566        C          1007             5            1007          1012             0   90
566   567        C          1010             7            1012          1019             2   90
567   568        C          1013             5            1026          1031            13  Gas
568   569        C          1013             5            1031          1036            18  Gas
569   570        C          1016             5            1036          1041            20  Gas
570   571        A          1019             3            1019          1022             0   95
571   572        C          1022             3            1041          1044            19  Gas
572   573        C          1023             7            1044          1051            21  Gas
573   574        C          1023             7            1023          1030             0   90
574   575        A          1025             1            1025          1026             0   95
575   576        B          1025             2            1026          1028             1   95
576   577        B          1025             3            1028          1031             3   95
577   578        C          1027             5            1051          1056            24  Gas
578   579        C          1028             3            1030          1033             2   90
579   580        A          1030             2            1031          1033             1   95
580   581        C          1032             7            1056          1063            24  Gas
581   582        A          1035             3            1035          1038             0   95
582   583        C          1036             3            1063          1066            27  Gas
583   584        C          1036             7            1066          1073            30  Gas
584   585        B          1039             3            1039          1042             0   90
585   586        C          1041             3            1042          1045             1   90
586   587        C          1044             5            1073          1078            29  Gas
587   588        B          1045             3            1045          1048             0   95
588   589        B          1048             3            1048          1051             0   95
589   590        A          1051             3            1051          1054             0   95
590   591        C          1051             5            1078          1083            27  Gas
591   592        C          1052             7            1083          1090            31  Gas
592   593        C          1053             3            1090          1093            37  Gas
593   594        A          1054             3            1054          1057             0   95
594   595        C          1056             5            1056          1061             0   90
595   596        C          1058             3            1093          1096            35  Gas
596   597        C          1058             3            1096          1099            38  Gas
597   598        B          1060             3            1060          1063             0   95
598   599        B          1063             3            1063          1066             0   95
599   600        C          1066             3            1066          1069             0   90
600   601        B          1066             3            1066          1069             0   95
601   602        A          1067             2            1069          1071             2   95
602   603        B          1070             1            1071          1072             1   95
603   604        A          1071             1            1072          1073             1   95
604   605        C          1071             3            1099          1102            28  Gas
605   606        B          1072             1            1072          1073             0   90
606   607        B          1074             2            1074          1076             0   95
607   608        B          1077             1            1077          1078             0   95
608   609        B          1079             2            1079          1081             0   90
609   610        B          1081             3            1081          1084             0   95
610   611        B          1083             2            1083          1085             0   90
611   612        C          1086             7            1102          1109            16  Gas
612   613        A          1087             3            1087          1090             0   95
613   614        A          1089             1            1090          1091             1   95
614   615        A          1091             2            1091          1093             0   95
615   616        C          1094             5            1109          1114            15  Gas
616   617        B          1096             1            1096          1097             0   90
617   618        B          1096             3            1096          1099             0   95
618   619        C          1098             7            1114          1121            16  Gas
619   620        C          1100             5            1121          1126            21  Gas
620   621        B          1103             2            1103          1105             0   90
621   622        A          1104             3            1104          1107             0   95
622   623        C          1107             7            1126          1133            19  Gas
623   624        B          1109             2            1109          1111             0   95
624   625        B          1110             1            1111          1112             1   95
625   626        C          1113             7            1113          1120             0   90
626   627        C          1115             7            1120          1127             5   90
627   628        B          1118             2            1127          1129             9   90
628   629        C          1120             5            1133          1138            13  Gas
629   630        C          1121             5            1138          1143            17  Gas
630   631        B          1124             2            1124          1126             0   95
631   632        B          1125             2            1129          1131             4   90
632   633        B          1128             2            1128          1130             0   95
633   634        B          1129             3            1130          1133             1   95
634   635        A          1132             1            1133          1134             1   95
635   636        A          1133             2            1134          1136             1   95
636   637        A          1136             3            1136          1139             0   95
637   638        C          1139             5            1139          1144             0   90
638   639        B          1139             1            1144          1145             5   90
639   640        C          1142             5            1145          1150             3   90
640   641        C          1143             5            1150          1155             7   90
641   642        B          1143             3            1143          1146             0   95
642   643        B          1145             3            1146          1149             1   95
643   644        C          1147             7            1147          1154             0  Gas
644   645        A          1147             1            1149          1150             2   95
645   646        B          1149             2            1150          1152             1   95
646   647        B          1152             3            1152          1155             0   95
647   648        A          1153             2            1155          1157             2   95
648   649        B          1154             3            1157          1160             3   95
649   650        B          1155             3            1155          1158             0   90
650   651        C          1158             5            1158          1163             0   90
651   652        C          1161             5            1161          1166             0  Gas
652   653        B          1164             2            1164          1166             0   95
653   654        C          1167             5            1167          1172             0  Gas
654   655        B          1170             2            1170          1172             0   95
655   656        C          1171             5            1171          1176             0   90
656   657        C          1173             7            1173          1180             0  Gas
657   658        C          1176             3            1180          1183             4  Gas
658   659        B          1179             2            1179          1181             0   95
659   660        C          1181             5            1183          1188             2  Gas
660   661        A          1182             2            1182          1184             0   95
661   662        B          1184             3            1184          1187             0   95
662   663        B          1187             1            1187          1188             0   90
663   664        B          1189             2            1189          1191             0   95
664   665        A          1191             3            1191          1194             0   95
665   666        C          1194             3            1194          1197             0   90
666   667        C          1195             5            1195          1200             0  Gas
667   668        C          1197             3            1197          1200             0   90
668   669        A          1200             1            1200          1201             0   95
669   670        B          1203             1            1203          1204             0   90
670   671        A          1205             2            1205          1207             0   95
671   672        C          1208             3            1208          1211             0  Gas
672   673        B          1211             3            1211          1214             0   90
673   674        B          1213             3            1213          1216             0   95
674   675        B          1214             3            1214          1217             0   90
675   676        C          1214             3            1214          1217             0  Gas
676   677        A          1215             3            1216          1219             1   95
677   678        B          1217             3            1219          1222             2   95
678   679        A          1220             3            1222          1225             2   95
679   680        C          1220             5            1220          1225             0  Gas
680   681        B          1220             3            1220          1223             0   90
681   682        A          1221             2            1225          1227             4   95
682   683        B          1223             2            1227          1229             4   95
683   684        B          1225             3            1225          1228             0   90
684   685        B          1225             3            1229          1232             4   95
685   686        C          1227             5            1227          1232             0  Gas
686   687        C          1229             5            1229          1234             0   90
687   688        C          1230             5            1232          1237             2  Gas
688   689        B          1233             2            1233          1235             0   95
689   690        B          1235             3            1235          1238             0   95
690   691        C          1237             5            1237          1242             0   90
691   692        B          1239             1            1239          1240             0   95
692   693        B          1241             3            1242          1245             1   90
693   694        C          1242             5            1242          1247             0  Gas
694   695        A          1245             1            1245          1246             0   95
695   696        B          1248             3            1248          1251             0   95
696   697        C          1250             7            1250          1257             0  Gas
697   698        A          1251             2            1251          1253             0   95
698   699        A          1254             1            1254          1255             0   95
699   700        B          1254             3            1254          1257             0   90
700   701        B          1254             3            1255          1258             1   95
701   702        C          1256             7            1257          1264             1   90
702   703        C          1259             5            1259          1264             0  Gas
703   704        B          1262             3            1262          1265             0   95
704   705        C          1262             5            1264          1269             2  Gas
705   706        C          1264             3            1264          1267             0   90
706   707        C          1265             3            1269          1272             4  Gas
707   708        C          1266             3            1272          1275             6  Gas
708   709        B          1269             2            1269          1271             0   95
709   710        C          1272             5            1275          1280             3  Gas
710   711        B          1273             2            1273          1275             0   90
711   712        B          1276             2            1276          1278             0   90
712   713        C          1279             5            1279          1284             0   90
713   714        C          1281             5            1281          1286             0  Gas
714   715        A          1284             2            1284          1286             0   95
715   716        B          1287             1            1287          1288             0   95
716   717        C          1289             3            1289          1292             0  Gas
717   718        B          1290             3            1290          1293             0   90
718   719        C          1291             5            1293          1298             2   90
719   720        B          1291             1            1291          1292             0   95
720   721        C          1291             5            1292          1297             1  Gas
721   722        B          1292             3            1292          1295             0   95
722   723        B          1293             3            1295          1298             2   95
723   724        B          1293             3            1298          1301             5   90
724   725        A          1296             3            1298          1301             2   95
725   726        B          1298             2            1301          1303             3   95
726   727        B          1300             1            1303          1304             3   95
727   728        B          1300             2            1304          1306             4   95
728   729        A          1301             3            1306          1309             5   95
729   730        C          1303             7            1303          1310             0   90
730   731        C          1305             3            1310          1313             5   90
731   732        C          1305             7            1313          1320             8   90
732   733        C          1305             5            1305          1310             0  Gas
733   734        C          1307             5            1320          1325            13   90
734   735        C          1310             5            1310          1315             0  Gas
735   736        B          1313             3            1313          1316             0   95
736   737        B          1313             3            1316          1319             3   95
737   738        C          1313             5            1315          1320             2  Gas
738   739        C          1314             7            1325          1332            11   90
739   740        B          1315             3            1319          1322             4   95
740   741        C          1318             5            1320          1325             2  Gas
741   742        C          1320             5            1325          1330             5  Gas
742   743        A          1321             3            1322          1325             1   95
743   744        C          1321             5            1332          1337            11   90
744   745        C          1321             3            1337          1340            16   90
745   746        A          1322             3            1325          1328             3   95
746   747        C          1325             7            1330          1337             5  Gas
747   748        C          1327             5            1340          1345            13   90
748   749        B          1328             2            1328          1330             0   95
749   750        B          1328             3            1330          1333             2   95
750   751        B          1330             1            1333          1334             3   95
751   752        C          1333             5            1345          1350            12   90
752   753        C          1335             5            1337          1342             2  Gas
753   754        C          1338             7            1342          1349             4  Gas
754   755        C          1340             7            1350          1357            10   90
755   756        A          1342             2            1342          1344             0   95
756   757        B          1342             3            1357          1360            15   90
757   758        A          1343             3            1344          1347             1   95
758   759        C          1346             3            1360          1363            14   90
759   760        B          1349             2            1349          1351             0   95
760   761        C          1351             5            1351          1356             0  Gas
761   762        C          1351             3            1356          1359             5  Gas
762   763        C          1353             3            1363          1366            10   90
763   764        C          1356             5            1366          1371            10   90
764   765        A          1357             2            1357          1359             0   95
765   766        B          1360             3            1371          1374            11   90
766   767        C          1361             5            1361          1366             0  Gas
767   768        B          1363             1            1374          1375            11   90
768   769        B          1364             3            1364          1367             0   95
769   770        C          1364             7            1366          1373             2  Gas
770   771        B          1367             3            1367          1370             0   95
771   772        B          1370             3            1370          1373             0   95
772   773        C          1373             3            1375          1378             2   90
773   774        C          1373             7            1373          1380             0  Gas
774   775        C          1375             5            1378          1383             3   90
775   776        C          1377             7            1383          1390             6   90
776   777        C          1380             7            1390          1397            10   90
777   778        C          1383             7            1383          1390             0  Gas
778   779        B          1385             3            1385          1388             0   95
779   780        C          1388             5            1397          1402             9   90
780   781        C          1390             5            1390          1395             0  Gas
781   782        A          1393             3            1393          1396             0   95
782   783        B          1393             3            1396          1399             3   95
783   784        B          1395             3            1399          1402             4   95
784   785        C          1398             3            1402          1405             4   90
785   786        C          1401             5            1405          1410             4   90
786   787        B          1401             3            1402          1405             1   95
787   788        C          1404             3            1410          1413             6   90
788   789        C          1407             7            1407          1414             0  Gas
789   790        A          1407             2            1407          1409             0   95
790   791        B          1409             3            1413          1416             4   90
791   792        A          1412             2            1412          1414             0   95
792   793        B          1413             1            1414          1415             1   95
793   794        C          1416             5            1416          1421             0   90
794   795        B          1418             3            1418          1421             0   95
795   796        C          1420             5            1420          1425             0  Gas
796   797        A          1422             2            1422          1424             0   95
797   798        A          1424             2            1424          1426             0   95
798   799        A          1424             1            1426          1427             2   95
799   800        A          1424             3            1427          1430             3   95
800   801        B          1427             2            1430          1432             3   95
801   802        C          1430             5            1430          1435             0   90
802   803        B          1431             2            1432          1434             1   95
803   804        A          1433             2            1434          1436             1   95
804   805        C          1433             7            1433          1440             0  Gas
805   806        C          1433             7            1435          1442             2   90
806   807        B          1436             2            1436          1438             0   95
807   808        C          1437             5            1442          1447             5   90
808   809        A          1437             2            1438          1440             1   95
809   810        C          1438             5            1447          1452             9   90
810   811        C          1438             3            1452          1455            14   90
811   812        C          1439             5            1440          1445             1  Gas
812   813        A          1442             2            1442          1444             0   95
813   814        B          1445             3            1445          1448             0   95
814   815        C          1446             3            1446          1449             0  Gas
815   816        C          1448             5            1455          1460             7   90
816   817        B          1448             2            1448          1450             0   95
817   818        C          1450             5            1460          1465            10   90
818   819        C          1451             5            1451          1456             0  Gas
819   820        C          1454             3            1456          1459             2  Gas
820   821        C          1456             7            1459          1466             3  Gas
821   822        A          1459             1            1459          1460             0   95
822   823        C          1461             7            1466          1473             5  Gas
823   824        A          1464             3            1464          1467             0   95
824   825        C          1467             5            1473          1478             6  Gas
825   826        B          1467             3            1467          1470             0   95
826   827        A          1468             3            1470          1473             2   95
827   828        C          1471             7            1471          1478             0   90
828   829        A          1473             3            1473          1476             0   95
829   830        B          1473             2            1476          1478             3   95
830   831        B          1475             2            1478          1480             3   95
831   832        C          1478             3            1478          1481             0  Gas
832   833        C          1480             5            1480          1485             0   90
833   834        B          1483             2            1483          1485             0   95
834   835        B          1484             3            1485          1488             1   90
835   836        B          1485             3            1488          1491             3   90
836   837        B          1488             1            1488          1489             0   95
837   838        C          1491             5            1491          1496             0  Gas
838   839        B          1492             3            1492          1495             0   90
839   840        C          1495             5            1495          1500             0   90
840   841        A          1495             1            1495          1496             0   95
841   842        B          1496             3            1500          1503             4   90
842   843        C          1499             7            1503          1510             4   90
843   844        C          1502             7            1502          1509             0  Gas
844   845        B          1505             2            1505          1507             0   95
845   846        C          1507             5            1509          1514             2  Gas
846   847        C          1510             7            1514          1521             4  Gas
847   848        C          1512             5            1512          1517             0   90
848   849        B          1515             3            1517          1520             2   90
849   850        A          1518             2            1518          1520             0   95
850   851        C          1521             5            1521          1526             0  Gas
851   852        B          1521             2            1521          1523             0   95
852   853        A          1524             2            1524          1526             0   95
853   854        A          1526             3            1526          1529             0   95
854   855        C          1528             5            1528          1533             0  Gas
855   856        A          1528             2            1529          1531             1   95
856   857        B          1528             2            1531          1533             3   95
857   858        B          1529             3            1529          1532             0   90
858   859        C          1530             3            1533          1536             3  Gas
859   860        C          1531             5            1536          1541             5  Gas
860   861        A          1532             2            1533          1535             1   95
861   862        C          1535             3            1535          1538             0   90
862   863        C          1538             5            1541          1546             3  Gas
863   864        A          1539             2            1539          1541             0   95
864   865        C          1541             5            1546          1551             5  Gas
865   866        C          1542             7            1542          1549             0   90
866   867        C          1543             7            1549          1556             6   90
867   868        A          1546             3            1546          1549             0   95
868   869        A          1548             1            1549          1550             1   95
869   870        B          1550             3            1550          1553             0   95
870   871        B          1552             1            1556          1557             4   90
871   872        A          1555             2            1555          1557             0   95
872   873        C          1556             5            1557          1562             1   90
873   874        B          1558             2            1562          1564             4   90
874   875        C          1559             7            1564          1571             5   90
875   876        B          1560             3            1571          1574            11   90
876   877        A          1560             2            1560          1562             0   95
877   878        C          1563             5            1563          1568             0  Gas
878   879        B          1565             2            1565          1567             0   95
879   880        C          1568             7            1574          1581             6   90
880   881        C          1571             3            1581          1584            10   90
881   882        B          1572             3            1584          1587            12   90
882   883        A          1573             1            1573          1574             0   95
883   884        A          1575             2            1575          1577             0   95
884   885        B          1576             1            1587          1588            11   90
885   886        C          1579             3            1579          1582             0  Gas
886   887        B          1581             2            1581          1583             0   95
887   888        C          1583             7            1588          1595             5   90
888   889        B          1586             1            1595          1596             9   90
889   890        A          1586             2            1586          1588             0   95
890   891        B          1587             3            1596          1599             9   90
891   892        C          1590             7            1599          1606             9   90
892   893        C          1592             5            1606          1611            14   90
893   894        B          1595             3            1595          1598             0   95
894   895        C          1598             3            1611          1614            13   90
895   896        A          1599             1            1599          1600             0   95
896   897        B          1599             2            1614          1616            15   90
897   898        B          1602             3            1602          1605             0   95
898   899        A          1604             2            1605          1607             1   95
899   900        B          1606             2            1607          1609             1   95
900   901        C          1609             3            1616          1619             7   90
901   902        C          1611             3            1619          1622             8   90
902   903        C          1613             3            1622          1625             9   90
903   904        C          1616             7            1625          1632             9   90
904   905        B          1616             3            1616          1619             0   95
905   906        C          1619             7            1619          1626             0  Gas
906   907        C          1620             3            1632          1635            12   90
907   908        B          1620             2            1620          1622             0   95
908   909        C          1623             3            1635          1638            12   90
909   910        A          1625             3            1625          1628             0   95
910   911        B          1628             2            1628          1630             0   95
911   912        C          1630             5            1638          1643             8   90
912   913        C          1632             5            1643          1648            11   90
913   914        B          1632             3            1648          1651            16   90
914   915        C          1635             7            1651          1658            16   90
915   916        B          1636             3            1658          1661            22   90
916   917        B          1638             3            1661          1664            23   90
917   918        B          1641             3            1641          1644             0   95
918   919        C          1642             5            1642          1647             0  Gas
919   920        C          1645             5            1647          1652             2  Gas
920   921        C          1645             5            1652          1657             7  Gas
921   922        C          1648             5            1664          1669            16   90
922   923        A          1649             3            1649          1652             0   95
923   924        A          1649             3            1652          1655             3   95
924   925        B          1652             2            1655          1657             3   95
925   926        C          1654             7            1657          1664             3  Gas
926   927        B          1657             3            1657          1660             0   95
927   928        B          1657             1            1660          1661             3   95
928   929        A          1658             2            1661          1663             3   95
929   930        C          1659             3            1669          1672            10   90
930   931        B          1659             3            1663          1666             4   95
931   932        C          1660             3            1664          1667             4  Gas
932   933        B          1662             2            1672          1674            10   90
933   934        C          1665             7            1667          1674             2  Gas
934   935        B          1667             1            1674          1675             7   90
935   936        B          1670             3            1670          1673             0   95
936   937        A          1670             3            1673          1676             3   95
937   938        A          1670             3            1676          1679             6   95
938   939        C          1671             3            1674          1677             3  Gas
939   940        C          1674             5            1675          1680             1   90
940   941        C          1674             5            1677          1682             3  Gas
941   942        B          1676             3            1679          1682             3   95
942   943        B          1679             1            1682          1683             3   95
943   944        C          1682             7            1682          1689             0  Gas
944   945        C          1684             7            1684          1691             0   90
945   946        A          1685             3            1685          1688             0   95
946   947        B          1688             3            1691          1694             3   90
947   948        B          1690             3            1690          1693             0   95
948   949        C          1693             5            1693          1698             0  Gas
949   950        A          1695             2            1695          1697             0   95
950   951        A          1697             3            1697          1700             0   95
951   952        A          1700             2            1700          1702             0   95
952   953        C          1702             7            1702          1709             0  Gas
953   954        C          1702             5            1709          1714             7  Gas
954   955        A          1702             2            1702          1704             0   95
955   956        A          1705             3            1705          1708             0   95
956   957        A          1708             3            1708          1711             0   95
957   958        C          1710             5            1714          1719             4  Gas
958   959        C          1710             5            1719          1724             9  Gas
959   960        B          1712             1            1712          1713             0   90
960   961        C          1712             3            1713          1716             1   90
961   962        B          1715             3            1715          1718             0   95
962   963        A          1716             3            1718          1721             2   95
963   964        C          1716             3            1716          1719             0   90
964   965        C          1718             3            1724          1727             6  Gas
965   966        C          1721             5            1727          1732             6  Gas
966   967        A          1722             2            1722          1724             0   95
967   968        B          1725             3            1725          1728             0   95
968   969        C          1725             3            1732          1735             7  Gas
969   970        C          1727             7            1727          1734             0   90
970   971        C          1729             5            1735          1740             6  Gas
971   972        A          1730             1            1730          1731             0   95
972   973        C          1733             3            1740          1743             7  Gas
973   974        C          1735             3            1743          1746             8  Gas
974   975        C          1738             7            1738          1745             0   90
975   976        A          1741             3            1741          1744             0   95
976   977        B          1741             2            1745          1747             4   90
977   978        C          1743             3            1746          1749             3  Gas
978   979        C          1746             7            1749          1756             3  Gas
979   980        C          1748             7            1748          1755             0   90
980   981        A          1750             3            1750          1753             0   95
981   982        C          1750             3            1756          1759             6  Gas
982   983        B          1752             3            1753          1756             1   95
983   984        B          1754             3            1755          1758             1   90
984   985        A          1755             2            1756          1758             1   95
985   986        A          1758             3            1758          1761             0   95
986   987        C          1759             7            1759          1766             0  Gas
987   988        B          1762             2            1762          1764             0   95
988   989        B          1764             3            1764          1767             0   95
989   990        C          1767             5            1767          1772             0   90
990   991        C          1770             3            1770          1773             0  Gas
991   992        B          1772             1            1772          1773             0   90
992   993        B          1773             2            1773          1775             0   95
993   994        C          1774             5            1774          1779             0   90
994   995        C          1774             3            1779          1782             5   90
995   996        B          1776             3            1776          1779             0   95
996   997        C          1777             5            1777          1782             0  Gas
997   998        C          1780             5            1782          1787             2  Gas
998   999        C          1783             5            1783          1788             0   90
999  1000        B          1786             2            1786          1788             0   95