      Car Category  Arrival Time  Service Time  Service Begins  Service Ends  Waiting Time Pump
0       1        B             2             2               2             4             0   90
1       2        B             5             3               5             8             0   90
2       3        A             6             1               6             7             0   95
3       4        B             9             3               9            12             0   90
4       5        C            11             3              11            14             0  Gas
5       6        B            14             1              14            15             0   90
6       7        A            17             1              17            18             0   95
7       8        C            18             5              18            23             0  Gas
8       9        B            21             1              21            22             0   95
9      10        C            24             3              24            27             0  Gas
10     11        B            24             3              24            27             0   90
11     12        B            26             3              26            29             0   95
12     13        C            29             7              29            36             0  Gas
13     14        B            31             1              31            32             0   90
14     15        C            33             3              36            39             3  Gas
15     16        B            34             1              34            35             0   95
16     17        B            37             3              37            40             0   95
17     18        B            40             3              40            43             0   95
18     19        A            40             2              43            45             3   95
19     20        B            42             2              45            47             3   95
20     21        B            42             2              47            49             5   95
21     22        B            42             1              42            43             0   90
22     23        B            42             2              43            45             1   90
23     24        A            44             3              49            52             5   95
24     25        B            44             3              52            55             8   95
25     26        A            45             3              55            58            10   95
26     27        C            47             5              47            52             0  Gas
27     28        B            49             2              58            60             9   95
28     29        A            52             3              60            63             8   95
29     30        C            55             7              55            62             0   90
30     31        C            57             3              57            60             0  Gas
31     32        A            59             3              63            66             4   95
32     33        A            60             3              66            69             6   95
33     34        C            63             3              63            66             0  Gas
34     35        B            66             1              66            67             0   90
35     36        B            68             3              69            72             1   95
36     37        A            70             3              72            75             2   95
37     38        C            71             7              71            78             0  Gas
38     39        A            72             1              75            76             3   95
39     40        C            75             3              75            78             0   90
40     41        C            77             7              78            85             1  Gas
41     42        B            80             3              80            83             0   95
42     43        B            82             3              82            85             0   90
43     44        B            83             3              83            86             0   95
44     45        C            86             7              86            93             0   90
45     46        B            89             2              93            95             4   90
46     47        B            91             3              91            94             0   95
47     48        B            91             2              95            97             4   90
48     49        B            92             3              94            97             2   95
49     50        C            94             5              94            99             0  Gas
50     51        C            96             7              97           104             1   90
51     52        B            98             3              98           101             0   95
52     53        B           100             2             104           106             4   90
53     54        A           100             3             101           104             1   95
54     55        B           101             2             104           106             3   95
55     56        C           101             5             101           106             0  Gas
56     57        C           104             3             106           109             2  Gas
57     58        C           106             7             109           116             3  Gas
58     59        B           108             3             108           111             0   90
59     60        A           111             3             111           114             0   95
60     61        A           112             3             114           117             2   95
61     62        C           114             7             114           121             0   90
62     63        C           115             7             116           123             1  Gas
63     64        C           118             7             123           130             5  Gas
64     65        C           120             3             121           124             1   90
65     66        B           123             1             123           124             0   95
66     67        C           123             7             124           131             1   90
67     68        C           125             5             130           135             5  Gas
68     69        B           126             2             131           133             5   90
69     70        C           129             5             133           138             4   90
70     71        C           132             3             138           141             6   90
71     72        B           132             3             132           135             0   95
72     73        B           133             3             135           138             2   95
73     74        C           134             5             141           146             7   90
74     75        A           134             1             138           139             4   95
75     76        A           136             3             139           142             3   95
76     77        B           139             3             142           145             3   95
77     78        A           141             3             145           148             4   95
78     79        B           142             3             148           151             6   95
79     80        B           142             3             151           154             9   95
80     81        C           145             7             145           152             0  Gas
81     82        C           148             7             152           159             4  Gas
82     83        C           151             5             159           164             8  Gas
83     84        C           154             5             154           159             0   90
84     85        C           157             5             159           164             2   90
85     86        A           160             2             160           162             0   95
86     87        C           162             3             164           167             2  Gas
87     88        B           164             2             164           166             0   95
88     89        A           167             2             167           169             0   95
89     90        B           169             3             169           172             0   95
90     91        B           171             3             172           175             1   95
91     92        C           171             7             171           178             0  Gas
92     93        A           172             3             175           178             3   95
93     94        B           173             1             178           179             5   95
94     95        C           173             5             173           178             0   90
95     96        A           175             2             179           181             4   95
96     97        C           178             5             178           183             0   90
97     98        B           181             2             183           185             2   90
98     99        C           182             3             185           188             3   90
99    100        C           185             3             185           188             0  Gas
100   101        C           188             5             188           193             0   90
101   102        A           191             2             191           193             0   95
102   103        C           192             5             192           197             0  Gas
103   104        B           195             3             195           198             0   95
104   105        C           197             7             197           204             0  Gas
105   106        B           199             3             199           202             0   95
106   107        B           202             3             202           205             0   90
107   108        C           203             5             204           209             1  Gas
108   109        C           206             7             206           213             0   90
109   110        C           209             5             209           214             0  Gas
110   111        C           211             3             213           216             2   90
111   112        B           211             3             211           214             0   95
112   113        B           214             3             214           217             0   95
113   114        B           216             1             217           218             1   95
114   115        B           219             2             219           221             0   90
115   116        B           221             3             221           224             0   95
116   117        B           221             2             224           226             3   95
117   118        C           221             3             221           224             0  Gas
118   119        B           224             3             226           229             2   95
119   120        A           224             1             229           230             5   95
120   121        C           227             3             227           230             0   90
121   122        A           230             2             230           232             0   95
122   123        C           233             7             233           240             0   90
123   124        A           235             3             235           238             0   95
124   125        A           238             3             238           241             0   95
125   126        A           240             3             241           244             1   95
126   127        C           242             5             242           247             0  Gas
127   128        C           245             3             247           250             2  Gas
128   129        B           245             2             245           247             0   90
129   130        C           245             5             250           255             5  Gas
130   131        C           248             5             248           253             0   90
131   132        A           251             2             251           253             0   95
132   133        C           253             5             255           260             2  Gas
133   134        C           254             7             260           267             6  Gas
134   135        C           255             7             267           274            12  Gas
135   136        B           257             3             257           260             0   95
136   137        C           257             5             274           279            17  Gas
137   138        A           257             3             260           263             3   95
138   139        B           260             3             263           266             3   95
139   140        C           260             5             279           284            19  Gas
140   141        A           262             3             266           269             4   95
141   142        B           262             3             262           265             0   90
142   143        B           264             2             269           271             5   95
143   144        B           266             1             271           272             5   95
144   145        A           267             2             272           274             5   95
145   146        C           270             7             270           277             0   90
146   147        C           270             7             284           291            14  Gas
147   148        C           272             7             291           298            19  Gas
148   149        B           275             3             275           278             0   95
149   150        B           275             3             278           281             3   95
150   151        A           277             2             281           283             4   95
151   152        C           279             5             298           303            19  Gas
152   153        B           282             1             283           284             1   95
153   154        B           285             1             285           286             0   95
154   155        B           286             2             286           288             0   95
155   156        B           287             3             287           290             0   90
156   157        B           289             2             289           291             0   95
157   158        B           290             3             291           294             1   95
158   159        C           293             7             303           310            10  Gas
159   160        C           296             7             296           303             0   90
160   161        A           297             2             297           299             0   95
161   162        A           299             2             299           301             0   95
162   163        B           302             1             302           303             0   95
163   164        A           305             1             305           306             0   95
164   165        C           308             3             308           311             0   90
165   166        C           309             7             311           318             2   90
166   167        A           312             2             312           314             0   95
167   168        A           314             3             314           317             0   95
168   169        B           317             2             317           319             0   95
169   170        B           319             2             319           321             0   95
170   171        C           319             3             319           322             0  Gas
171   172        A           319             1             321           322             2   95
172   173        B           321             1             322           323             1   95
173   174        C           322             5             322           327             0  Gas
174   175        C           325             5             325           330             0   90
175   176        C           327             7             330           337             3   90
176   177        C           328             7             328           335             0  Gas
177   178        A           328             3             328           331             0   95
178   179        C           328             3             335           338             7  Gas
179   180        B           330             3             331           334             1   95
180   181        C           331             5             337           342             6   90
181   182        B           333             1             342           343             9   90
182   183        C           336             7             343           350             7   90
183   184        C           338             3             338           341             0  Gas
184   185        A           338             3             338           341             0   95
185   186        A           341             1             341           342             0   95
186   187        B           344             3             350           353             6   90
187   188        A           345             3             345           348             0   95
188   189        A           347             2             348           350             1   95
189   190        B           350             3             353           356             3   90
190   191        B           353             1             353           354             0   95
191   192        C           356             7             356           363             0   90
192   193        A           359             1             359           360             0   95
193   194        C           359             5             363           368             4   90
194   195        A           360             3             360           363             0   95
195   196        A           360             3             363           366             3   95
196   197        C           363             5             363           368             0  Gas
197   198        C           365             5             368           373             3   90
198   199        C           366             5             368           373             2  Gas
199   200        A           368             3             368           371             0   95
200   201        C           371             7             373           380             2  Gas
201   202        B           373             1             373           374             0   90
202   203        C           373             5             380           385             7  Gas
203   204        B           376             1             376           377             0   95
204   205        C           379             5             379           384             0   90
205   206        B           382             3             382           385             0   95
206   207        B           383             3             385           388             2   95
207   208        B           385             1             388           389             3   95
208   209        C           387             5             387           392             0  Gas
209   210        C           390             7             392           399             2  Gas
210   211        C           391             3             399           402             8  Gas
211   212        C           391             7             391           398             0   90
212   213        C           393             5             402           407             9  Gas
213   214        C           394             5             407           412            13  Gas
214   215        B           395             3             395           398             0   95
215   216        A           398             3             398           401             0   95
216   217        C           398             5             398           403             0   90
217   218        A           399             3             401           404             2   95
218   219        C           402             5             412           417            10  Gas
219   220        C           405             7             405           412             0   90
220   221        B           406             2             406           408             0   95
221   222        A           406             3             408           411             2   95
222   223        B           409             3             412           415             3   90
223   224        A           411             3             411           414             0   95
224   225        B           411             1             415           416             4   90
225   226        C           411             5             416           421             5   90
226   227        B           413             2             414           416             1   95
227   228        A           416             3             416           419             0   95
228   229        B           416             2             421           423             5   90
229   230        C           416             3             423           426             7   90
230   231        C           419             5             426           431             7   90
231   232        C           422             7             422           429             0  Gas
232   233        A           423             3             423           426             0   95
233   234        A           425             3             426           429             1   95
234   235        C           426             5             429           434             3  Gas
235   236        A           429             3             429           432             0   95
236   237        B           432             3             432           435             0   90
237   238        C           435             7             435           442             0  Gas
238   239        A           438             3             438           441             0   95
239   240        B           439             2             439           441             0   90
240   241        C           442             5             442           447             0   90
241   242        B           445             3             447           450             2   90
242   243        C           445             7             450           457             5   90
243   244        C           445             3             445           448             0  Gas
244   245        B           447             3             457           460            10   90
245   246        C           448             7             448           455             0  Gas
246   247        C           451             7             460           467             9   90
247   248        C           454             5             467           472            13   90
248   249        C           456             5             472           477            16   90
249   250        B           457             3             457           460             0   95
250   251        C           458             5             458           463             0  Gas
251   252        C           461             5             463           468             2  Gas
252   253        C           462             3             477           480            15   90
253   254        A           463             2             463           465             0   95
254   255        B           464             2             480           482            16   90
255   256        A           467             3             467           470             0   95
256   257        A           468             3             470           473             2   95
257   258        C           471             3             471           474             0  Gas
258   259        B           471             3             473           476             2   95
259   260        A           471             1             476           477             5   95
260   261        C           471             5             482           487            11   90
261   262        A           473             3             477           480             4   95
262   263        C           475             7             475           482             0  Gas
263   264        B           475             3             487           490            12   90
264   265        B           476             3             480           483             4   95
265   266        B           476             1             483           484             7   95
266   267        B           478             2             484           486             6   95
267   268        C           480             3             482           485             2  Gas
268   269        B           480             1             490           491            10   90
269   270        A           482             1             486           487             4   95
270   271        B           483             3             487           490             4   95
271   272        C           485             5             491           496             6   90
272   273        B           486             2             490           492             4   95
273   274        C           486             7             486           493             0  Gas
274   275        C           489             5             493           498             4  Gas
275   276        B           490             2             496           498             6   90
276   277        C           490             7             498           505             8  Gas
277   278        C           493             5             505           510            12  Gas
278   279        C           493             7             510           517            17  Gas
279   280        A           493             3             493           496             0   95
280   281        C           494             5             498           503             4   90
281   282        C           497             7             517           524            20  Gas
282   283        C           498             7             503           510             5   90
283   284        A           501             3             501           504             0   95
284   285        C           504             7             510           517             6   90
285   286        C           506             5             517           522            11   90
286   287        C           509             3             522           525            13   90
287   288        C           511             5             524           529            13  Gas
288   289        B           512             1             512           513             0   95
289   290        A           513             1             513           514             0   95
290   291        C           515             7             529           536            14  Gas
291   292        B           516             3             516           519             0   95
292   293        B           518             3             525           528             7   90
293   294        C           518             5             536           541            18  Gas
294   295        B           521             1             521           522             0   95
295   296        B           524             3             524           527             0   95
296   297        B           526             2             528           530             2   90
297   298        A           529             3             529           532             0   95
298   299        B           529             3             530           533             1   90
299   300        C           532             7             541           548             9  Gas
300   301        B           532             1             532           533             0   95
301   302        B           535             3             535           538             0   95
302   303        A           535             2             538           540             3   95
303   304        C           536             7             548           555            12  Gas
304   305        A           538             3             540           543             2   95
305   306        C           540             5             540           545             0   90
306   307        B           543             1             543           544             0   95
307   308        A           544             3             544           547             0   95
308   309        C           545             7             555           562            10  Gas
309   310        C           548             5             548           553             0   90
310   311        B           548             3             548           551             0   95
311   312        B           548             3             551           554             3   95
312   313        C           550             7             562           569            12  Gas
313   314        A           552             3             554           557             2   95
314   315        C           553             5             553           558             0   90
315   316        C           555             5             569           574            14  Gas
316   317        C           557             5             574           579            17  Gas
317   318        B           558             3             558           561             0   90
318   319        B           561             3             561           564             0   95
319   320        C           564             5             564           569             0   90
320   321        C           565             5             579           584            14  Gas
321   322        B           568             3             568           571             0   95
322   323        C           571             7             584           591            13  Gas
323   324        B           572             2             572           574             0   90
324   325        B           573             3             573           576             0   95
325   326        B           575             3             576           579             1   95
326   327        B           578             1             579           580             1   95
327   328        C           578             5             591           596            13  Gas
328   329        B           581             3             581           584             0   95
329   330        C           582             5             582           587             0   90
330   331        B           584             2             587           589             3   90
331   332        C           587             5             596           601             9  Gas
332   333        B           590             3             590           593             0   95
333   334        B           590             2             593           595             3   95
334   335        C           591             5             601           606            10  Gas
335   336        C           594             5             594           599             0   90
336   337        C           596             7             606           613            10  Gas
337   338        B           598             3             598           601             0   95
338   339        C           599             5             599           604             0   90
339   340        A           602             3             602           605             0   95
340   341        A           605             3             605           608             0   95
341   342        B           608             3             608           611             0   95
342   343        C           611             3             613           616             2  Gas
343   344        C           613             5             616           621             3  Gas
344   345        A           616             2             616           618             0   95
345   346        C           619             3             621           624             2  Gas
346   347        C           619             5             624           629             5  Gas
347   348        B           622             3             622           625             0   95
348   349        B           624             3             625           628             1   95
349   350        B           626             2             628           630             2   95
350   351        B           628             3             630           633             2   95
351   352        C           631             3             631           634             0  Gas
352   353        A           632             1             633           634             1   95
353   354        C           635             3             635           638             0  Gas
354   355        C           637             5             637           642             0   90
355   356        B           638             1             638           639             0   95
356   357        B           641             3             641           644             0   95
357   358        A           642             3             644           647             2   95
358   359        C           644             5             644           649             0   90
359   360        B           644             3             647           650             3   95
360   361        B           646             3             649           652             3   90
361   362        A           646             3             650           653             4   95
362   363        A           649             3             653           656             4   95
363   364        B           649             2             656           658             7   95
364   365        B           651             3             658           661             7   95
365   366        B           651             1             661           662            10   95
366   367        C           654             7             654           661             0  Gas
367   368        C           655             5             655           660             0   90
368   369        C           658             7             661           668             3  Gas
369   370        C           661             7             668           675             7  Gas
370   371        B           664             1             664           665             0   90
371   372        B           665             3             665           668             0   90
372   373        A           668             3             668           671             0   95
373   374        C           668             7             675           682             7  Gas
374   375        C           670             7             682           689            12  Gas
375   376        C           673             7             689           696            16  Gas
376   377        B           673             2             673           675             0   95
377   378        A           676             1             676           677             0   95
378   379        B           678             1             678           679             0   95
379   380        B           679             2             679           681             0   90
380   381        C           680             7             696           703            16  Gas
381   382        A           683             1             683           684             0   95
382   383        C           684             7             684           691             0   90
383   384        A           686             2             686           688             0   95
384   385        A           686             2             688           690             2   95
385   386        C           689             7             703           710            14  Gas
386   387        B           691             3             691           694             0   95
387   388        B           692             2             692           694             0   90
388   389        B           695             2             695           697             0   90
389   390        C           695             5             697           702             2   90
390   391        C           696             7             710           717            14  Gas
391   392        C           698             5             702           707             4   90
392   393        B           700             3             700           703             0   95
393   394        B           703             3             703           706             0   95
394   395        B           705             3             707           710             2   90
395   396        A           707             3             707           710             0   95
396   397        B           709             2             710           712             1   95
397   398        B           712             2             712           714             0   95
398   399        C           715             5             717           722             2  Gas
399   400        C           717             5             717           722             0   90
400   401        C           719             5             722           727             3  Gas
401   402        B           721             3             721           724             0   95
402   403        C           723             5             727           732             4  Gas
403   404        B           726             3             726           729             0   95
404   405        A           727             2             729           731             2   95
405   406        B           730             1             731           732             1   95
406   407        B           731             3             732           735             1   95
407   408        C           734             3             734           737             0  Gas
408   409        B           734             2             735           737             1   95
409   410        C           736             7             736           743             0   90
410   411        B           737             3             737           740             0   95
411   412        C           740             5             740           745             0  Gas
412   413        C           741             5             743           748             2   90
413   414        C           744             7             748           755             4   90
414   415        A           747             2             747           749             0   95
415   416        C           750             7             750           757             0  Gas
416   417        B           750             3             750           753             0   95
417   418        B           753             3             753           756             0   95
418   419        B           756             2             756           758             0   90
419   420        C           759             5             759           764             0   90
420   421        C           762             7             762           769             0  Gas
421   422        A           763             2             763           765             0   95
422   423        B           764             2             765           767             1   95
423   424        C           766             5             769           774             3  Gas
424   425        B           767             3             767           770             0   90
425   426        A           770             2             770           772             0   95
426   427        C           770             7             774           781             4  Gas
427   428        A           773             2             773           775             0   95
428   429        A           775             2             775           777             0   95
429   430        B           778             1             778           779             0   95
430   431        A           781             2             781           783             0   95
431   432        C           783             5             783           788             0   90
432   433        B           786             3             788           791             2   90
433   434        C           788             5             788           793             0  Gas
434   435        B           790             3             790           793             0   95
435   436        A           791             1             793           794             2   95
436   437        B           793             1             793           794             0   90
437   438        B           796             2             796           798             0   95
438   439        C           796             5             796           801             0  Gas
439   440        A           798             1             798           799             0   95
440   441        B           799             1             799           800             0   95
441   442        C           800             7             800           807             0   90
442   443        B           803             2             803           805             0   95
443   444        C           806             5             806           811             0  Gas
444   445        B           808             2             808           810             0   95
445   446        A           809             1             810           811             1   95
446   447        C           810             3             811           814             1  Gas
447   448        C           813             3             813           816             0   90
448   449        B           815             3             816           819             1   90
449   450        B           817             1             817           818             0   95
450   451        C           820             5             820           825             0  Gas
451   452        B           823             2             823           825             0   95
452   453        B           826             2             826           828             0   95
453   454        C           827             5             827           832             0   90
454   455        C           830             3             830           833             0  Gas
455   456        B           830             3             832           835             2   90
456   457        C           832             7             833           840             1  Gas
457   458        C           834             5             840           845             6  Gas
458   459        B           837             2             837           839             0   90
459   460        B           838             3             838           841             0   95
460   461        C           841             5             841           846             0   90
461   462        B           843             1             846           847             3   90
462   463        B           843             2             843           845             0   95
463   464        B           845             3             845           848             0   95
464   465        C           847             5             847           852             0  Gas
465   466        B           849             3             849           852             0   95
466   467        C           849             5             852           857             3  Gas
467   468        C           850             5             857           862             7  Gas
468   469        A           851             3             852           855             1   95
469   470        A           853             3             855           858             2   95
470   471        B           856             1             858           859             2   95
471   472        C           856             5             862           867             6  Gas
472   473        C           859             5             859           864             0   90
473   474        B           861             3             861           864             0   95
474   475        B           862             3             864           867             2   95
475   476        C           864             3             867           870             3  Gas
476   477        B           865             2             865           867             0   90
477   478        C           866             7             867           874             1   90
478   479        B           868             2             874           876             6   90
479   480        B           871             3             876           879             5   90
480   481        A           874             3             874           877             0   95
481   482        C           877             7             879           886             2   90
482   483        C           880             5             880           885             0  Gas
483   484        C           880             5             886           891             6   90
484   485        B           881             3             891           894            10   90
485   486        B           883             3             883           886             0   95
486   487        A           886             3             886           889             0   95
487   488        B           888             2             894           896             6   90
488   489        A           891             2             891           893             0   95
489   490        B           891             3             893           896             2   95
490   491        A           894             1             896           897             2   95
491   492        C           897             5             897           902             0  Gas
492   493        C           900             5             902           907             2  Gas
493   494        C           900             5             907           912             7  Gas
494   495        C           901             7             912           919            11  Gas
495   496        C           902             7             919           926            17  Gas
496   497        C           903             7             926           933            23  Gas
497   498        C           905             3             905           908             0   90
498   499        A           907             1             907           908             0   95
499   500        B           910             2             910           912             0   90
500   501        B           911             1             911           912             0   95
501   502        C           912             5             933           938            21  Gas
502   503        A           915             3             915           918             0   95
503   504        C           916             7             916           923             0   90
504   505        C           919             5             938           943            19  Gas
505   506        C           922             5             943           948            21  Gas
506   507        B           925             3             925           928             0   95
507   508        C           926             5             948           953            22  Gas
508   509        C           926             3             953           956            27  Gas
509   510        B           929             3             929           932             0   90
510   511        B           929             2             929           931             0   95
511   512        C           932             3             956           959            24  Gas
512   513        B           935             1             935           936             0   90
513   514        C           938             7             938           945             0   90
514   515        B           939             2             939           941             0   95
515   516        B           940             3             945           948             5   90
516   517        C           943             3             959           962            16  Gas
517   518        A           945             3             945           948             0   95
518   519        A           946             2             948           950             2   95
519   520        B           948             2             950           952             2   95
520   521        B           949             3             952           955             3   95
521   522        A           949             2             955           957             6   95
522   523        C           952             3             952           955             0   90
523   524        C           953             5             955           960             2   90
524   525        A           954             3             957           960             3   95
525   526        C           955             3             962           965             7  Gas
526   527        B           956             2             960           962             4   95
527   528        B           958             2             960           962             2   90
528   529        A           960             3             962           965             2   95
529   530        C           963             5             965           970             2  Gas
530   531        C           965             5             970           975             5  Gas
531   532        C           968             3             975           978             7  Gas
532   533        A           969             1             969           970             0   95
533   534        C           972             5             972           977             0   90
534   535        B           974             3             974           977             0   95
535   536        C           974             3             978           981             4  Gas
536   537        C           977             7             981           988             4  Gas
537   538        C           978             7             988           995            10  Gas
538   539        A           981             1             981           982             0   95
539   540        B           982             3             982           985             0   90
540   541        A           982             2             982           984             0   95
541   542        B           985             3             985           988             0   95
542   543        C           988             5             988           993             0   90
543   544        B           988             3             988           991             0   95
544   545        C           991             5             995          1000             4  Gas
545   546        A           992             2             992           994             0   95
546   547        C           995             5            1000          1005             5  Gas
547   548        C           998             3            1005          1008             7  Gas
548   549        C           998             3            1008          1011            10  Gas
549   550        C           998             3             998          1001             0   90
550   551        A           999             3             999          1002             0   95
551   552        C          1000             5            1001          1006             1   90
552   553        A          1001             2            1002          1004             1   95
553   554        C          1001             5            1011          1016            10  Gas
554   555        C          1003             7            1016          1023            13  Gas
555   556        B          1003             3            1004          1007             1   95
556   557        A          1006             1            1007          1008             1   95
557   558        C          1009             7            1009          1016             0   90
558   559        B          1010             2            1010          1012             0   95
559   560        B          1013             3            1013          1016             0   95
560   561        A          1015             3            1016          1019             1   95
561   562        C          1018             5            1023          1028             5  Gas
562   563        C          1019             5            1028          1033             9  Gas
563   564        B          1019             2            1019          1021             0   95
564   565        B          1020             2            1020          1022             0   90
565   566        C          1023             7            1023          1030             0   90
566   567        C          1025             5            1033          1038             8  Gas
567   568        C          1027             5            1030          1035             3   90
568   569        A          1030             2            1030          1032             0   95
569   570        A          1030             3            1032          1035             2   95
570   571        B          1032             1            1035          1036             3   90
571   572        C          1034             5            1038          1043             4  Gas
572   573        C          1034             7            1043          1050             9  Gas
573   574        B          1034             3            1035          1038             1   95
574   575        B          1037             3            1038          1041             1   95
575   576        C          1040             7            1040          1047             0   90
576   577        C          1042             3            1050          1053             8  Gas
577   578        C          1043             5            1053          1058            10  Gas
578   579        C          1045             5            1058          1063            13  Gas
579   580        B          1048             3            1048          1051             0   95
580   581        B          1050             2            1051          1053             1   95
581   582        C          1051             7            1063          1070            12  Gas
582   583        B          1054             2            1054          1056             0   95
583   584        C          1056             5            1070          1075            14  Gas
584   585        A          1058             2            1058          1060             0   95
585   586        B          1061             2            1061          1063             0   90
586   587        C          1064             7            1064          1071             0   90
587   588        C          1066             5            1071          1076             5   90
588   589        C          1066             7            1076          1083            10   90
589   590        A          1069             1            1069          1070             0   95
590   591        C          1070             5            1083          1088            13   90
591   592        A          1072             3            1072          1075             0   95
592   593        B          1075             1            1088          1089            13   90
593   594        C          1078             7            1078          1085             0  Gas
594   595        B          1079             1            1089          1090            10   90
595   596        B          1082             2            1082          1084             0   95
596   597        C          1084             7            1090          1097             6   90
597   598        C          1085             5            1085          1090             0  Gas
598   599        A          1087             2            1087          1089             0   95
599   600        C          1089             5            1090          1095             1  Gas
600   601        A          1092             3            1092          1095             0   95
601   602        C          1094             5            1097          1102             3   90
602   603        B          1095             3            1095          1098             0   95
603   604        A          1097             3            1098          1101             1   95
604   605        B          1098             2            1101          1103             3   95
605   606        C          1098             5            1098          1103             0  Gas
606   607        C          1098             7            1103          1110             5  Gas
607   608        C          1101             5            1110          1115             9  Gas
608   609        B          1103             3            1103          1106             0   90
609   610        C          1106             5            1115          1120             9  Gas
610   611        C          1109             5            1109          1114             0   90
611   612        C          1110             3            1120          1123            10  Gas
612   613        C          1113             7            1123          1130            10  Gas
613   614        B          1116             3            1116          1119             0   95
614   615        C          1119             5            1130          1135            11  Gas
615   616        B          1120             3            1120          1123             0   90
616   617        B          1121             1            1121          1122             0   95
617   618        B          1122             3            1122          1125             0   95
618   619        A          1125             1            1125          1126             0   95
619   620        A          1128             2            1128          1130             0   95
620   621        C          1130             7            1135          1142             5  Gas
621   622        C          1133             5            1142          1147             9  Gas
622   623        B          1135             1            1135          1136             0   95
623   624        A          1137             3            1137          1140             0   95
624   625        A          1140             3            1140          1143             0   95
625   626        C          1143             5            1143          1148             0   90
626   627        A          1146             2            1146          1148             0   95
627   628        C          1146             5            1147          1152             1  Gas
628   629        B          1148             3            1148          1151             0   95
629   630        B          1148             3            1148          1151             0   90
630   631        C          1151             5            1152          1157             1  Gas
631   632        C          1154             7            1154          1161             0   90
632   633        C          1157             5            1157          1162             0  Gas
633   634        C          1160             5            1162          1167             2  Gas
634   635        B          1163             2            1163          1165             0   90
635   636        B          1164             3            1164          1167             0   95
636   637        A          1167             1            1167          1168             0   95
637   638        B          1167             3            1167          1170             0   90
638   639        C          1169             5            1169          1174             0  Gas
639   640        A          1170             3            1170          1173             0   95
640   641        C          1172             5            1174          1179             2  Gas
641   642        B          1173             3            1173          1176             0   95
642   643        B          1173             3            1176          1179             3   95
643   644        C          1173             7            1173          1180             0   90
644   645        A          1174             2            1179          1181             5   95
645   646        B          1174             2            1180          1182             6   90
646   647        A          1176             3            1181          1184             5   95
647   648        B          1176             3            1182          1185             6   90
648   649        C          1178             7            1179          1186             1  Gas
649   650        C          1180             5            1185          1190             5   90
650   651        C          1183             7            1186          1193             3  Gas
651   652        C          1183             5            1193          1198            10  Gas
652   653        C          1184             5            1198          1203            14  Gas
653   654        C          1185             5            1203          1208            18  Gas
654   655        B          1185             3            1190          1193             5   90
655   656        B          1188             3            1188          1191             0   95
656   657        C          1188             3            1208          1211            20  Gas
657   658        C          1188             7            1211          1218            23  Gas
658   659        B          1191             3            1193          1196             2   90
659   660        C          1191             5            1196          1201             5   90
660   661        C          1194             5            1218          1223            24  Gas
661   662        B          1195             3            1201          1204             6   90
662   663        A          1195             2            1195          1197             0   95
663   664        A          1198             1            1198          1199             0   95
664   665        C          1201             3            1223          1226            22  Gas
665   666        C          1203             7            1226          1233            23  Gas
666   667        C          1206             5            1206          1211             0   90
667   668        B          1206             3            1211          1214             5   90
668   669        B          1208             3            1214          1217             6   90
669   670        C          1211             5            1233          1238            22  Gas
670   671        A          1214             3            1214          1217             0   95
671   672        B          1216             2            1217          1219             1   95
672   673        B          1216             3            1219          1222             3   95
673   674        C          1217             5            1217          1222             0   90
674   675        B          1220             3            1222          1225             2   95
675   676        C          1222             7            1238          1245            16  Gas
676   677        A          1225             1            1225          1226             0   95
677   678        C          1225             5            1245          1250            20  Gas
678   679        C          1227             3            1250          1253            23  Gas
679   680        C          1227             7            1227          1234             0   90
680   681        B          1230             2            1230          1232             0   95
681   682        A          1232             3            1232          1235             0   95
682   683        A          1234             3            1235          1238             1   95
683   684        C          1234             3            1253          1256            19  Gas
684   685        C          1235             3            1256          1259            21  Gas
685   686        B          1235             3            1238          1241             3   95
686   687        B          1237             3            1241          1244             4   95
687   688        A          1238             2            1244          1246             6   95
688   689        A          1240             2            1246          1248             6   95
689   690        B          1240             2            1240          1242             0   90
690   691        C          1243             7            1259          1266            16  Gas
691   692        C          1244             5            1266          1271            22  Gas
692   693        C          1247             5            1271          1276            24  Gas
693   694        A          1247             3            1248          1251             1   95
694   695        B          1247             3            1251          1254             4   95
695   696        C          1247             7            1247          1254             0   90
696   697        A          1249             3            1254          1257             5   95
697   698        B          1252             2            1254          1256             2   90
698   699        B          1255             2            1256          1258             1   90
699   700        C          1257             5            1276          1281            19  Gas
700   701        A          1258             1            1258          1259             0   95
701   702        C          1259             3            1281          1284            22  Gas
702   703        C          1262             5            1284          1289            22  Gas
703   704        C          1265             3            1289          1292            24  Gas
704   705        A          1268             3            1268          1271             0   95
705   706        C          1270             3            1292          1295            22  Gas
706   707        C          1273             5            1295          1300            22  Gas
707   708        C          1274             5            1274          1279             0   90
708   709        B          1277             3            1277          1280             0   95
709   710        C          1280             3            1280          1283             0   90
710   711        C          1282             5            1300          1305            18  Gas
711   712        B          1284             1            1284          1285             0   95
712   713        C          1285             3            1305          1308            20  Gas
713   714        A          1287             3            1287          1290             0   95
714   715        B          1289             3            1289          1292             0   90
715   716        C          1292             5            1292          1297             0   90
716   717        A          1292             3            1292          1295             0   95
717   718        B          1295             2            1295          1297             0   95
718   719        C          1295             5            1297          1302             2   90
719   720        A          1298             3            1298          1301             0   95
720   721        C          1299             3            1308          1311             9  Gas
721   722        A          1300             3            1301          1304             1   95
722   723        C          1303             5            1311          1316             8  Gas
723   724        B          1305             3            1305          1308             0   90
724   725        B          1308             3            1308          1311             0   95
725   726        C          1308             5            1316          1321             8  Gas
726   727        B          1308             1            1311          1312             3   95
727   728        A          1310             2            1312          1314             2   95
728   729        C          1313             5            1313          1318             0   90
729   730        C          1316             5            1321          1326             5  Gas
730   731        B          1319             1            1319          1320             0   95
731   732        C          1321             7            1321          1328             0   90
732   733        C          1324             5            1328          1333             4   90
733   734        B          1324             2            1333          1335             9   90
734   735        B          1326             2            1326          1328             0   95
735   736        B          1329             3            1329          1332             0   95
736   737        B          1331             3            1332          1335             1   95
737   738        C          1333             5            1333          1338             0  Gas
738   739        C          1335             5            1338          1343             3  Gas
739   740        C          1336             7            1343          1350             7  Gas
740   741        A          1339             3            1339          1342             0   95
741   742        C          1340             5            1350          1355            10  Gas
742   743        B          1340             3            1340          1343             0   90
743   744        A          1343             3            1343          1346             0   95
744   745        B          1346             3            1346          1349             0   90
745   746        B          1349             2            1349          1351             0   95
746   747        B          1352             3            1352          1355             0   90
747   748        B          1352             1            1355          1356             3   90
748   749        B          1353             3            1353          1356             0   95
749   750        B          1356             2            1356          1358             0   95
750   751        C          1356             3            1356          1359             0   90
751   752        A          1359             3            1359          1362             0   95
752   753        C          1360             5            1360          1365             0   90
753   754        B          1360             3            1365          1368             5   90
754   755        A          1363             1            1363          1364             0   95
755   756        B          1366             3            1366          1369             0   95
756   757        A          1367             2            1369          1371             2   95
757   758        C          1368             5            1368          1373             0   90
758   759        B          1368             3            1371          1374             3   95
759   760        A          1371             3            1374          1377             3   95
760   761        C          1372             5            1373          1378             1   90
761   762        B          1374             1            1377          1378             3   95
762   763        C          1377             7            1377          1384             0  Gas
763   764        B          1379             3            1379          1382             0   95
764   765        A          1380             3            1382          1385             2   95
765   766        C          1382             3            1382          1385             0   90
766   767        B          1385             3            1385          1388             0   90
767   768        B          1385             2            1385          1387             0   95
768   769        B          1385             3            1388          1391             3   90
769   770        C          1387             7            1387          1394             0  Gas
770   771        B          1390             3            1390          1393             0   95
771   772        C          1393             7            1393          1400             0   90
772   773        A          1395             2            1395          1397             0   95
773   774        C          1398             5            1400          1405             2   90
774   775        B          1401             2            1405          1407             4   90
775   776        C          1401             5            1401          1406             0  Gas
776   777        B          1402             1            1402          1403             0   95
777   778        B          1404             3            1404          1407             0   95
778   779        A          1407             1            1407          1408             0   95
779   780        C          1409             5            1409          1414             0  Gas
780   781        C          1409             7            1414          1421             5  Gas
781   782        C          1411             7            1411          1418             0   90
782   783        C          1412             5            1421          1426             9  Gas
783   784        A          1412             1            1412          1413             0   95
784   785        C          1415             3            1418          1421             3   90
785   786        C          1418             5            1421          1426             3   90
786   787        C          1421             7            1426          1433             5   90
787   788        B          1424             3            1424          1427             0   95
788   789        A          1425             3            1427          1430             2   95
789   790        B          1427             1            1433          1434             6   90
790   791        C          1429             5            1429          1434             0  Gas
791   792        B          1429             2            1434          1436             5   90
792   793        B          1430             2            1430          1432             0   95
793   794        C          1432             5            1434          1439             2  Gas
794   795        C          1435             7            1439          1446             4  Gas
795   796        B          1436             3            1436          1439             0   95
796   797        C          1438             3            1446          1449             8  Gas
797   798        C          1441             5            1449          1454             8  Gas
798   799        B          1443             2            1443          1445             0   95
799   800        C          1443             5            1454          1459            11  Gas
800   801        B          1444             2            1444          1446             0   90
801   802        B          1445             2            1446          1448             1   90
802   803        B          1448             3            1448          1451             0   95
803   804        C          1451             5            1459          1464             8  Gas
804   805        A          1452             3            1452          1455             0   95
805   806        B          1455             3            1455          1458             0   95
806   807        B          1458             1            1458          1459             0   95
807   808        B          1458             3            1459          1462             1   95
808   809        B          1459             3            1462          1465             3   95
809   810        C          1462             5            1464          1469             2  Gas
810   811        B          1465             3            1465          1468             0   95
811   812        B          1467             3            1467          1470             0   90
812   813        B          1469             1            1469          1470             0   95
813   814        B          1470             2            1470          1472             0   95
814   815        B          1473             3            1473          1476             0   95
815   816        C          1475             5            1475          1480             0   90
816   817        B          1476             3            1476          1479             0   95
817   818        C          1476             5            1480          1485             4   90
818   819        A          1476             3            1479          1482             3   95
819   820        B          1479             3            1482          1485             3   95
820   821        C          1480             7            1485          1492             5   90
821   822        A          1480             3            1485          1488             5   95
822   823        C          1480             5            1492          1497            12   90
823   824        C          1483             5            1483          1488             0  Gas
824   825        A          1483             2            1488          1490             5   95
825   826        C          1485             7            1488          1495             3  Gas
826   827        C          1486             7            1497          1504            11   90
827   828        C          1489             5            1495          1500             6  Gas
828   829        B          1492             3            1492          1495             0   95
829   830        C          1494             5            1500          1505             6  Gas
830   831        B          1494             3            1495          1498             1   95
831   832        B          1495             3            1504          1507             9   90
832   833        A          1496             1            1498          1499             2   95
833   834        A          1497             3            1499          1502             2   95
834   835        A          1498             2            1502          1504             4   95
835   836        C          1501             5            1505          1510             4  Gas
836   837        C          1502             5            1510          1515             8  Gas
837   838        C          1504             7            1515          1522            11  Gas
838   839        C          1505             5            1507          1512             2   90
839   840        B          1507             2            1507          1509             0   95
840   841        B          1510             3            1512          1515             2   90
841   842        C          1512             7            1515          1522             3   90
842   843        B          1512             3            1512          1515             0   95
843   844        C          1514             5            1522          1527             8   90
844   845        B          1515             3            1527          1530            12   90
845   846        C          1516             7            1530          1537            14   90
846   847        C          1516             7            1522          1529             6  Gas
847   848        B          1516             2            1537          1539            21   90
848   849        C          1519             5            1529          1534            10  Gas
849   850        B          1519             2            1539          1541            20   90
850   851        B          1521             1            1521          1522             0   95
851   852        C          1522             5            1541          1546            19   90
852   853        B          1522             1            1522          1523             0   95
853   854        B          1523             2            1546          1548            23   90
854   855        C          1523             5            1534          1539            11  Gas
855   856        B          1526             3            1548          1551            22   90
856   857        C          1528             7            1551          1558            23   90
857   858        C          1531             7            1558          1565            27   90
858   859        C          1531             5            1565          1570            34   90
859   860        C          1532             5            1539          1544             7  Gas
860   861        B          1535             3            1535          1538             0   95
861   862        C          1537             7            1544          1551             7  Gas
862   863        B          1539             1            1570          1571            31   90
863   864        B          1540             3            1540          1543             0   95
864   865        B          1543             1            1543          1544             0   95
865   866        B          1544             3            1571          1574            27   90
866   867        C          1547             7            1551          1558             4  Gas
867   868        C          1550             7            1558          1565             8  Gas
868   869        B          1551             2            1551          1553             0   95
869   870        A          1554             2            1554          1556             0   95
870   871        B          1556             2            1556          1558             0   95
871   872        C          1559             7            1565          1572             6  Gas
872   873        B          1561             2            1561          1563             0   95
873   874        A          1561             2            1563          1565             2   95
874   875        C          1564             3            1572          1575             8  Gas
875   876        B          1567             1            1567          1568             0   95
876   877        A          1570             2            1570          1572             0   95
877   878        A          1571             1            1572          1573             1   95
878   879        C          1572             5            1575          1580             3  Gas
879   880        A          1572             3            1573          1576             1   95
880   881        B          1573             3            1574          1577             1   90
881   882        C          1576             5            1580          1585             4  Gas
882   883        C          1577             5            1585          1590             8  Gas
883   884        A          1580             2            1580          1582             0   95
884   885        B          1583             2            1583          1585             0   90
885   886        C          1586             5            1586          1591             0   90
886   887        C          1587             5            1591          1596             4   90
887   888        C          1590             7            1596          1603             6   90
888   889        C          1591             5            1591          1596             0  Gas
889   890        B          1593             2            1593          1595             0   95
890   891        C          1595             7            1596          1603             1  Gas
891   892        B          1596             2            1596          1598             0   95
892   893        C          1598             5            1603          1608             5  Gas
893   894        B          1600             3            1603          1606             3   90
894   895        B          1602             3            1606          1609             4   90
895   896        C          1605             7            1608          1615             3  Gas
896   897        C          1606             5            1615          1620             9  Gas
897   898        B          1608             3            1608          1611             0   95
898   899        A          1611             1            1611          1612             0   95
899   900        C          1611             3            1620          1623             9  Gas
900   901        C          1612             5            1623          1628            11  Gas
901   902        B          1614             3            1614          1617             0   90
902   903        B          1615             2            1615          1617             0   95
903   904        C          1618             5            1628          1633            10  Gas
904   905        A          1619             2            1619          1621             0   95
905   906        C          1622             7            1633          1640            11  Gas
906   907        C          1622             5            1640          1645            18  Gas
907   908        C          1625             5            1645          1650            20  Gas
908   909        B          1626             3            1626          1629             0   95
909   910        A          1627             1            1629          1630             2   95
910   911        A          1628             3            1630          1633             2   95
911   912        C          1630             5            1650          1655            20  Gas
912   913        C          1631             5            1655          1660            24  Gas
913   914        B          1632             1            1633          1634             1   95
914   915        C          1632             5            1632          1637             0   90
915   916        A          1632             1            1634          1635             2   95
916   917        B          1634             2            1635          1637             1   95
917   918        C          1635             3            1637          1640             2   90
918   919        C          1637             5            1640          1645             3   90
919   920        B          1639             3            1639          1642             0   95
920   921        B          1642             1            1645          1646             3   90
921   922        A          1644             2            1644          1646             0   95
922   923        C          1646             5            1660          1665            14  Gas
923   924        A          1648             1            1648          1649             0   95
924   925        B          1649             2            1649          1651             0   90
925   926        A          1650             3            1650          1653             0   95
926   927        C          1652             5            1652          1657             0   90
927   928        C          1654             5            1665          1670            11  Gas
928   929        C          1654             7            1670          1677            16  Gas
929   930        C          1654             7            1677          1684            23  Gas
930   931        B          1654             3            1654          1657             0   95
931   932        B          1657             3            1657          1660             0   95
932   933        C          1657             7            1684          1691            27  Gas
933   934        C          1659             7            1691          1698            32  Gas
934   935        B          1659             3            1659          1662             0   90
935   936        A          1661             1            1661          1662             0   95
936   937        B          1664             2            1664          1666             0   90
937   938        A          1664             2            1664          1666             0   95
938   939        C          1667             5            1667          1672             0   90
939   940        B          1667             2            1667          1669             0   95
940   941        B          1670             1            1670          1671             0   95
941   942        C          1671             3            1672          1675             1   90
942   943        B          1674             3            1674          1677             0   95
943   944        C          1675             3            1698          1701            23  Gas
944   945        C          1677             5            1677          1682             0   90
945   946        C          1679             5            1701          1706            22  Gas
946   947        B          1679             1            1682          1683             3   90
947   948        C          1682             7            1706          1713            24  Gas
948   949        C          1682             5            1683          1688             1   90
949   950        B          1683             3            1688          1691             5   90
950   951        B          1684             3            1684          1687             0   95
951   952        B          1686             3            1687          1690             1   95
952   953        B          1686             2            1691          1693             5   90
953   954        C          1686             5            1693          1698             7   90
954   955        C          1689             5            1713          1718            24  Gas
955   956        B          1692             3            1692          1695             0   95
956   957        C          1693             3            1698          1701             5   90
957   958        B          1695             1            1695          1696             0   95
958   959        C          1696             5            1701          1706             5   90
959   960        A          1699             2            1699          1701             0   95
960   961        A          1702             1            1702          1703             0   95
961   962        C          1704             5            1718          1723            14  Gas
962   963        C          1704             5            1723          1728            19  Gas
963   964        A          1705             3            1705          1708             0   95
964   965        B          1707             3            1707          1710             0   90
965   966        C          1709             5            1710          1715             1   90
966   967        C          1710             7            1728          1735            18  Gas
967   968        A          1710             3            1710          1713             0   95
968   969        C          1711             7            1735          1742            24  Gas
969   970        A          1713             1            1713          1714             0   95
970   971        C          1715             5            1742          1747            27  Gas
971   972        B          1718             3            1718          1721             0   90
972   973        C          1718             7            1747          1754            29  Gas
973   974        C          1721             7            1754          1761            33  Gas
974   975        C          1724             5            1724          1729             0   90
975   976        B          1727             1            1727          1728             0   95
976   977        B          1727             3            1729          1732             2   90
977   978        C          1728             3            1732          1735             4   90
978   979        A          1731             2            1731          1733             0   95
979   980        B          1732             3            1733          1736             1   95
980   981        C          1734             7            1761          1768            27  Gas
981   982        B          1735             2            1735          1737             0   90
982   983        C          1735             3            1768          1771            33  Gas
983   984        C          1738             7            1771          1778            33  Gas
984   985        C          1740             5            1740          1745             0   90
985   986        A          1740             1            1740          1741             0   95
986   987        A          1743             3            1743          1746             0   95
987   988        A          1744             2            1746          1748             2   95
988   989        B          1744             1            1748          1749             4   95
989   990        B          1745             3            1749          1752             4   95
990   991        C          1747             5            1778          1783            31  Gas
991   992        A          1748             3            1752          1755             4   95
992   993        B          1751             3            1755          1758             4   95
993   994        C          1754             7            1754          1761             0   90
994   995        A          1757             3            1758          1761             1   95
995   996        A          1758             2            1761          1763             3   95
996   997        C          1759             5            1783          1788            24  Gas
997   998        B          1760             1            1761          1762             1   90
998   999        C          1760             3            1762          1765             2   90
999  1000        A          1763             2            1763          1765             0   95