      Car Category  Arrival Time  Service Time  Service Begins  Service Ends  Waiting Time Pump
0       1        A             3             3               3             6             0   95
1       2        B             5             3               5             8             0   90
2       3        B             5             1               8             9             3   90
3       4        C             5             7               5            12             0  Gas
4       5        C             6             3              12            15             6  Gas
5       6        C             9             5              15            20             6  Gas
6       7        C            10             3              20            23            10  Gas
7       8        A            13             3              13            16             0   95
8       9        C            13             5              23            28            10  Gas
9      10        C            14             5              14            19             0   90
10     11        C            15             5              28            33            13  Gas
11     12        B            18             2              19            21             1   90
12     13        A            19             2              19            21             0   95
13     14        B            22             1              22            23             0   90
14     15        A            24             1              24            25             0   95
15     16        C            27             5              33            38             6  Gas
16     17        A            27             1              27            28             0   95
17     18        B            30             1              30            31             0   90
18     19        B            33             2              33            35             0   95
19     20        B            36             3              36            39             0   95
20     21        A            39             3              39            42             0   95
21     22        A            40             3              42            45             2   95
22     23        B            42             2              42            44             0   90
23     24        B            45             2              45            47             0   90
24     25        C            48             7              48            55             0  Gas
25     26        A            50             3              50            53             0   95
26     27        A            52             3              53            56             1   95
27     28        C            55             7              55            62             0   90
28     29        C            55             5              55            60             0  Gas
29     30        B            55             2              62            64             7   90
30     31        B            55             2              64            66             9   90
31     32        B            58             2              58            60             0   95
32     33        B            58             1              66            67             8   90
33     34        B            61             2              61            63             0   95
34     35        C            62             5              67            72             5   90
35     36        C            63             5              63            68             0  Gas
36     37        B            65             3              72            75             7   90
37     38        B            67             3              67            70             0   95
38     39        B            67             3              70            73             3   95
39     40        C            67             7              68            75             1  Gas
40     41        B            70             3              75            78             5   90
41     42        C            71             5              75            80             4  Gas
42     43        A            72             2              73            75             1   95
43     44        B            72             2              75            77             3   95
44     45        A            75             1              77            78             2   95
45     46        A            76             2              78            80             2   95
46     47        A            78             3              80            83             2   95
47     48        C            81             5              81            86             0   90
48     49        C            82             5              86            91             4   90
49     50        C            85             5              85            90             0  Gas
50     51        C            88             5              90            95             2  Gas
51     52        A            88             2              88            90             0   95
52     53        B            88             1              90            91             2   95
53     54        B            91             2              91            93             0   95
54     55        C            91             3              95            98             4  Gas
55     56        B            92             3              93            96             1   95
56     57        A            94             3              96            99             2   95
57     58        B            95             2              95            97             0   90
58     59        A            98             3              99           102             1   95
59     60        A           101             3             102           105             1   95
60     61        B           103             2             105           107             2   95
61     62        B           106             3             107           110             1   95
62     63        B           107             3             107           110             0   90
63     64        B           109             2             110           112             1   95
64     65        B           110             2             112           114             2   95
65     66        B           112             2             114           116             2   95
66     67        B           115             3             115           118             0   90
67     68        B           118             2             118           120             0   90
68     69        B           121             2             121           123             0   90
69     70        B           124             2             124           126             0   90
70     71        C           127             7             127           134             0   90
71     72        A           130             1             130           131             0   95
72     73        B           132             3             132           135             0   95
73     74        A           133             3             135           138             2   95
74     75        C           136             3             136           139             0  Gas
75     76        A           137             2             138           140             1   95
76     77        C           137             5             139           144             2  Gas
77     78        B           140             3             140           143             0   95
78     79        C           143             7             144           151             1  Gas
79     80        A           143             3             143           146             0   95
80     81        C           144             7             151           158             7  Gas
81     82        A           146             1             146           147             0   95
82     83        C           149             7             149           156             0   90
83     84        B           150             3             156           159             6   90
84     85        B           153             2             153           155             0   95
85     86        A           153             2             155           157             2   95
86     87        C           155             7             158           165             3  Gas
87     88        B           155             3             159           162             4   90
88     89        C           155             5             165           170            10  Gas
89     90        B           155             1             157           158             2   95
90     91        B           158             2             162           164             4   90
91     92        C           161             3             170           173             9  Gas
92     93        C           163             5             173           178            10  Gas
93     94        B           166             2             166           168             0   90
94     95        B           168             3             168           171             0   95
95     96        B           168             1             171           172             3   95
96     97        C           170             7             170           177             0   90
97     98        A           171             3             172           175             1   95
98     99        B           173             3             177           180             4   90
99    100        B           174             2             175           177             1   95
100   101        B           175             2             177           179             2   95
101   102        A           176             1             179           180             3   95
102   103        C           178             5             178           183             0  Gas
103   104        B           180             1             180           181             0   95
104   105        B           183             1             183           184             0   90
105   106        A           185             3             185           188             0   95
106   107        C           187             5             187           192             0  Gas
107   108        B           190             2             190           192             0   90
108   109        A           190             3             190           193             0   95
109   110        B           190             3             193           196             3   95
110   111        C           191             5             192           197             1  Gas
111   112        B           193             3             196           199             3   95
112   113        B           195             2             195           197             0   90
113   114        C           196             7             197           204             1   90
114   115        C           199             7             199           206             0  Gas
115   116        C           202             5             204           209             2   90
116   117        C           205             5             209           214             4   90
117   118        A           207             3             207           210             0   95
118   119        B           208             2             210           212             2   95
119   120        B           211             1             214           215             3   90
120   121        B           214             3             214           217             0   95
121   122        C           214             5             215           220             1   90
122   123        A           217             3             217           220             0   95
123   124        B           220             1             220           221             0   95
124   125        B           223             2             223           225             0   90
125   126        B           225             3             225           228             0   95
126   127        B           227             3             228           231             1   95
127   128        B           230             2             231           233             1   95
128   129        B           230             2             230           232             0   90
129   130        C           230             5             232           237             2   90
130   131        C           233             7             237           244             4   90
131   132        C           236             5             236           241             0  Gas
132   133        B           237             3             237           240             0   95
133   134        A           240             3             240           243             0   95
134   135        B           242             2             243           245             1   95
135   136        A           245             1             245           246             0   95
136   137        B           248             3             248           251             0   95
137   138        A           251             3             251           254             0   95
138   139        B           254             2             254           256             0   90
139   140        A           254             3             254           257             0   95
140   141        B           257             3             257           260             0   95
141   142        A           259             3             260           263             1   95
142   143        C           262             5             262           267             0   90
143   144        B           262             3             263           266             1   95
144   145        C           264             7             264           271             0  Gas
145   146        C           267             5             271           276             4  Gas
146   147        B           267             2             267           269             0   95
147   148        A           268             1             269           270             1   95
148   149        B           270             2             270           272             0   90
149   150        B           273             3             273           276             0   90
150   151        C           276             3             276           279             0   90
151   152        C           279             7             279           286             0  Gas
152   153        C           282             5             286           291             4  Gas
153   154        C           283             5             291           296             8  Gas
154   155        C           285             5             285           290             0   90
155   156        C           287             5             290           295             3   90
156   157        B           287             1             287           288             0   95
157   158        C           287             7             296           303             9  Gas
158   159        C           290             5             303           308            13  Gas
159   160        C           293             5             295           300             2   90
160   161        C           296             7             300           307             4   90
161   162        C           297             5             308           313            11  Gas
162   163        B           297             2             307           309            10   90
163   164        C           299             7             309           316            10   90
164   165        C           301             5             313           318            12  Gas
165   166        C           301             7             318           325            17  Gas
166   167        A           304             3             304           307             0   95
167   168        B           304             3             307           310             3   95
168   169        B           305             3             316           319            11   90
169   170        A           306             3             310           313             4   95
170   171        B           308             3             313           316             5   95
171   172        B           309             3             319           322            10   90
172   173        A           309             3             316           319             7   95
173   174        B           311             3             322           325            11   90
174   175        A           314             1             319           320             5   95
175   176        B           316             1             325           326             9   90
176   177        B           319             3             320           323             1   95
177   178        C           320             7             325           332             5  Gas
178   179        C           321             7             332           339            11  Gas
179   180        C           322             7             326           333             4   90
180   181        C           325             7             339           346            14  Gas
181   182        C           327             5             333           338             6   90
182   183        C           330             5             346           351            16  Gas
183   184        B           332             3             332           335             0   95
184   185        C           334             5             338           343             4   90
185   186        C           335             5             343           348             8   90
186   187        C           337             3             351           354            14  Gas
187   188        B           338             3             348           351            10   90
188   189        B           339             3             339           342             0   95
189   190        B           340             2             342           344             2   95
190   191        C           343             5             351           356             8   90
191   192        C           346             5             356           361            10   90
192   193        B           348             3             361           364            13   90
193   194        B           351             2             364           366            13   90
194   195        B           351             2             351           353             0   95
195   196        C           351             7             366           373            15   90
196   197        B           354             2             373           375            19   90
197   198        C           357             5             375           380            18   90
198   199        C           360             5             360           365             0  Gas
199   200        C           363             5             365           370             2  Gas
200   201        C           365             5             380           385            15   90
201   202        A           365             3             365           368             0   95
202   203        B           365             3             385           388            20   90
203   204        B           366             2             368           370             2   95
204   205        C           369             5             370           375             1  Gas
205   206        C           370             7             375           382             5  Gas
206   207        C           372             5             382           387            10  Gas
207   208        A           372             2             372           374             0   95
208   209        A           372             3             374           377             2   95
209   210        A           375             3             377           380             2   95
210   211        B           376             2             388           390            12   90
211   212        C           379             5             387           392             8  Gas
212   213        A           381             3             381           384             0   95
213   214        B           384             1             390           391             6   90
214   215        B           385             1             385           386             0   95
215   216        B           388             3             391           394             3   90
216   217        C           390             3             394           397             4   90
217   218        B           391             2             391           393             0   95
218   219        A           393             2             393           395             0   95
219   220        C           394             3             397           400             3   90
220   221        B           395             3             395           398             0   95
221   222        B           397             1             400           401             3   90
222   223        B           397             3             398           401             1   95
223   224        B           400             2             401           403             1   90
224   225        B           400             3             401           404             1   95
225   226        B           402             3             403           406             1   90
226   227        C           405             3             405           408             0  Gas
227   228        B           408             3             408           411             0   95
228   229        C           411             5             411           416             0   90
229   230        B           412             3             416           419             4   90
230   231        B           415             2             419           421             4   90
231   232        C           416             5             416           421             0  Gas
232   233        A           418             3             418           421             0   95
233   234        C           418             3             421           424             3  Gas
234   235        C           419             5             424           429             5  Gas
235   236        B           419             1             421           422             2   95
236   237        C           422             3             429           432             7  Gas
237   238        C           423             5             432           437             9  Gas
238   239        C           424             5             437           442            13  Gas
239   240        A           427             3             427           430             0   95
240   241        C           427             7             442           449            15  Gas
241   242        C           428             5             449           454            21  Gas
242   243        B           430             1             430           431             0   95
243   244        B           430             3             430           433             0   90
244   245        B           432             3             432           435             0   95
245   246        C           434             5             454           459            20  Gas
246   247        C           434             7             434           441             0   90
247   248        C           436             7             459           466            23  Gas
248   249        C           436             7             466           473            30  Gas
249   250        C           437             5             441           446             4   90
250   251        B           437             2             437           439             0   95
251   252        B           440             2             440           442             0   95
252   253        C           440             7             473           480            33  Gas
253   254        C           443             5             480           485            37  Gas
254   255        C           446             5             485           490            39  Gas
255   256        C           447             5             490           495            43  Gas
256   257        C           449             3             449           452             0   90
257   258        C           452             5             495           500            43  Gas
258   259        A           453             2             453           455             0   95
259   260        B           456             3             456           459             0   95
260   261        B           459             3             459           462             0   95
261   262        A           461             1             462           463             1   95
262   263        A           462             3             463           466             1   95
263   264        A           465             3             466           469             1   95
264   265        B           468             2             469           471             1   95
265   266        B           471             2             471           473             0   90
266   267        C           473             5             500           505            27  Gas
267   268        B           476             1             476           477             0   95
268   269        C           479             5             479           484             0   90
269   270        B           479             3             484           487             5   90
270   271        A           479             1             479           480             0   95
271   272        A           481             2             481           483             0   95
272   273        C           484             5             505           510            21  Gas
273   274        A           484             1             484           485             0   95
274   275        C           484             7             487           494             3   90
275   276        C           484             5             510           515            26  Gas
276   277        A           487             3             487           490             0   95
277   278        C           490             7             515           522            25  Gas
278   279        A           492             3             492           495             0   95
279   280        B           493             3             495           498             2   95
280   281        C           494             5             522           527            28  Gas
281   282        A           497             2             498           500             1   95
282   283        C           498             7             498           505             0   90
283   284        B           501             2             501           503             0   95
284   285        C           503             7             527           534            24  Gas
285   286        C           503             7             534           541            31  Gas
286   287        B           504             3             504           507             0   95
287   288        C           505             5             541           546            36  Gas
288   289        B           507             3             507           510             0   90
289   290        B           508             2             508           510             0   95
290   291        B           510             3             510           513             0   95
291   292        C           510             7             510           517             0   90
292   293        C           511             5             546           551            35  Gas
293   294        A           514             3             514           517             0   95
294   295        B           514             1             517           518             3   95
295   296        B           516             3             517           520             1   90
296   297        C           518             5             551           556            33  Gas
297   298        B           520             2             520           522             0   95
298   299        B           523             3             523           526             0   90
299   300        B           523             1             523           524             0   95
300   301        B           525             2             525           527             0   95
301   302        B           526             3             527           530             1   95
302   303        B           529             3             530           533             1   95
303   304        A           530             3             533           536             3   95
304   305        A           533             2             536           538             3   95
305   306        B           534             1             538           539             4   95
306   307        C           536             5             556           561            20  Gas
307   308        A           537             1             539           540             2   95
308   309        C           538             5             538           543             0   90
309   310        C           539             3             561           564            22  Gas
310   311        B           542             3             543           546             1   90
311   312        C           545             3             546           549             1   90
312   313        C           547             3             564           567            17  Gas
313   314        B           549             3             549           552             0   95
314   315        C           551             5             551           556             0   90
315   316        B           551             1             556           557             5   90
316   317        A           554             1             554           555             0   95
317   318        A           556             2             556           558             0   95
318   319        C           559             5             559           564             0   90
319   320        C           560             7             564           571             4   90
320   321        A           563             1             563           564             0   95
321   322        C           566             5             571           576             5   90
322   323        A           568             3             568           571             0   95
323   324        A           570             3             571           574             1   95
324   325        B           572             3             576           579             4   90
325   326        B           575             2             575           577             0   95
326   327        C           575             3             579           582             4   90
327   328        C           577             7             577           584             0  Gas
328   329        C           577             7             582           589             5   90
329   330        B           579             3             579           582             0   95
330   331        B           582             2             582           584             0   95
331   332        C           585             3             585           588             0  Gas
332   333        A           588             2             588           590             0   95
333   334        C           591             7             591           598             0  Gas
334   335        B           593             1             593           594             0   95
335   336        B           596             2             596           598             0   95
336   337        B           597             2             598           600             1   95
337   338        C           597             5             598           603             1  Gas
338   339        A           599             1             600           601             1   95
339   340        A           601             2             601           603             0   95
340   341        C           601             5             601           606             0   90
341   342        B           603             3             606           609             3   90
342   343        C           604             5             609           614             5   90
343   344        B           607             2             607           609             0   95
344   345        B           608             3             609           612             1   95
345   346        B           608             3             612           615             4   95
346   347        C           611             3             611           614             0  Gas
347   348        B           612             2             614           616             2   90
348   349        C           613             7             614           621             1  Gas
349   350        B           615             3             616           619             1   90
350   351        A           618             3             618           621             0   95
351   352        C           621             5             621           626             0   90
352   353        B           622             3             626           629             4   90
353   354        C           622             5             622           627             0  Gas
354   355        B           622             3             622           625             0   95
355   356        C           625             3             627           630             2  Gas
356   357        B           627             3             627           630             0   95
357   358        C           627             7             630           637             3  Gas
358   359        A           628             1             630           631             2   95
359   360        C           628             7             629           636             1   90
360   361        A           631             1             631           632             0   95
361   362        B           631             3             632           635             1   95
362   363        A           633             1             635           636             2   95
363   364        C           635             5             637           642             2  Gas
364   365        C           638             7             638           645             0   90
365   366        C           641             5             645           650             4   90
366   367        C           644             7             650           657             6   90
367   368        B           645             2             645           647             0   95
368   369        B           646             2             647           649             1   95
369   370        A           646             3             649           652             3   95
370   371        C           649             5             657           662             8   90
371   372        A           649             3             652           655             3   95
372   373        C           649             5             649           654             0  Gas
373   374        A           649             2             655           657             6   95
374   375        C           650             3             662           665            12   90
375   376        C           651             5             654           659             3  Gas
376   377        C           653             3             659           662             6  Gas
377   378        B           656             3             657           660             1   95
378   379        A           657             2             660           662             3   95
379   380        C           660             5             662           667             2  Gas
380   381        B           661             3             662           665             1   95
381   382        A           664             2             665           667             1   95
382   383        B           667             3             667           670             0   95
383   384        C           670             7             670           677             0   90
384   385        B           673             3             677           680             4   90
385   386        C           674             3             674           677             0  Gas
386   387        A           676             3             676           679             0   95
387   388        C           679             5             679           684             0  Gas
388   389        C           681             5             684           689             3  Gas
389   390        A           681             3             681           684             0   95
390   391        C           681             5             689           694             8  Gas
391   392        B           684             3             684           687             0   95
392   393        B           687             3             687           690             0   95
393   394        C           688             5             694           699             6  Gas
394   395        A           691             3             691           694             0   95
395   396        C           692             5             699           704             7  Gas
396   397        C           695             5             695           700             0   90
397   398        A           698             3             698           701             0   95
398   399        C           701             5             701           706             0   90
399   400        C           703             7             704           711             1  Gas
400   401        A           705             1             705           706             0   95
401   402        A           707             2             707           709             0   95
402   403        C           707             7             711           718             4  Gas
403   404        C           707             5             707           712             0   90
404   405        A           710             3             710           713             0   95
405   406        B           712             2             712           714             0   90
406   407        C           714             7             718           725             4  Gas
407   408        C           717             5             725           730             8  Gas
408   409        C           720             3             720           723             0   90
409   410        A           722             2             722           724             0   95
410   411        C           722             5             730           735             8  Gas
411   412        C           722             3             735           738            13  Gas
412   413        B           725             2             725           727             0   95
413   414        B           727             2             727           729             0   90
414   415        C           728             5             738           743            10  Gas
415   416        B           731             2             731           733             0   95
416   417        A           731             3             733           736             2   95
417   418        A           733             1             736           737             3   95
418   419        C           736             3             736           739             0   90
419   420        C           738             3             739           742             1   90
420   421        C           739             5             743           748             4  Gas
421   422        C           742             5             742           747             0   90
422   423        C           743             3             748           751             5  Gas
423   424        C           746             7             751           758             5  Gas
424   425        B           747             2             747           749             0   90
425   426        C           750             5             750           755             0   90
426   427        B           753             3             755           758             2   90
427   428        A           755             3             755           758             0   95
428   429        C           755             5             758           763             3   90
429   430        C           756             7             763           770             7   90
430   431        A           758             3             758           761             0   95
431   432        C           760             5             770           775            10   90
432   433        C           760             7             760           767             0  Gas
433   434        B           763             1             775           776            12   90
434   435        C           764             5             767           772             3  Gas
435   436        B           766             3             766           769             0   95
436   437        B           767             3             769           772             2   95
437   438        B           767             2             772           774             5   95
438   439        A           769             3             774           777             5   95
439   440        B           771             3             777           780             6   95
440   441        C           774             5             776           781             2   90
441   442        A           776             3             780           783             4   95
442   443        C           777             5             777           782             0  Gas
443   444        C           780             5             782           787             2  Gas
444   445        A           783             2             783           785             0   95
445   446        B           784             1             784           785             0   90
446   447        A           786             2             786           788             0   95
447   448        B           787             1             788           789             1   95
448   449        A           790             3             790           793             0   95
449   450        A           791             3             793           796             2   95
450   451        A           793             1             796           797             3   95
451   452        C           796             3             796           799             0  Gas
452   453        B           798             1             798           799             0   90
453   454        C           801             5             801           806             0   90
454   455        C           804             5             806           811             2   90
455   456        C           807             5             807           812             0  Gas
456   457        B           807             3             807           810             0   95
457   458        C           810             5             812           817             2  Gas
458   459        A           812             1             812           813             0   95
459   460        B           813             3             813           816             0   90
460   461        C           816             3             816           819             0   90
461   462        C           819             7             819           826             0   90
462   463        A           820             3             820           823             0   95
463   464        C           820             7             820           827             0  Gas
464   465        A           821             1             823           824             2   95
465   466        A           823             2             824           826             1   95
466   467        A           826             3             826           829             0   95
467   468        B           827             2             829           831             2   95
468   469        C           829             5             829           834             0  Gas
469   470        A           831             2             831           833             0   95
470   471        C           834             7             834           841             0   90
471   472        C           837             3             837           840             0  Gas
472   473        B           839             2             839           841             0   95
473   474        C           842             5             842           847             0  Gas
474   475        A           845             1             845           846             0   95
475   476        B           846             3             846           849             0   95
476   477        B           849             2             849           851             0   90
477   478        C           852             5             852           857             0  Gas
478   479        A           854             1             854           855             0   95
479   480        A           856             3             856           859             0   95
480   481        C           859             5             859           864             0   90
481   482        B           860             3             864           867             4   90
482   483        C           860             7             867           874             7   90
483   484        A           861             1             861           862             0   95
484   485        A           864             3             864           867             0   95
485   486        C           867             7             867           874             0  Gas
486   487        B           869             3             869           872             0   95
487   488        C           872             5             874           879             2  Gas
488   489        C           875             7             879           886             4  Gas
489   490        C           875             3             875           878             0   90
490   491        A           878             2             878           880             0   95
491   492        B           880             3             880           883             0   95
492   493        C           882             5             886           891             4  Gas
493   494        A           884             3             884           887             0   95
494   495        A           885             2             887           889             2   95
495   496        C           888             7             891           898             3  Gas
496   497        C           889             7             898           905             9  Gas
497   498        C           892             5             892           897             0   90
498   499        C           895             5             905           910            10  Gas
499   500        A           898             2             898           900             0   95
500   501        C           899             7             899           906             0   90
501   502        C           902             7             910           917             8  Gas
502   503        B           903             1             903           904             0   95
503   504        C           905             5             917           922            12  Gas
504   505        B           907             3             907           910             0   95
505   506        C           907             3             907           910             0   90
506   507        A           907             3             910           913             3   95
507   508        A           910             3             913           916             3   95
508   509        B           913             2             916           918             3   95
509   510        B           916             3             918           921             2   95
510   511        C           917             5             917           922             0   90
511   512        C           920             5             922           927             2   90
512   513        B           923             3             923           926             0   95
513   514        C           925             3             925           928             0  Gas
514   515        C           928             7             928           935             0  Gas
515   516        C           930             3             935           938             5  Gas
516   517        B           932             2             932           934             0   95
517   518        C           934             7             938           945             4  Gas
518   519        C           935             5             945           950            10  Gas
519   520        C           938             5             938           943             0   90
520   521        B           941             3             943           946             2   90
521   522        C           944             7             946           953             2   90
522   523        A           947             1             947           948             0   95
523   524        B           950             3             953           956             3   90
524   525        A           953             2             953           955             0   95
525   526        C           955             5             956           961             1   90
526   527        B           957             2             957           959             0   95
527   528        C           959             7             959           966             0  Gas
528   529        B           961             1             961           962             0   90
529   530        B           964             3             964           967             0   95
530   531        B           967             2             967           969             0   90
531   532        C           969             7             969           976             0  Gas
532   533        B           969             1             969           970             0   95
533   534        C           972             5             976           981             4  Gas
534   535        C           973             7             981           988             8  Gas
535   536        B           975             1             975           976             0   95
536   537        C           975             7             988           995            13  Gas
537   538        B           978             2             978           980             0   95
538   539        B           978             3             980           983             2   95
539   540        B           980             1             983           984             3   95
540   541        C           980             5             980           985             0   90
541   542        A           983             3             984           987             1   95
542   543        C           984             5             985           990             1   90
543   544        B           987             3             990           993             3   90
544   545        B           990             3             993           996             3   90
545   546        C           991             5             996          1001             5   90
546   547        B           992             2             992           994             0   95
547   548        A           994             3             994           997             0   95
548   549        A           997             2             997           999             0   95
549   550        B          1000             3            1000          1003             0   95
550   551        C          1003             5            1003          1008             0   90
551   552        C          1006             5            1006          1011             0  Gas
552   553        B          1009             3            1009          1012             0   95
553   554        C          1011             5            1011          1016             0  Gas
554   555        A          1014             3            1014          1017             0   95
555   556        C          1017             5            1017          1022             0   90
556   557        C          1018             5            1022          1027             4   90
557   558        C          1021             7            1027          1034             6   90
558   559        B          1024             3            1024          1027             0   95
559   560        C          1024             3            1034          1037            10   90
560   561        B          1027             2            1037          1039            10   90
561   562        B          1030             3            1039          1042             9   90
562   563        C          1031             3            1042          1045            11   90
563   564        B          1034             3            1034          1037             0   95
564   565        A          1037             3            1037          1040             0   95
565   566        C          1038             7            1038          1045             0  Gas
566   567        C          1041             7            1045          1052             4  Gas
567   568        B          1043             3            1043          1046             0   95
568   569        B          1043             3            1046          1049             3   95
569   570        B          1045             3            1045          1048             0   90
570   571        C          1046             5            1048          1053             2   90
571   572        C          1046             5            1052          1057             6  Gas
572   573        B          1049             3            1049          1052             0   95
573   574        C          1052             5            1053          1058             1   90
574   575        B          1055             2            1055          1057             0   95
575   576        C          1058             3            1058          1061             0   90
576   577        C          1059             3            1059          1062             0  Gas
577   578        C          1059             5            1062          1067             3  Gas
578   579        B          1061             2            1061          1063             0   95
579   580        B          1064             3            1064          1067             0   90
580   581        A          1067             3            1067          1070             0   95
581   582        B          1070             1            1070          1071             0   95
582   583        B          1072             3            1072          1075             0   90
583   584        B          1072             3            1072          1075             0   95
584   585        B          1074             2            1075          1077             1   90
585   586        A          1077             2            1077          1079             0   95
586   587        B          1080             1            1080          1081             0   95
587   588        B          1081             3            1081          1084             0   90
588   589        C          1081             7            1081          1088             0  Gas
589   590        C          1082             3            1088          1091             6  Gas
590   591        B          1085             3            1085          1088             0   95
591   592        C          1087             5            1087          1092             0   90
592   593        B          1088             2            1088          1090             0   95
593   594        A          1089             2            1090          1092             1   95
594   595        B          1089             1            1092          1093             3   95
595   596        B          1089             3            1092          1095             3   90
596   597        C          1092             7            1092          1099             0  Gas
597   598        C          1095             5            1099          1104             4  Gas
598   599        B          1096             3            1096          1099             0   90
599   600        C          1099             3            1104          1107             5  Gas
600   601        C          1101             5            1107          1112             6  Gas
601   602        C          1102             5            1112          1117            10  Gas
602   603        C          1103             5            1117          1122            14  Gas
603   604        C          1103             3            1122          1125            19  Gas
604   605        B          1106             1            1106          1107             0   90
605   606        C          1106             7            1107          1114             1   90
606   607        C          1107             5            1125          1130            18  Gas
607   608        C          1107             5            1114          1119             7   90
608   609        C          1109             3            1130          1133            21  Gas
609   610        A          1109             2            1109          1111             0   95
610   611        B          1112             3            1119          1122             7   90
611   612        B          1115             3            1115          1118             0   95
612   613        B          1118             3            1122          1125             4   90
613   614        C          1121             3            1133          1136            12  Gas
614   615        C          1122             5            1136          1141            14  Gas
615   616        C          1124             5            1141          1146            17  Gas
616   617        A          1127             2            1127          1129             0   95
617   618        B          1127             3            1129          1132             2   95
618   619        B          1128             2            1132          1134             4   95
619   620        C          1131             7            1146          1153            15  Gas
620   621        C          1132             5            1132          1137             0   90
621   622        B          1132             3            1137          1140             5   90
622   623        A          1135             2            1135          1137             0   95
623   624        C          1138             5            1140          1145             2   90
624   625        C          1139             5            1153          1158            14  Gas
625   626        C          1142             5            1158          1163            16  Gas
626   627        C          1142             5            1163          1168            21  Gas
627   628        A          1144             3            1144          1147             0   95
628   629        C          1147             7            1168          1175            21  Gas
629   630        A          1147             3            1147          1150             0   95
630   631        C          1150             7            1150          1157             0   90
631   632        C          1152             7            1157          1164             5   90
632   633        B          1153             3            1153          1156             0   95
633   634        C          1155             5            1175          1180            20  Gas
634   635        C          1158             5            1164          1169             6   90
635   636        C          1159             5            1169          1174            10   90
636   637        A          1162             3            1162          1165             0   95
637   638        C          1163             7            1180          1187            17  Gas
638   639        A          1165             2            1165          1167             0   95
639   640        A          1168             2            1168          1170             0   95
640   641        C          1171             7            1174          1181             3   90
641   642        C          1173             7            1181          1188             8   90
642   643        B          1176             2            1176          1178             0   95
643   644        C          1179             5            1187          1192             8  Gas
644   645        C          1181             5            1188          1193             7   90
645   646        C          1184             5            1193          1198             9   90
646   647        C          1185             5            1198          1203            13   90
647   648        B          1186             3            1203          1206            17   90
648   649        B          1189             3            1189          1192             0   95
649   650        C          1189             7            1192          1199             3  Gas
650   651        A          1190             3            1192          1195             2   95
651   652        B          1191             3            1206          1209            15   90
652   653        C          1194             3            1199          1202             5  Gas
653   654        C          1196             5            1209          1214            13   90
654   655        B          1196             3            1214          1217            18   90
655   656        A          1197             3            1197          1200             0   95
656   657        C          1197             5            1202          1207             5  Gas
657   658        A          1200             3            1200          1203             0   95
658   659        C          1202             5            1207          1212             5  Gas
659   660        B          1203             3            1203          1206             0   95
660   661        A          1206             3            1206          1209             0   95
661   662        C          1207             5            1217          1222            10   90
662   663        C          1207             5            1222          1227            15   90
663   664        A          1210             3            1210          1213             0   95
664   665        A          1213             3            1213          1216             0   95
665   666        B          1215             3            1216          1219             1   95
666   667        C          1218             5            1218          1223             0  Gas
667   668        B          1220             1            1220          1221             0   95
668   669        C          1221             5            1223          1228             2  Gas
669   670        C          1222             7            1227          1234             5   90
670   671        C          1222             3            1228          1231             6  Gas
671   672        A          1225             2            1225          1227             0   95
672   673        A          1226             1            1227          1228             1   95
673   674        C          1229             5            1231          1236             2  Gas
674   675        A          1231             2            1231          1233             0   95
675   676        A          1234             3            1234          1237             0   95
676   677        C          1235             3            1236          1239             1  Gas
677   678        C          1235             7            1239          1246             4  Gas
678   679        B          1238             3            1238          1241             0   95
679   680        B          1240             2            1240          1242             0   90
680   681        B          1243             2            1243          1245             0   95
681   682        B          1244             2            1245          1247             1   95
682   683        B          1247             3            1247          1250             0   90
683   684        A          1250             2            1250          1252             0   95
684   685        B          1252             3            1252          1255             0   95
685   686        B          1254             1            1255          1256             1   95
686   687        B          1255             1            1256          1257             1   95
687   688        A          1258             2            1258          1260             0   95
688   689        A          1261             3            1261          1264             0   95
689   690        B          1263             2            1264          1266             1   95
690   691        A          1266             3            1266          1269             0   95
691   692        B          1266             2            1269          1271             3   95
692   693        C          1269             3            1269          1272             0   90
693   694        B          1270             3            1271          1274             1   95
694   695        C          1272             5            1272          1277             0   90
695   696        B          1272             2            1277          1279             5   90
696   697        C          1273             5            1273          1278             0  Gas
697   698        A          1275             3            1275          1278             0   95
698   699        C          1276             5            1279          1284             3   90
699   700        C          1279             3            1279          1282             0  Gas
700   701        B          1281             3            1281          1284             0   95
701   702        A          1282             3            1284          1287             2   95
702   703        C          1284             3            1284          1287             0  Gas
703   704        A          1286             3            1287          1290             1   95
704   705        C          1286             5            1286          1291             0   90
705   706        B          1289             1            1291          1292             2   90
706   707        B          1292             3            1292          1295             0   95
707   708        A          1292             3            1295          1298             3   95
708   709        B          1294             3            1294          1297             0   90
709   710        B          1295             1            1298          1299             3   95
710   711        C          1298             5            1298          1303             0   90
711   712        A          1301             2            1301          1303             0   95
712   713        C          1303             5            1303          1308             0   90
713   714        A          1304             1            1304          1305             0   95
714   715        C          1305             3            1308          1311             3   90
715   716        A          1306             1            1306          1307             0   95
716   717        C          1309             5            1309          1314             0  Gas
717   718        B          1311             3            1311          1314             0   95
718   719        C          1311             3            1314          1317             3  Gas
719   720        C          1314             5            1314          1319             0   90
720   721        C          1317             5            1319          1324             2   90
721   722        B          1318             3            1324          1327             6   90
722   723        B          1318             2            1318          1320             0   95
723   724        B          1320             1            1327          1328             7   90
724   725        B          1321             2            1321          1323             0   95
725   726        B          1321             2            1328          1330             7   90
726   727        A          1324             3            1324          1327             0   95
727   728        C          1325             7            1325          1332             0  Gas
728   729        C          1325             5            1332          1337             7  Gas
729   730        C          1328             5            1330          1335             2   90
730   731        B          1330             3            1335          1338             5   90
731   732        A          1333             1            1333          1334             0   95
732   733        C          1333             5            1337          1342             4  Gas
733   734        A          1336             1            1336          1337             0   95
734   735        A          1339             2            1339          1341             0   95
735   736        B          1342             3            1342          1345             0   95
736   737        C          1344             5            1344          1349             0  Gas
737   738        B          1346             2            1346          1348             0   95
738   739        A          1349             3            1349          1352             0   95
739   740        C          1352             7            1352          1359             0  Gas
740   741        C          1355             5            1359          1364             4  Gas
741   742        B          1357             3            1357          1360             0   95
742   743        C          1360             5            1360          1365             0   90
743   744        A          1361             2            1361          1363             0   95
744   745        A          1364             1            1364          1365             0   95
745   746        B          1367             3            1367          1370             0   90
746   747        A          1370             3            1370          1373             0   95
747   748        A          1370             3            1373          1376             3   95
748   749        B          1373             1            1376          1377             3   95
749   750        C          1376             3            1376          1379             0  Gas
750   751        C          1377             5            1377          1382             0   90
751   752        B          1379             3            1382          1385             3   90
752   753        C          1380             5            1380          1385             0  Gas
753   754        B          1382             3            1382          1385             0   95
754   755        C          1383             5            1385          1390             2  Gas
755   756        C          1383             3            1385          1388             2   90
756   757        A          1386             3            1386          1389             0   95
757   758        C          1387             7            1388          1395             1   90
758   759        A          1389             3            1389          1392             0   95
759   760        A          1389             3            1392          1395             3   95
760   761        C          1390             7            1390          1397             0  Gas
761   762        A          1390             3            1395          1398             5   95
762   763        B          1391             2            1398          1400             7   95
763   764        B          1394             2            1400          1402             6   95
764   765        B          1395             3            1395          1398             0   90
765   766        B          1396             3            1402          1405             6   95
766   767        B          1398             3            1398          1401             0   90
767   768        C          1399             7            1401          1408             2   90
768   769        A          1400             2            1405          1407             5   95
769   770        B          1402             3            1407          1410             5   95
770   771        A          1403             2            1410          1412             7   95
771   772        B          1406             3            1412          1415             6   95
772   773        A          1407             2            1415          1417             8   95
773   774        B          1408             3            1408          1411             0   90
774   775        A          1411             2            1417          1419             6   95
775   776        C          1414             3            1414          1417             0   90
776   777        C          1414             7            1414          1421             0  Gas
777   778        B          1414             3            1419          1422             5   95
778   779        B          1416             1            1422          1423             6   95
779   780        A          1418             3            1423          1426             5   95
780   781        C          1420             5            1420          1425             0   90
781   782        C          1423             7            1423          1430             0  Gas
782   783        A          1425             2            1426          1428             1   95
783   784        C          1426             3            1430          1433             4  Gas
784   785        A          1429             3            1429          1432             0   95
785   786        C          1431             5            1433          1438             2  Gas
786   787        C          1433             7            1433          1440             0   90
787   788        B          1434             2            1434          1436             0   95
788   789        B          1435             1            1436          1437             1   95
789   790        A          1435             2            1437          1439             2   95
790   791        C          1438             5            1438          1443             0  Gas
791   792        C          1441             7            1441          1448             0   90
792   793        B          1444             3            1448          1451             4   90
793   794        A          1447             3            1447          1450             0   95
794   795        C          1450             3            1450          1453             0  Gas
795   796        B          1453             3            1453          1456             0   90
796   797        C          1454             5            1454          1459             0  Gas
797   798        C          1455             7            1459          1466             4  Gas
798   799        C          1455             3            1466          1469            11  Gas
799   800        B          1458             3            1458          1461             0   90
800   801        C          1460             3            1469          1472             9  Gas
801   802        C          1461             5            1461          1466             0   90
802   803        C          1461             7            1472          1479            11  Gas
803   804        C          1461             5            1466          1471             5   90
804   805        C          1464             7            1479          1486            15  Gas
805   806        B          1466             2            1466          1468             0   95
806   807        C          1468             7            1471          1478             3   90
807   808        B          1469             2            1478          1480             9   90
808   809        C          1472             5            1486          1491            14  Gas
809   810        A          1474             2            1474          1476             0   95
810   811        B          1476             2            1476          1478             0   95
811   812        B          1478             2            1478          1480             0   95
812   813        B          1481             2            1481          1483             0   90
813   814        C          1484             7            1484          1491             0   90
814   815        C          1486             7            1491          1498             5  Gas
815   816        B          1486             2            1486          1488             0   95
816   817        C          1486             7            1498          1505            12  Gas
817   818        C          1489             5            1505          1510            16  Gas
818   819        B          1490             2            1491          1493             1   90
819   820        C          1493             7            1493          1500             0   90
820   821        B          1496             2            1500          1502             4   90
821   822        C          1497             5            1510          1515            13  Gas
822   823        C          1497             3            1502          1505             5   90
823   824        B          1497             1            1505          1506             8   90
824   825        B          1500             3            1500          1503             0   95
825   826        A          1500             1            1503          1504             3   95
826   827        B          1501             3            1504          1507             3   95
827   828        C          1501             5            1515          1520            14  Gas
828   829        A          1504             3            1507          1510             3   95
829   830        C          1507             7            1520          1527            13  Gas
830   831        C          1509             3            1527          1530            18  Gas
831   832        A          1509             2            1510          1512             1   95
832   833        B          1510             3            1512          1515             2   95
833   834        A          1513             3            1515          1518             2   95
834   835        C          1515             5            1530          1535            15  Gas
835   836        C          1517             5            1517          1522             0   90
836   837        C          1520             7            1522          1529             2   90
837   838        C          1521             5            1529          1534             8   90
838   839        C          1524             5            1535          1540            11  Gas
839   840        A          1526             2            1526          1528             0   95
840   841        C          1526             5            1540          1545            14  Gas
841   842        C          1529             7            1534          1541             5   90
842   843        C          1532             5            1545          1550            13  Gas
843   844        A          1533             2            1533          1535             0   95
844   845        B          1535             3            1535          1538             0   95
845   846        C          1538             7            1550          1557            12  Gas
846   847        B          1538             1            1538          1539             0   95
847   848        C          1538             7            1541          1548             3   90
848   849        B          1541             2            1541          1543             0   95
849   850        B          1542             3            1548          1551             6   90
850   851        C          1545             7            1557          1564            12  Gas
851   852        A          1548             3            1548          1551             0   95
852   853        B          1550             2            1551          1553             1   90
853   854        A          1553             3            1553          1556             0   95
854   855        C          1553             7            1553          1560             0   90
855   856        B          1556             3            1560          1563             4   90
856   857        A          1556             3            1556          1559             0   95
857   858        C          1557             5            1563          1568             6   90
858   859        B          1557             3            1559          1562             2   95
859   860        C          1557             7            1564          1571             7  Gas
860   861        A          1560             3            1562          1565             2   95
861   862        B          1563             3            1565          1568             2   95
862   863        C          1564             5            1568          1573             4   90
863   864        B          1567             2            1573          1575             6   90
864   865        A          1569             2            1569          1571             0   95
865   866        B          1571             1            1571          1572             0   95
866   867        A          1573             3            1573          1576             0   95
867   868        C          1576             5            1576          1581             0  Gas
868   869        A          1578             1            1578          1579             0   95
869   870        A          1580             2            1580          1582             0   95
870   871        B          1583             1            1583          1584             0   95
871   872        C          1586             5            1586          1591             0  Gas
872   873        C          1589             5            1589          1594             0   90
873   874        B          1592             3            1594          1597             2   90
874   875        C          1594             3            1594          1597             0  Gas
875   876        C          1594             7            1597          1604             3  Gas
876   877        C          1597             7            1604          1611             7  Gas
877   878        A          1600             1            1600          1601             0   95
878   879        A          1601             3            1601          1604             0   95
879   880        A          1602             3            1604          1607             2   95
880   881        C          1603             7            1611          1618             8  Gas
881   882        C          1604             5            1604          1609             0   90
882   883        B          1607             3            1607          1610             0   95
883   884        B          1610             3            1610          1613             0   95
884   885        C          1613             7            1613          1620             0   90
885   886        B          1616             3            1620          1623             4   90
886   887        B          1616             3            1623          1626             7   90
887   888        C          1619             3            1626          1629             7   90
888   889        B          1621             2            1629          1631             8   90
889   890        C          1622             7            1622          1629             0  Gas
890   891        B          1625             3            1625          1628             0   95
891   892        A          1625             3            1628          1631             3   95
892   893        C          1625             5            1631          1636             6   90
893   894        C          1626             5            1636          1641            10   90
894   895        C          1626             5            1629          1634             3  Gas
895   896        C          1628             5            1634          1639             6  Gas
896   897        B          1628             1            1641          1642            13   90
897   898        A          1628             1            1631          1632             3   95
898   899        A          1629             3            1632          1635             3   95
899   900        A          1630             2            1635          1637             5   95
900   901        C          1631             3            1642          1645            11   90
901   902        C          1634             5            1639          1644             5  Gas
902   903        A          1634             2            1637          1639             3   95
903   904        A          1635             1            1639          1640             4   95
904   905        C          1638             7            1644          1651             6  Gas
905   906        C          1638             5            1651          1656            13  Gas
906   907        C          1639             3            1656          1659            17  Gas
907   908        C          1642             3            1659          1662            17  Gas
908   909        A          1643             2            1643          1645             0   95
909   910        C          1646             7            1646          1653             0   90
910   911        C          1648             5            1653          1658             5   90
911   912        C          1651             5            1662          1667            11  Gas
912   913        A          1652             3            1652          1655             0   95
913   914        C          1655             7            1658          1665             3   90
914   915        A          1655             3            1655          1658             0   95
915   916        C          1658             5            1665          1670             7   90
916   917        C          1661             5            1670          1675             9   90
917   918        B          1662             2            1662          1664             0   95
918   919        B          1662             3            1664          1667             2   95
919   920        B          1664             2            1667          1669             3   95
920   921        C          1665             7            1675          1682            10   90
921   922        A          1667             1            1669          1670             2   95
922   923        B          1670             2            1670          1672             0   95
923   924        C          1673             3            1682          1685             9   90
924   925        B          1674             3            1685          1688            11   90
925   926        A          1677             3            1677          1680             0   95
926   927        B          1679             3            1680          1683             1   95
927   928        C          1681             7            1681          1688             0  Gas
928   929        C          1681             3            1688          1691             7  Gas
929   930        C          1684             3            1691          1694             7  Gas
930   931        C          1685             7            1694          1701             9  Gas
931   932        A          1688             3            1688          1691             0   95
932   933        C          1690             7            1690          1697             0   90
933   934        C          1693             5            1701          1706             8  Gas
934   935        C          1693             5            1706          1711            13  Gas
935   936        B          1696             1            1696          1697             0   95
936   937        C          1699             7            1699          1706             0   90
937   938        C          1702             3            1706          1709             4   90
938   939        A          1705             3            1705          1708             0   95
939   940        A          1705             1            1708          1709             3   95
940   941        C          1708             5            1711          1716             3  Gas
941   942        C          1709             3            1716          1719             7  Gas
942   943        A          1711             3            1711          1714             0   95
943   944        A          1714             3            1714          1717             0   95
944   945        B          1717             3            1717          1720             0   95
945   946        C          1720             5            1720          1725             0  Gas
946   947        A          1722             3            1722          1725             0   95
947   948        B          1724             3            1724          1727             0   90
948   949        C          1727             5            1727          1732             0  Gas
949   950        A          1728             2            1728          1730             0   95
950   951        A          1731             1            1731          1732             0   95
951   952        C          1734             5            1734          1739             0   90
952   953        B          1737             3            1739          1742             2   90
953   954        B          1740             3            1740          1743             0   95
954   955        C          1742             5            1742          1747             0  Gas
955   956        B          1742             3            1743          1746             1   95
956   957        B          1745             2            1746          1748             1   95
957   958        B          1745             3            1748          1751             3   95
958   959        A          1745             2            1751          1753             6   95
959   960        C          1746             5            1746          1751             0   90
960   961        B          1748             3            1753          1756             5   95
961   962        B          1751             3            1751          1754             0   90
962   963        B          1753             3            1756          1759             3   95
963   964        C          1754             5            1754          1759             0  Gas
964   965        B          1756             3            1756          1759             0   90
965   966        B          1759             1            1759          1760             0   90
966   967        C          1759             7            1759          1766             0  Gas
967   968        B          1759             1            1759          1760             0   95
968   969        C          1762             5            1766          1771             4  Gas
969   970        A          1763             2            1763          1765             0   95
970   971        C          1765             7            1771          1778             6  Gas
971   972        A          1766             1            1766          1767             0   95
972   973        A          1769             1            1769          1770             0   95
973   974        C          1771             7            1771          1778             0   90
974   975        A          1773             3            1773          1776             0   95
975   976        C          1773             3            1778          1781             5   90
976   977        C          1775             7            1778          1785             3  Gas
977   978        A          1777             1            1777          1778             0   95
978   979        A          1779             2            1779          1781             0   95
979   980        C          1782             5            1785          1790             3  Gas
980   981        A          1783             3            1783          1786             0   95
981   982        B          1783             3            1783          1786             0   90
982   983        B          1785             1            1786          1787             1   90
983   984        C          1785             3            1790          1793             5  Gas
984   985        B          1787             3            1787          1790             0   90
985   986        C          1788             3            1790          1793             2   90
986   987        C          1789             7            1793          1800             4   90
987   988        C          1792             5            1793          1798             1  Gas
988   989        B          1795             1            1800          1801             5   90
989   990        C          1797             5            1798          1803             1  Gas
990   991        C          1799             7            1803          1810             4  Gas
991   992        B          1800             3            1801          1804             1   90
992   993        C          1802             7            1810          1817             8  Gas
993   994        C          1805             7            1817          1824            12  Gas
994   995        C          1808             5            1824          1829            16  Gas
995   996        C          1811             7            1811          1818             0   90
996   997        A          1814             1            1814          1815             0   95
997   998        B          1815             3            1818          1821             3   90
998   999        C          1818             5            1829          1834            11  Gas
999  1000        C          1820             7            1821          1828             1   90