      Car Category  Arrival Time  Service Time  Service Begins  Service Ends  Waiting Time Pump
0       1        A             1             2               1             3             0   95
1       2        B             3             2               3             5             0   90
2       3        A             4             2               4             6             0   95
3       4        C             6             7               6            13             0  Gas
4       5        B             9             2               9            11             0   90
5       6        C            10             7              13            20             3  Gas
6       7        A            12             2              12            14             0   95
7       8        B            13             3              13            16             0   90
8       9        B            15             3              16            19             1   90
9      10        B            16             3              19            22             3   90
10     11        C            17             5              20            25             3  Gas
11     12        C            18             5              25            30             7  Gas
12     13        B            21             3              22            25             1   90
13     14        B            24             3              24            27             0   95
14     15        B            27             2              27            29             0   95
15     16        C            27             3              30            33             3  Gas
16     17        C            29             5              33            38             4  Gas
17     18        B            31             1              31            32             0   90
18     19        B            32             3              32            35             0   90
19     20        A            34             1              34            35             0   95
20     21        C            34             7              35            42             1   90
21     22        C            35             7              38            45             3  Gas
22     23        A            36             1              36            37             0   95
23     24        C            39             5              42            47             3   90
24     25        A            41             1              41            42             0   95
25     26        C            43             3              45            48             2  Gas
26     27        C            43             3              48            51             5  Gas
27     28        C            44             5              51            56             7  Gas
28     29        C            44             7              47            54             3   90
29     30        B            47             3              54            57             7   90
30     31        B            47             2              47            49             0   95
31     32        B            50             1              50            51             0   95
32     33        B            53             1              53            54             0   95
33     34        A            55             3              55            58             0   95
34     35        B            57             3              58            61             1   95
35     36        B            60             3              61            64             1   95
36     37        C            62             5              62            67             0  Gas
37     38        C            63             3              63            66             0   90
38     39        B            63             3              64            67             1   95
39     40        C            66             7              67            74             1  Gas
40     41        B            69             3              69            72             0   90
41     42        B            72             3              72            75             0   95
42     43        C            72             3              72            75             0   90
43     44        C            75             7              75            82             0  Gas
44     45        C            78             3              78            81             0   90
45     46        C            81             7              82            89             1  Gas
46     47        B            81             3              81            84             0   95
47     48        B            81             3              84            87             3   95
48     49        C            84             5              89            94             5  Gas
49     50        C            85             7              94           101             9  Gas
50     51        B            85             2              85            87             0   90
51     52        C            85             5             101           106            16  Gas
52     53        B            88             2              88            90             0   95
53     54        B            89             3              89            92             0   90
54     55        B            91             3              91            94             0   95
55     56        C            93             7             106           113            13  Gas
56     57        C            96             3             113           116            17  Gas
57     58        C            99             7             116           123            17  Gas
58     59        C            99             7             123           130            24  Gas
59     60        C           101             5             130           135            29  Gas
60     61        C           103             3             135           138            32  Gas
61     62        C           106             5             138           143            32  Gas
62     63        B           108             2             108           110             0   90
63     64        C           108             5             143           148            35  Gas
64     65        C           108             7             148           155            40  Gas
65     66        C           110             7             110           117             0   90
66     67        B           112             2             112           114             0   95
67     68        B           114             2             114           116             0   95
68     69        A           117             1             117           118             0   95
69     70        B           120             3             120           123             0   95
70     71        B           123             3             123           126             0   95
71     72        A           123             3             126           129             3   95
72     73        C           125             5             155           160            30  Gas
73     74        A           126             3             129           132             3   95
74     75        C           126             5             126           131             0   90
75     76        C           128             5             131           136             3   90
76     77        A           130             1             132           133             2   95
77     78        B           133             3             136           139             3   90
78     79        A           135             3             135           138             0   95
79     80        C           137             5             139           144             2   90
80     81        A           139             3             139           142             0   95
81     82        C           142             5             160           165            18  Gas
82     83        B           143             3             143           146             0   95
83     84        C           146             3             165           168            19  Gas
84     85        B           147             1             147           148             0   95
85     86        C           150             7             150           157             0   90
86     87        B           152             2             152           154             0   95
87     88        B           154             2             154           156             0   95
88     89        A           156             2             156           158             0   95
89     90        B           157             3             158           161             1   95
90     91        C           158             5             168           173            10  Gas
91     92        C           161             7             161           168             0   90
92     93        B           161             3             168           171             7   90
93     94        C           162             5             173           178            11  Gas
94     95        C           165             7             171           178             6   90
95     96        C           166             5             178           183            12   90
96     97        B           167             2             167           169             0   95
97     98        A           168             3             169           172             1   95
98     99        A           168             3             172           175             4   95
99    100        A           170             3             175           178             5   95
100   101        A           173             1             178           179             5   95
101   102        C           175             7             183           190             8   90
102   103        A           175             1             179           180             4   95
103   104        C           178             5             178           183             0  Gas
104   105        A           181             3             181           184             0   95
105   106        B           184             3             184           187             0   95
106   107        B           187             3             190           193             3   90
107   108        B           188             3             188           191             0   95
108   109        C           190             7             190           197             0  Gas
109   110        C           193             5             197           202             4  Gas
110   111        B           196             1             196           197             0   90
111   112        B           198             3             198           201             0   90
112   113        B           201             3             201           204             0   90
113   114        C           204             7             204           211             0   90
114   115        A           207             3             207           210             0   95
115   116        C           208             5             211           216             3   90
116   117        C           210             7             216           223             6   90
117   118        C           213             5             223           228            10   90
118   119        C           215             3             215           218             0  Gas
119   120        B           216             3             228           231            12   90
120   121        A           218             3             218           221             0   95
121   122        B           219             1             221           222             2   95
122   123        B           222             1             222           223             0   95
123   124        C           225             7             225           232             0  Gas
124   125        C           228             7             232           239             4  Gas
125   126        B           230             2             230           232             0   95
126   127        C           230             5             239           244             9  Gas
127   128        C           233             5             244           249            11  Gas
128   129        B           236             1             236           237             0   90
129   130        B           238             3             238           241             0   95
130   131        C           239             7             239           246             0   90
131   132        A           241             2             241           243             0   95
132   133        A           241             3             243           246             2   95
133   134        C           244             7             249           256             5  Gas
134   135        C           247             7             256           263             9  Gas
135   136        B           250             2             250           252             0   95
136   137        C           251             5             251           256             0   90
137   138        C           252             5             263           268            11  Gas
138   139        B           254             3             256           259             2   90
139   140        C           256             5             268           273            12  Gas
140   141        C           257             5             259           264             2   90
141   142        C           259             7             264           271             5   90
142   143        C           261             3             273           276            12  Gas
143   144        B           263             3             271           274             8   90
144   145        B           265             3             274           277             9   90
145   146        A           267             1             267           268             0   95
146   147        A           268             2             268           270             0   95
147   148        B           271             1             271           272             0   95
148   149        B           274             3             277           280             3   90
149   150        B           276             2             276           278             0   95
150   151        C           279             5             280           285             1   90
151   152        B           280             3             280           283             0   95
152   153        B           283             3             285           288             2   90
153   154        B           286             2             286           288             0   95
154   155        B           289             3             289           292             0   95
155   156        C           290             7             290           297             0  Gas
156   157        B           292             2             292           294             0   95
157   158        B           295             3             295           298             0   95
158   159        C           297             7             297           304             0  Gas
159   160        C           300             7             304           311             4  Gas
160   161        A           301             1             301           302             0   95
161   162        C           304             5             311           316             7  Gas
162   163        B           307             2             307           309             0   95
163   164        C           309             7             309           316             0   90
164   165        C           309             5             316           321             7   90
165   166        B           312             3             312           315             0   95
166   167        C           314             7             316           323             2  Gas
167   168        C           317             5             321           326             4   90
168   169        C           320             7             323           330             3  Gas
169   170        B           321             3             321           324             0   95
170   171        C           323             5             326           331             3   90
171   172        A           325             2             325           327             0   95
172   173        C           327             7             331           338             4   90
173   174        B           330             3             338           341             8   90
174   175        C           331             5             331           336             0  Gas
175   176        C           332             7             336           343             4  Gas
176   177        C           335             5             343           348             8  Gas
177   178        B           335             2             335           337             0   95
178   179        B           336             2             337           339             1   95
179   180        B           338             1             339           340             1   95
180   181        A           340             3             340           343             0   95
181   182        C           341             3             348           351             7  Gas
182   183        A           344             3             344           347             0   95
183   184        B           345             2             347           349             2   95
184   185        C           347             5             351           356             4  Gas
185   186        C           347             5             356           361             9  Gas
186   187        B           347             2             347           349             0   90
187   188        C           347             5             361           366            14  Gas
188   189        C           348             3             366           369            18  Gas
189   190        B           349             1             349           350             0   95
190   191        C           350             7             369           376            19  Gas
191   192        C           350             3             376           379            26  Gas
192   193        A           350             1             350           351             0   95
193   194        B           350             2             351           353             1   95
194   195        B           353             3             353           356             0   90
195   196        C           354             3             379           382            25  Gas
196   197        C           356             5             382           387            26  Gas
197   198        C           359             3             359           362             0   90
198   199        A           362             3             362           365             0   95
199   200        B           363             2             365           367             2   95
200   201        C           363             3             387           390            24  Gas
201   202        C           365             3             390           393            25  Gas
202   203        C           365             5             393           398            28  Gas
203   204        C           366             7             366           373             0   90
204   205        C           368             5             398           403            30  Gas
205   206        A           371             3             371           374             0   95
206   207        C           373             5             403           408            30  Gas
207   208        C           374             3             408           411            34  Gas
208   209        C           374             5             411           416            37  Gas
209   210        B           377             2             377           379             0   95
210   211        C           380             5             416           421            36  Gas
211   212        C           383             7             383           390             0   90
212   213        B           386             3             390           393             4   90
213   214        A           386             2             386           388             0   95
214   215        B           386             1             388           389             2   95
215   216        C           389             5             421           426            32  Gas
216   217        C           390             5             426           431            36  Gas
217   218        A           393             1             393           394             0   95
218   219        A           395             3             395           398             0   95
219   220        B           396             2             396           398             0   90
220   221        B           397             2             398           400             1   90
221   222        C           398             5             431           436            33  Gas
222   223        B           400             2             400           402             0   90
223   224        C           402             5             436           441            34  Gas
224   225        B           405             3             405           408             0   90
225   226        C           406             3             441           444            35  Gas
226   227        A           406             3             406           409             0   95
227   228        A           406             3             409           412             3   95
228   229        C           408             5             408           413             0   90
229   230        B           409             3             412           415             3   95
230   231        C           411             3             413           416             2   90
231   232        A           414             2             415           417             1   95
232   233        A           417             3             417           420             0   95
233   234        C           418             5             418           423             0   90
234   235        B           418             2             420           422             2   95
235   236        A           418             3             422           425             4   95
236   237        B           419             3             425           428             6   95
237   238        C           420             7             444           451            24  Gas
238   239        B           423             3             428           431             5   95
239   240        C           424             3             451           454            27  Gas
240   241        A           424             3             431           434             7   95
241   242        B           424             2             434           436            10   95
242   243        A           425             2             436           438            11   95
243   244        B           428             3             428           431             0   90
244   245        B           428             2             438           440            10   95
245   246        B           428             2             440           442            12   95
246   247        A           429             2             442           444            13   95
247   248        A           430             3             444           447            14   95
248   249        B           432             1             447           448            15   95
249   250        C           434             3             454           457            20  Gas
250   251        B           437             2             448           450            11   95
251   252        A           440             2             450           452            10   95
252   253        B           442             2             452           454            10   95
253   254        B           445             2             454           456             9   95
254   255        C           448             3             448           451             0   90
255   256        A           449             1             456           457             7   95
256   257        B           452             3             452           455             0   90
257   258        B           452             3             457           460             5   95
258   259        C           453             7             457           464             4  Gas
259   260        B           456             3             456           459             0   90
260   261        B           457             3             459           462             2   90
261   262        C           459             7             464           471             5  Gas
262   263        A           462             3             462           465             0   95
263   264        C           462             3             462           465             0   90
264   265        C           463             7             471           478             8  Gas
265   266        A           465             1             465           466             0   95
266   267        A           467             2             467           469             0   95
267   268        C           467             5             467           472             0   90
268   269        A           470             3             470           473             0   95
269   270        A           473             3             473           476             0   95
270   271        C           476             5             478           483             2  Gas
271   272        C           478             5             483           488             5  Gas
272   273        C           479             5             488           493             9  Gas
273   274        A           480             3             480           483             0   95
274   275        B           481             3             481           484             0   90
275   276        B           484             3             484           487             0   95
276   277        A           487             3             487           490             0   95
277   278        A           488             3             490           493             2   95
278   279        A           491             3             493           496             2   95
279   280        B           492             2             492           494             0   90
280   281        B           493             2             496           498             3   95
281   282        C           494             3             494           497             0   90
282   283        C           497             5             497           502             0  Gas
283   284        C           500             5             502           507             2  Gas
284   285        C           502             7             507           514             5  Gas
285   286        C           505             7             514           521             9  Gas
286   287        C           508             3             521           524            13  Gas
287   288        A           508             2             508           510             0   95
288   289        B           510             2             510           512             0   90
289   290        B           511             1             512           513             1   90
290   291        C           514             5             524           529            10  Gas
291   292        C           517             5             529           534            12  Gas
292   293        B           517             1             517           518             0   95
293   294        C           518             5             534           539            16  Gas
294   295        B           520             3             520           523             0   95
295   296        A           522             2             523           525             1   95
296   297        B           522             1             522           523             0   90
297   298        C           525             5             539           544            14  Gas
298   299        B           525             3             525           528             0   90
299   300        A           528             3             528           531             0   95
300   301        C           531             7             531           538             0   90
301   302        C           534             5             544           549            10  Gas
302   303        C           537             7             549           556            12  Gas
303   304        C           537             3             556           559            19  Gas
304   305        C           539             5             559           564            20  Gas
305   306        C           542             7             542           549             0   90
306   307        B           545             1             549           550             4   90
307   308        B           546             2             550           552             4   90
308   309        B           549             1             549           550             0   95
309   310        B           551             3             551           554             0   95
310   311        B           552             1             552           553             0   90
311   312        C           553             3             553           556             0   90
312   313        C           554             7             556           563             2   90
313   314        C           556             3             564           567             8  Gas
314   315        C           557             5             563           568             6   90
315   316        C           558             5             567           572             9  Gas
316   317        C           560             5             572           577            12  Gas
317   318        C           562             5             568           573             6   90
318   319        A           564             1             564           565             0   95
319   320        B           567             3             567           570             0   95
320   321        B           568             3             570           573             2   95
321   322        A           571             2             573           575             2   95
322   323        A           573             1             575           576             2   95
323   324        C           575             3             577           580             2  Gas
324   325        C           578             3             580           583             2  Gas
325   326        C           581             7             581           588             0   90
326   327        B           582             3             582           585             0   95
327   328        B           582             3             585           588             3   95
328   329        C           584             5             588           593             4   90
329   330        C           585             3             585           588             0  Gas
330   331        B           587             3             588           591             1   95
331   332        A           590             2             591           593             1   95
332   333        B           592             3             593           596             1   95
333   334        B           594             3             596           599             2   95
334   335        C           597             7             597           604             0  Gas
335   336        B           598             3             598           601             0   90
336   337        C           600             3             604           607             4  Gas
337   338        B           600             2             601           603             1   90
338   339        C           602             5             607           612             5  Gas
339   340        C           605             5             612           617             7  Gas
340   341        C           606             7             606           613             0   90
341   342        B           606             3             613           616             7   90
342   343        B           607             2             607           609             0   95
343   344        A           609             1             609           610             0   95
344   345        B           610             3             610           613             0   95
345   346        A           612             2             613           615             1   95
346   347        A           614             2             615           617             1   95
347   348        B           616             3             617           620             1   95
348   349        B           619             3             619           622             0   90
349   350        B           621             2             622           624             1   90
350   351        C           623             7             623           630             0  Gas
351   352        C           623             5             630           635             7  Gas
352   353        C           625             5             635           640            10  Gas
353   354        A           627             2             627           629             0   95
354   355        C           628             5             628           633             0   90
355   356        C           629             5             633           638             4   90
356   357        C           630             3             640           643            10  Gas
357   358        C           631             5             638           643             7   90
358   359        C           633             7             643           650            10  Gas
359   360        A           635             3             635           638             0   95
360   361        C           638             5             650           655            12  Gas
361   362        B           640             3             640           643             0   95
362   363        C           643             5             655           660            12  Gas
363   364        C           646             3             660           663            14  Gas
364   365        A           648             2             648           650             0   95
365   366        C           650             5             650           655             0   90
366   367        C           651             3             655           658             4   90
367   368        B           654             2             658           660             4   90
368   369        A           654             3             654           657             0   95
369   370        C           656             7             663           670             7  Gas
370   371        B           659             1             660           661             1   90
371   372        B           661             1             661           662             0   90
372   373        C           664             5             664           669             0   90
373   374        A           665             3             665           668             0   95
374   375        B           665             1             668           669             3   95
375   376        C           668             5             670           675             2  Gas
376   377        B           668             2             669           671             1   90
377   378        B           669             3             671           674             2   90
378   379        C           669             7             675           682             6  Gas
379   380        B           672             3             674           677             2   90
380   381        C           675             7             682           689             7  Gas
381   382        A           678             3             678           681             0   95
382   383        B           681             2             681           683             0   95
383   384        C           682             7             682           689             0   90
384   385        A           683             3             683           686             0   95
385   386        C           686             3             689           692             3  Gas
386   387        B           689             3             689           692             0   90
387   388        C           691             5             692           697             1  Gas
388   389        C           694             5             697           702             3  Gas
389   390        C           697             5             697           702             0   90
390   391        C           699             3             702           705             3   90
391   392        C           702             7             702           709             0  Gas
392   393        B           704             3             705           708             1   90
393   394        A           705             2             705           707             0   95
394   395        B           708             1             708           709             0   90
395   396        C           711             5             711           716             0  Gas
396   397        B           714             3             714           717             0   95
397   398        B           717             2             717           719             0   95
398   399        A           720             2             720           722             0   95
399   400        A           720             3             722           725             2   95
400   401        C           723             5             723           728             0  Gas
401   402        B           725             3             725           728             0   95
402   403        A           728             1             728           729             0   95
403   404        B           731             2             731           733             0   90
404   405        A           733             3             733           736             0   95
405   406        C           736             5             736           741             0   90
406   407        B           738             1             738           739             0   95
407   408        C           740             5             741           746             1   90
408   409        B           740             3             740           743             0   95
409   410        C           743             7             746           753             3   90
410   411        B           743             3             753           756            10   90
411   412        B           746             3             756           759            10   90
412   413        A           748             3             748           751             0   95
413   414        A           751             2             751           753             0   95
414   415        B           752             2             759           761             7   90
415   416        B           754             3             761           764             7   90
416   417        C           756             5             764           769             8   90
417   418        B           759             2             759           761             0   95
418   419        C           761             5             761           766             0  Gas
419   420        C           764             3             766           769             2  Gas
420   421        C           764             5             769           774             5  Gas
421   422        A           767             1             767           768             0   95
422   423        C           767             7             774           781             7  Gas
423   424        A           768             2             768           770             0   95
424   425        C           770             3             781           784            11  Gas
425   426        B           770             1             770           771             0   95
426   427        C           771             5             771           776             0   90
427   428        C           774             3             776           779             2   90
428   429        B           774             3             774           777             0   95
429   430        B           775             3             779           782             4   90
430   431        C           778             7             782           789             4   90
431   432        B           778             2             778           780             0   95
432   433        B           781             3             781           784             0   95
433   434        B           782             3             784           787             2   95
434   435        C           785             5             785           790             0  Gas
435   436        C           788             7             790           797             2  Gas
436   437        A           790             2             790           792             0   95
437   438        C           791             7             797           804             6  Gas
438   439        C           794             7             804           811            10  Gas
439   440        C           796             5             796           801             0   90
440   441        B           798             3             798           801             0   95
441   442        B           798             3             801           804             3   90
442   443        C           800             7             804           811             4   90
443   444        B           803             3             803           806             0   95
444   445        C           806             7             811           818             5  Gas
445   446        C           808             5             811           816             3   90
446   447        C           810             3             818           821             8  Gas
447   448        C           810             7             816           823             6   90
448   449        C           810             5             821           826            11  Gas
449   450        B           811             1             811           812             0   95
450   451        C           813             3             826           829            13  Gas
451   452        B           816             3             823           826             7   90
452   453        C           817             7             829           836            12  Gas
453   454        B           818             1             818           819             0   95
454   455        C           821             5             836           841            15  Gas
455   456        A           824             1             824           825             0   95
456   457        C           826             5             841           846            15  Gas
457   458        A           828             3             828           831             0   95
458   459        B           831             3             831           834             0   95
459   460        B           834             3             834           837             0   95
460   461        A           837             2             837           839             0   95
461   462        C           839             3             839           842             0   90
462   463        C           841             5             842           847             1   90
463   464        A           843             2             843           845             0   95
464   465        B           846             3             847           850             1   90
465   466        C           846             3             850           853             4   90
466   467        A           849             3             849           852             0   95
467   468        C           851             7             851           858             0  Gas
468   469        C           854             5             858           863             4  Gas
469   470        C           856             5             863           868             7  Gas
470   471        C           859             5             859           864             0   90
471   472        B           862             1             862           863             0   95
472   473        C           862             5             868           873             6  Gas
473   474        C           863             5             873           878            10  Gas
474   475        B           866             3             866           869             0   95
475   476        C           867             5             878           883            11  Gas
476   477        A           870             3             870           873             0   95
477   478        B           873             2             873           875             0   95
478   479        C           873             3             873           876             0   90
479   480        B           873             2             875           877             2   95
480   481        A           875             2             877           879             2   95
481   482        C           876             3             876           879             0   90
482   483        C           878             7             879           886             1   90
483   484        C           881             5             883           888             2  Gas
484   485        C           884             7             886           893             2   90
485   486        B           886             3             893           896             7   90
486   487        B           887             3             887           890             0   95
487   488        B           888             1             896           897             8   90
488   489        C           891             3             897           900             6   90
489   490        B           894             1             900           901             6   90
490   491        C           894             3             894           897             0  Gas
491   492        C           897             3             897           900             0  Gas
492   493        C           898             5             900           905             2  Gas
493   494        B           901             2             901           903             0   95
494   495        B           901             3             903           906             2   95
495   496        A           904             2             906           908             2   95
496   497        A           904             3             908           911             4   95
497   498        C           907             5             907           912             0  Gas
498   499        C           910             7             912           919             2  Gas
499   500        A           913             3             913           916             0   95
500   501        C           915             5             915           920             0   90
501   502        B           916             1             920           921             4   90
502   503        B           916             3             921           924             5   90
503   504        C           919             3             924           927             5   90
504   505        C           922             5             922           927             0  Gas
505   506        C           923             5             927           932             4   90
506   507        C           926             7             927           934             1  Gas
507   508        C           926             5             934           939             8  Gas
508   509        A           927             2             927           929             0   95
509   510        C           930             5             939           944             9  Gas
510   511        B           932             1             932           933             0   95
511   512        C           933             5             933           938             0   90
512   513        B           934             1             938           939             4   90
513   514        B           935             3             939           942             4   90
514   515        A           936             3             936           939             0   95
515   516        B           936             1             939           940             3   95
516   517        A           938             1             940           941             2   95
517   518        A           940             1             941           942             1   95
518   519        A           943             3             943           946             0   95
519   520        C           946             5             946           951             0   90
520   521        B           949             2             949           951             0   95
521   522        B           952             1             952           953             0   95
522   523        C           955             5             955           960             0  Gas
523   524        A           957             3             957           960             0   95
524   525        A           959             3             960           963             1   95
525   526        C           961             7             961           968             0   90
526   527        B           964             1             964           965             0   95
527   528        C           967             5             967           972             0  Gas
528   529        C           970             7             970           977             0   90
529   530        C           971             5             977           982             6   90
530   531        C           974             7             974           981             0  Gas
531   532        A           976             2             976           978             0   95
532   533        A           979             2             979           981             0   95
533   534        B           982             2             982           984             0   95
534   535        C           985             5             985           990             0  Gas
535   536        C           986             5             986           991             0   90
536   537        A           988             2             988           990             0   95
537   538        B           989             3             990           993             1   95
538   539        A           991             3             993           996             2   95
539   540        A           994             3             996           999             2   95
540   541        C           996             7             996          1003             0  Gas
541   542        C           998             7            1003          1010             5  Gas
542   543        B          1001             1            1001          1002             0   90
543   544        B          1004             1            1004          1005             0   95
544   545        C          1004             5            1010          1015             6  Gas
545   546        C          1007             7            1007          1014             0   90
546   547        A          1007             3            1007          1010             0   95
547   548        B          1008             1            1010          1011             2   95
548   549        C          1010             5            1014          1019             4   90
549   550        C          1012             5            1019          1024             7   90
550   551        C          1013             3            1015          1018             2  Gas
551   552        C          1016             5            1018          1023             2  Gas
552   553        C          1017             5            1023          1028             6  Gas
553   554        C          1018             7            1024          1031             6   90
554   555        A          1019             3            1019          1022             0   95
555   556        B          1022             1            1022          1023             0   95
556   557        B          1023             3            1023          1026             0   95
557   558        A          1025             3            1026          1029             1   95
558   559        A          1028             2            1029          1031             1   95
559   560        A          1031             1            1031          1032             0   95
560   561        A          1033             1            1033          1034             0   95
561   562        B          1036             3            1036          1039             0   95
562   563        A          1037             1            1039          1040             2   95
563   564        B          1037             3            1040          1043             3   95
564   565        C          1039             5            1039          1044             0  Gas
565   566        B          1042             2            1043          1045             1   95
566   567        B          1044             1            1045          1046             1   95
567   568        A          1045             2            1046          1048             1   95
568   569        B          1048             3            1048          1051             0   90
569   570        A          1051             3            1051          1054             0   95
570   571        C          1052             5            1052          1057             0  Gas
571   572        C          1054             5            1054          1059             0   90
572   573        B          1056             3            1056          1059             0   95
573   574        A          1059             2            1059          1061             0   95
574   575        C          1059             7            1059          1066             0  Gas
575   576        C          1061             3            1066          1069             5  Gas
576   577        B          1061             2            1061          1063             0   90
577   578        A          1063             1            1063          1064             0   95
578   579        C          1064             5            1064          1069             0   90
579   580        C          1066             7            1069          1076             3  Gas
580   581        C          1067             5            1069          1074             2   90
581   582        C          1069             7            1076          1083             7  Gas
582   583        C          1071             3            1074          1077             3   90
583   584        C          1073             3            1083          1086            10  Gas
584   585        A          1076             2            1076          1078             0   95
585   586        B          1079             2            1079          1081             0   95
586   587        C          1081             7            1081          1088             0   90
587   588        C          1084             5            1086          1091             2  Gas
588   589        C          1086             3            1091          1094             5  Gas
589   590        C          1089             7            1089          1096             0   90
590   591        C          1092             5            1094          1099             2  Gas
591   592        B          1093             1            1093          1094             0   95
592   593        C          1095             3            1096          1099             1   90
593   594        B          1097             2            1099          1101             2   90
594   595        C          1099             5            1099          1104             0  Gas
595   596        A          1101             3            1101          1104             0   95
596   597        B          1103             2            1104          1106             1   95
597   598        C          1104             7            1104          1111             0  Gas
598   599        C          1105             5            1111          1116             6  Gas
599   600        B          1108             1            1108          1109             0   95
600   601        B          1109             3            1109          1112             0   90
601   602        B          1111             3            1111          1114             0   95
602   603        C          1111             3            1116          1119             5  Gas
603   604        B          1114             2            1114          1116             0   90
604   605        B          1114             3            1114          1117             0   95
605   606        C          1117             7            1117          1124             0   90
606   607        C          1118             5            1119          1124             1  Gas
607   608        C          1119             3            1124          1127             5  Gas
608   609        B          1122             2            1124          1126             2   90
609   610        B          1124             2            1124          1126             0   95
610   611        B          1124             3            1126          1129             2   95
611   612        C          1127             7            1127          1134             0   90
612   613        B          1129             2            1134          1136             5   90
613   614        B          1129             2            1129          1131             0   95
614   615        C          1131             5            1131          1136             0  Gas
615   616        A          1132             2            1132          1134             0   95
616   617        A          1133             1            1134          1135             1   95
617   618        C          1134             5            1136          1141             2   90
618   619        C          1134             5            1141          1146             7   90
619   620        B          1135             2            1135          1137             0   95
620   621        C          1136             3            1146          1149            10   90
621   622        A          1136             2            1137          1139             1   95
622   623        A          1137             1            1139          1140             2   95
623   624        B          1137             3            1140          1143             3   95
624   625        C          1137             5            1137          1142             0  Gas
625   626        B          1138             3            1149          1152            11   90
626   627        B          1141             3            1143          1146             2   95
627   628        B          1141             3            1152          1155            11   90
628   629        B          1143             1            1146          1147             3   95
629   630        B          1144             3            1155          1158            11   90
630   631        A          1145             2            1147          1149             2   95
631   632        A          1147             3            1149          1152             2   95
632   633        B          1150             3            1152          1155             2   95
633   634        B          1150             2            1158          1160             8   90
634   635        C          1153             5            1153          1158             0  Gas
635   636        C          1155             5            1160          1165             5   90
636   637        A          1157             2            1157          1159             0   95
637   638        B          1158             2            1159          1161             1   95
638   639        B          1161             1            1161          1162             0   95
639   640        C          1163             5            1165          1170             2   90
640   641        B          1166             1            1170          1171             4   90
641   642        B          1168             3            1168          1171             0   95
642   643        B          1168             3            1171          1174             3   95
643   644        C          1170             5            1170          1175             0  Gas
644   645        C          1172             7            1172          1179             0   90
645   646        C          1173             7            1179          1186             6   90
646   647        B          1174             1            1174          1175             0   95
647   648        C          1175             7            1186          1193            11   90
648   649        B          1177             1            1193          1194            16   90
649   650        C          1179             7            1179          1186             0  Gas
650   651        C          1179             5            1186          1191             7  Gas
651   652        C          1181             3            1191          1194            10  Gas
652   653        C          1184             7            1194          1201            10   90
653   654        B          1184             1            1184          1185             0   95
654   655        C          1185             5            1194          1199             9  Gas
655   656        C          1187             5            1199          1204            12  Gas
656   657        A          1189             3            1189          1192             0   95
657   658        C          1191             5            1204          1209            13  Gas
658   659        C          1194             7            1209          1216            15  Gas
659   660        B          1196             3            1196          1199             0   95
660   661        B          1197             2            1199          1201             2   95
661   662        A          1198             2            1201          1203             3   95
662   663        A          1201             3            1203          1206             2   95
663   664        C          1202             5            1202          1207             0   90
664   665        B          1205             3            1206          1209             1   95
665   666        B          1206             3            1207          1210             1   90
666   667        B          1209             3            1209          1212             0   95
667   668        B          1212             2            1212          1214             0   95
668   669        B          1214             3            1214          1217             0   95
669   670        B          1217             2            1217          1219             0   90
670   671        A          1219             3            1219          1222             0   95
671   672        B          1220             2            1222          1224             2   95
672   673        C          1223             3            1223          1226             0   90
673   674        A          1223             2            1224          1226             1   95
674   675        B          1223             2            1226          1228             3   90
675   676        B          1226             1            1226          1227             0   95
676   677        B          1229             3            1229          1232             0   95
677   678        A          1231             2            1232          1234             1   95
678   679        A          1231             3            1234          1237             3   95
679   680        C          1234             7            1234          1241             0  Gas
680   681        C          1235             7            1235          1242             0   90
681   682        A          1238             3            1238          1241             0   95
682   683        A          1239             2            1241          1243             2   95
683   684        C          1242             5            1242          1247             0  Gas
684   685        C          1243             7            1247          1254             4  Gas
685   686        C          1245             5            1245          1250             0   90
686   687        C          1247             5            1254          1259             7  Gas
687   688        B          1250             2            1250          1252             0   95
688   689        A          1253             2            1253          1255             0   95
689   690        B          1254             1            1255          1256             1   95
690   691        C          1255             5            1255          1260             0   90
691   692        A          1255             2            1256          1258             1   95
692   693        B          1255             3            1258          1261             3   95
693   694        C          1256             5            1259          1264             3  Gas
694   695        C          1258             3            1264          1267             6  Gas
695   696        B          1259             3            1261          1264             2   95
696   697        B          1262             1            1264          1265             2   95
697   698        C          1263             5            1267          1272             4  Gas
698   699        B          1265             2            1265          1267             0   95
699   700        C          1266             7            1272          1279             6  Gas
700   701        B          1267             1            1267          1268             0   95
701   702        C          1267             3            1279          1282            12  Gas
702   703        C          1268             7            1282          1289            14  Gas
703   704        C          1270             7            1289          1296            19  Gas
704   705        A          1273             3            1273          1276             0   95
705   706        A          1273             2            1276          1278             3   95
706   707        A          1276             2            1278          1280             2   95
707   708        C          1277             5            1277          1282             0   90
708   709        B          1278             3            1282          1285             4   90
709   710        C          1279             7            1285          1292             6   90
710   711        B          1281             1            1292          1293            11   90
711   712        A          1281             3            1281          1284             0   95
712   713        A          1284             2            1284          1286             0   95
713   714        C          1284             5            1293          1298             9   90
714   715        B          1287             3            1298          1301            11   90
715   716        C          1290             7            1296          1303             6  Gas
716   717        A          1290             3            1290          1293             0   95
717   718        A          1293             2            1293          1295             0   95
718   719        B          1293             3            1295          1298             2   95
719   720        B          1293             3            1298          1301             5   95
720   721        C          1293             5            1301          1306             8   90
721   722        C          1295             5            1303          1308             8  Gas
722   723        B          1297             3            1306          1309             9   90
723   724        A          1298             1            1301          1302             3   95
724   725        A          1299             2            1302          1304             3   95
725   726        B          1300             3            1304          1307             4   95
726   727        A          1302             3            1307          1310             5   95
727   728        B          1304             3            1310          1313             6   95
728   729        B          1304             2            1309          1311             5   90
729   730        C          1305             7            1308          1315             3  Gas
730   731        A          1306             3            1313          1316             7   95
731   732        B          1309             1            1311          1312             2   90
732   733        C          1310             7            1315          1322             5  Gas
733   734        A          1310             3            1316          1319             6   95
734   735        A          1312             3            1319          1322             7   95
735   736        C          1315             7            1322          1329             7  Gas
736   737        C          1318             5            1318          1323             0   90
737   738        C          1319             5            1323          1328             4   90
738   739        B          1319             2            1322          1324             3   95
739   740        C          1319             5            1328          1333             9   90
740   741        C          1320             5            1329          1334             9  Gas
741   742        B          1321             3            1324          1327             3   95
742   743        A          1323             3            1327          1330             4   95
743   744        B          1326             2            1330          1332             4   95
744   745        B          1328             3            1333          1336             5   90
745   746        B          1329             3            1332          1335             3   95
746   747        B          1330             3            1335          1338             5   95
747   748        C          1332             3            1336          1339             4   90
748   749        C          1333             3            1334          1337             1  Gas
749   750        C          1334             3            1339          1342             5   90
750   751        C          1337             7            1337          1344             0  Gas
751   752        C          1337             3            1342          1345             5   90
752   753        B          1337             3            1338          1341             1   95
753   754        C          1340             7            1345          1352             5   90
754   755        B          1341             2            1352          1354            11   90
755   756        B          1343             3            1354          1357            11   90
756   757        C          1346             7            1357          1364            11   90
757   758        B          1346             2            1346          1348             0   95
758   759        B          1349             3            1349          1352             0   95
759   760        A          1352             3            1352          1355             0   95
760   761        B          1353             3            1355          1358             2   95
761   762        C          1356             3            1356          1359             0  Gas
762   763        C          1359             7            1364          1371             5   90
763   764        B          1360             1            1360          1361             0   95
764   765        C          1362             7            1362          1369             0  Gas
765   766        B          1365             2            1365          1367             0   95
766   767        B          1368             2            1371          1373             3   90
767   768        B          1369             2            1373          1375             4   90
768   769        B          1370             2            1370          1372             0   95
769   770        C          1372             3            1372          1375             0  Gas
770   771        B          1373             2            1375          1377             2   90
771   772        C          1375             5            1375          1380             0  Gas
772   773        A          1377             3            1377          1380             0   95
773   774        A          1377             1            1380          1381             3   95
774   775        A          1379             3            1381          1384             2   95
775   776        B          1380             2            1384          1386             4   95
776   777        B          1382             2            1382          1384             0   90
777   778        C          1385             7            1385          1392             0   90
778   779        B          1386             2            1386          1388             0   95
779   780        B          1387             3            1392          1395             5   90
780   781        A          1390             3            1390          1393             0   95
781   782        B          1391             2            1395          1397             4   90
782   783        C          1393             5            1397          1402             4   90
783   784        C          1396             3            1396          1399             0  Gas
784   785        A          1398             1            1398          1399             0   95
785   786        C          1401             5            1401          1406             0  Gas
786   787        A          1401             2            1401          1403             0   95
787   788        B          1404             2            1404          1406             0   95
788   789        B          1404             3            1406          1409             2   95
789   790        A          1404             1            1409          1410             5   95
790   791        C          1404             3            1406          1409             2  Gas
791   792        B          1405             2            1410          1412             5   95
792   793        C          1408             5            1408          1413             0   90
793   794        C          1409             7            1409          1416             0  Gas
794   795        B          1410             2            1412          1414             2   95
795   796        A          1410             1            1414          1415             4   95
796   797        A          1410             1            1415          1416             5   95
797   798        C          1412             7            1416          1423             4  Gas
798   799        A          1415             3            1416          1419             1   95
799   800        C          1418             7            1423          1430             5  Gas
800   801        C          1420             5            1420          1425             0   90
801   802        B          1420             3            1420          1423             0   95
802   803        A          1423             3            1423          1426             0   95
803   804        A          1426             1            1426          1427             0   95
804   805        B          1428             2            1428          1430             0   95
805   806        C          1431             7            1431          1438             0  Gas
806   807        B          1434             3            1434          1437             0   95
807   808        C          1437             7            1437          1444             0   90
808   809        C          1440             3            1440          1443             0  Gas
809   810        B          1442             3            1444          1447             2   90
810   811        C          1443             5            1443          1448             0  Gas
811   812        C          1446             3            1447          1450             1   90
812   813        B          1449             2            1450          1452             1   90
813   814        C          1449             3            1452          1455             3   90
814   815        C          1452             3            1452          1455             0  Gas
815   816        B          1453             1            1453          1454             0   95
816   817        B          1453             2            1455          1457             2   90
817   818        B          1455             2            1457          1459             2   90
818   819        C          1458             5            1459          1464             1   90
819   820        C          1460             5            1460          1465             0  Gas
820   821        C          1463             3            1464          1467             1   90
821   822        A          1464             3            1464          1467             0   95
822   823        B          1464             1            1467          1468             3   95
823   824        C          1464             5            1465          1470             1  Gas
824   825        B          1467             2            1468          1470             1   95
825   826        B          1470             3            1470          1473             0   95
826   827        C          1473             5            1473          1478             0  Gas
827   828        A          1474             3            1474          1477             0   95
828   829        A          1476             3            1477          1480             1   95
829   830        A          1478             1            1480          1481             2   95
830   831        C          1481             5            1481          1486             0   90
831   832        C          1481             5            1486          1491             5   90
832   833        B          1482             3            1482          1485             0   95
833   834        C          1485             5            1491          1496             6   90
834   835        C          1488             5            1488          1493             0  Gas
835   836        C          1489             5            1496          1501             7   90
836   837        A          1490             1            1490          1491             0   95
837   838        B          1493             3            1501          1504             8   90
838   839        A          1495             3            1495          1498             0   95
839   840        B          1497             2            1498          1500             1   95
840   841        A          1499             2            1500          1502             1   95
841   842        C          1501             7            1504          1511             3   90
842   843        C          1501             7            1511          1518            10   90
843   844        B          1501             3            1502          1505             1   95
844   845        B          1503             3            1505          1508             2   95
845   846        B          1504             2            1518          1520            14   90
846   847        C          1506             3            1520          1523            14   90
847   848        A          1508             1            1508          1509             0   95
848   849        C          1510             7            1510          1517             0  Gas
849   850        A          1513             2            1513          1515             0   95
850   851        B          1515             2            1515          1517             0   95
851   852        B          1517             2            1523          1525             6   90
852   853        A          1520             1            1520          1521             0   95
853   854        B          1520             3            1525          1528             5   90
854   855        C          1523             5            1523          1528             0  Gas
855   856        C          1524             5            1528          1533             4   90
856   857        A          1526             3            1526          1529             0   95
857   858        B          1528             1            1529          1530             1   95
858   859        B          1531             1            1531          1532             0   95
859   860        B          1534             2            1534          1536             0   95
860   861        A          1537             3            1537          1540             0   95
861   862        A          1538             3            1540          1543             2   95
862   863        B          1539             1            1543          1544             4   95
863   864        B          1542             3            1544          1547             2   95
864   865        C          1545             3            1545          1548             0   90
865   866        C          1548             3            1548          1551             0  Gas
866   867        C          1549             5            1551          1556             2  Gas
867   868        C          1549             5            1549          1554             0   90
868   869        A          1550             3            1550          1553             0   95
869   870        C          1552             5            1554          1559             2   90
870   871        B          1553             2            1553          1555             0   95
871   872        B          1555             2            1555          1557             0   95
872   873        B          1556             2            1559          1561             3   90
873   874        A          1559             1            1559          1560             0   95
874   875        B          1562             2            1562          1564             0   90
875   876        B          1565             3            1565          1568             0   95
876   877        B          1566             3            1568          1571             2   95
877   878        B          1566             3            1571          1574             5   95
878   879        C          1568             5            1568          1573             0   90
879   880        C          1570             3            1573          1576             3   90
880   881        B          1572             1            1576          1577             4   90
881   882        C          1574             5            1574          1579             0  Gas
882   883        B          1577             2            1577          1579             0   90
883   884        A          1578             2            1578          1580             0   95
884   885        C          1578             5            1579          1584             1  Gas
885   886        C          1579             7            1579          1586             0   90
886   887        C          1579             5            1586          1591             7   90
887   888        B          1582             1            1582          1583             0   95
888   889        A          1584             3            1584          1587             0   95
889   890        C          1587             5            1591          1596             4   90
890   891        A          1590             3            1590          1593             0   95
891   892        C          1591             3            1591          1594             0  Gas
892   893        B          1592             2            1596          1598             4   90
893   894        C          1595             5            1598          1603             3   90
894   895        C          1595             3            1595          1598             0  Gas
895   896        B          1597             3            1597          1600             0   95
896   897        C          1600             3            1600          1603             0  Gas
897   898        C          1601             5            1603          1608             2  Gas
898   899        B          1603             2            1603          1605             0   95
899   900        A          1605             3            1605          1608             0   95
900   901        A          1608             2            1608          1610             0   95
901   902        B          1609             3            1610          1613             1   95
902   903        B          1609             2            1613          1615             4   95
903   904        C          1612             5            1612          1617             0   90
904   905        C          1614             3            1617          1620             3   90
905   906        C          1617             3            1620          1623             3   90
906   907        B          1618             3            1623          1626             5   90
907   908        B          1620             2            1620          1622             0   95
908   909        B          1621             1            1622          1623             1   95
909   910        A          1623             1            1623          1624             0   95
910   911        C          1626             7            1626          1633             0  Gas
911   912        C          1629             7            1629          1636             0   90
912   913        C          1629             5            1633          1638             4  Gas
913   914        C          1632             5            1638          1643             6  Gas
914   915        C          1634             5            1643          1648             9  Gas
915   916        C          1636             5            1636          1641             0   90
916   917        A          1636             2            1636          1638             0   95
917   918        A          1639             3            1639          1642             0   95
918   919        C          1640             7            1648          1655             8  Gas
919   920        A          1642             2            1642          1644             0   95
920   921        B          1645             3            1645          1648             0   90
921   922        B          1646             2            1646          1648             0   95
922   923        C          1646             7            1648          1655             2   90
923   924        B          1649             3            1649          1652             0   95
924   925        B          1650             3            1652          1655             2   95
925   926        B          1653             2            1655          1657             2   95
926   927        A          1653             2            1657          1659             4   95
927   928        C          1655             5            1655          1660             0  Gas
928   929        B          1658             2            1659          1661             1   95
929   930        C          1661             5            1661          1666             0  Gas
930   931        B          1664             2            1664          1666             0   95
931   932        B          1666             3            1666          1669             0   90
932   933        B          1668             1            1668          1669             0   95
933   934        C          1671             7            1671          1678             0  Gas
934   935        C          1674             5            1678          1683             4  Gas
935   936        B          1677             1            1677          1678             0   95
936   937        C          1680             3            1680          1683             0   90
937   938        C          1682             7            1683          1690             1  Gas
938   939        C          1684             3            1690          1693             6  Gas
939   940        C          1686             7            1686          1693             0   90
940   941        B          1686             3            1693          1696             7   90
941   942        C          1689             3            1693          1696             4  Gas
942   943        C          1689             5            1696          1701             7   90
943   944        B          1690             2            1701          1703            11   90
944   945        C          1693             5            1703          1708            10   90
945   946        B          1694             3            1694          1697             0   95
946   947        B          1695             2            1708          1710            13   90
947   948        B          1697             2            1697          1699             0   95
948   949        C          1697             7            1710          1717            13   90
949   950        C          1700             5            1700          1705             0  Gas
950   951        C          1702             5            1717          1722            15   90
951   952        B          1704             2            1704          1706             0   95
952   953        A          1707             2            1707          1709             0   95
953   954        C          1709             5            1709          1714             0  Gas
954   955        B          1710             3            1710          1713             0   95
955   956        C          1713             3            1714          1717             1  Gas
956   957        B          1714             3            1714          1717             0   95
957   958        A          1716             3            1717          1720             1   95
958   959        A          1718             2            1720          1722             2   95
959   960        C          1719             7            1719          1726             0  Gas
960   961        B          1720             2            1722          1724             2   95
961   962        C          1723             5            1726          1731             3  Gas
962   963        C          1725             7            1725          1732             0   90
963   964        C          1726             5            1732          1737             6   90
964   965        C          1728             5            1731          1736             3  Gas
965   966        B          1731             1            1731          1732             0   95
966   967        B          1731             3            1737          1740             6   90
967   968        C          1732             5            1740          1745             8   90
968   969        B          1733             1            1733          1734             0   95
969   970        B          1735             2            1735          1737             0   95
970   971        B          1738             3            1745          1748             7   90
971   972        A          1738             2            1738          1740             0   95
972   973        C          1739             3            1739          1742             0  Gas
973   974        A          1742             2            1742          1744             0   95
974   975        C          1745             5            1748          1753             3   90
975   976        C          1746             5            1746          1751             0  Gas
976   977        B          1746             3            1753          1756             7   90
977   978        A          1747             2            1747          1749             0   95
978   979        B          1747             1            1756          1757             9   90
979   980        C          1748             7            1757          1764             9   90
980   981        C          1748             5            1764          1769            16   90
981   982        C          1748             5            1751          1756             3  Gas
982   983        B          1750             3            1750          1753             0   95
983   984        C          1752             7            1769          1776            17   90
984   985        B          1753             3            1753          1756             0   95
985   986        C          1754             3            1756          1759             2  Gas
986   987        C          1754             5            1776          1781            22   90
987   988        A          1757             3            1757          1760             0   95
988   989        B          1760             3            1781          1784            21   90
989   990        C          1762             7            1784          1791            22   90
990   991        B          1762             1            1791          1792            29   90
991   992        C          1764             3            1764          1767             0  Gas
992   993        A          1764             3            1764          1767             0   95
993   994        C          1765             3            1792          1795            27   90
994   995        A          1767             3            1767          1770             0   95
995   996        B          1767             2            1770          1772             3   95
996   997        C          1769             5            1769          1774             0  Gas
997   998        C          1771             5            1774          1779             3  Gas
998   999        C          1772             7            1795          1802            23   90
999  1000        B          1775             1            1802          1803            27   90