      Car Category  Arrival Time  Service Time  Service Begins  Service Ends  Waiting Time Pump
0       1        C             3             3               3             6             0  Gas
1       2        B             5             3               5             8             0   90
2       3        C             7             5               7            12             0  Gas
3       4        A             8             3               8            11             0   95
4       5        C            10             5              12            17             2  Gas
5       6        B            13             3              13            16             0   90
6       7        A            13             3              13            16             0   95
7       8        C            13             5              17            22             4  Gas
8       9        B            16             3              16            19             0   90
9      10        A            17             3              17            20             0   95
10     11        A            20             3              20            23             0   95
11     12        C            22             3              22            25             0  Gas
12     13        A            23             2              23            25             0   95
13     14        C            26             7              26            33             0   90
14     15        B            29             2              33            35             4   90
15     16        C            29             5              29            34             0  Gas
16     17        C            32             3              35            38             3   90
17     18        C            33             5              34            39             1  Gas
18     19        A            34             3              34            37             0   95
19     20        C            37             5              39            44             2  Gas
20     21        C            40             7              44            51             4  Gas
21     22        A            43             3              43            46             0   95
22     23        B            43             1              43            44             0   90
23     24        B            46             3              46            49             0   90
24     25        B            48             1              48            49             0   95
25     26        B            49             2              49            51             0   95
26     27        A            52             1              52            53             0   95
27     28        B            55             3              55            58             0   90
28     29        C            56             5              56            61             0  Gas
29     30        A            57             3              57            60             0   95
30     31        C            60             7              60            67             0   90
31     32        C            62             5              62            67             0  Gas
32     33        C            63             5              67            72             4  Gas
33     34        A            66             3              66            69             0   95
34     35        C            68             7              68            75             0   90
35     36        B            71             3              75            78             4   90
36     37        C            73             5              73            78             0  Gas
37     38        B            75             3              78            81             3   90
38     39        B            75             3              81            84             6   90
39     40        A            77             3              77            80             0   95
40     41        A            80             2              80            82             0   95
41     42        C            83             5              84            89             1   90
42     43        C            85             5              89            94             4   90
43     44        B            86             3              94            97             8   90
44     45        C            89             7              89            96             0  Gas
45     46        C            92             3              96            99             4  Gas
46     47        B            92             2              97            99             5   90
47     48        A            95             3              95            98             0   95
48     49        C            97             7              99           106             2  Gas
49     50        C           100             5             106           111             6  Gas
50     51        C           103             5             103           108             0   90
51     52        A           104             2             104           106             0   95
52     53        C           105             5             111           116             6  Gas
53     54        A           107             3             107           110             0   95
54     55        B           110             3             110           113             0   95
55     56        C           113             5             116           121             3  Gas
56     57        B           115             1             115           116             0   95
57     58        B           116             3             116           119             0   95
58     59        B           117             2             117           119             0   90
59     60        C           120             7             121           128             1  Gas
60     61        C           120             3             128           131             8  Gas
61     62        B           121             3             121           124             0   95
62     63        A           123             3             124           127             1   95
63     64        C           125             3             125           128             0   90
64     65        B           128             3             128           131             0   95
65     66        A           130             3             131           134             1   95
66     67        B           132             1             134           135             2   95
67     68        B           134             1             134           135             0   90
68     69        C           135             7             135           142             0  Gas
69     70        C           138             7             142           149             4  Gas
70     71        B           141             3             141           144             0   95
71     72        C           143             7             149           156             6  Gas
72     73        C           146             3             156           159            10  Gas
73     74        C           147             7             147           154             0   90
74     75        A           150             1             150           151             0   95
75     76        B           150             3             151           154             1   95
76     77        C           151             5             159           164             8  Gas
77     78        C           154             3             154           157             0   90
78     79        B           157             1             157           158             0   95
79     80        A           160             3             160           163             0   95
80     81        B           163             2             163           165             0   90
81     82        B           165             3             165           168             0   90
82     83        C           167             5             168           173             1   90
83     84        A           170             3             170           173             0   95
84     85        A           171             1             173           174             2   95
85     86        B           173             3             174           177             1   95
86     87        C           175             7             175           182             0   90
87     88        C           177             5             177           182             0  Gas
88     89        B           180             3             182           185             2   90
89     90        B           183             3             183           186             0   95
90     91        C           183             5             183           188             0  Gas
91     92        B           186             1             186           187             0   95
92     93        A           188             3             188           191             0   95
93     94        A           190             3             191           194             1   95
94     95        C           191             3             191           194             0   90
95     96        C           192             5             192           197             0  Gas
96     97        A           195             3             195           198             0   95
97     98        B           198             3             198           201             0   95
98     99        B           201             2             201           203             0   95
99    100        C           202             7             202           209             0  Gas
100   101        C           205             7             209           216             4  Gas
101   102        C           207             5             216           221             9  Gas
102   103        C           210             5             210           215             0   90
103   104        C           213             5             221           226             8  Gas
104   105        C           215             5             215           220             0   90
105   106        C           218             5             226           231             8  Gas
106   107        B           219             3             220           223             1   90
107   108        B           222             2             222           224             0   95
108   109        A           224             2             224           226             0   95
109   110        B           225             1             226           227             1   95
110   111        A           228             2             228           230             0   95
111   112        B           231             2             231           233             0   95
112   113        B           233             3             233           236             0   90
113   114        A           233             3             233           236             0   95
114   115        C           235             5             235           240             0  Gas
115   116        C           238             7             240           247             2  Gas
116   117        C           241             3             247           250             6  Gas
117   118        C           241             3             250           253             9  Gas
118   119        B           242             2             242           244             0   95
119   120        C           244             5             253           258             9  Gas
120   121        C           246             5             246           251             0   90
121   122        A           249             2             249           251             0   95
122   123        C           250             7             251           258             1   90
123   124        B           252             2             258           260             6   90
124   125        C           255             5             258           263             3  Gas
125   126        A           256             3             256           259             0   95
126   127        B           256             3             259           262             3   95
127   128        C           258             5             263           268             5  Gas
128   129        B           261             1             262           263             1   95
129   130        C           264             7             268           275             4  Gas
130   131        B           265             1             265           266             0   90
131   132        C           268             7             268           275             0   90
132   133        C           268             5             275           280             7   90
133   134        A           268             2             268           270             0   95
134   135        A           270             3             270           273             0   95
135   136        C           273             3             280           283             7   90
136   137        B           276             1             283           284             7   90
137   138        C           278             5             284           289             6   90
138   139        B           279             2             279           281             0   95
139   140        C           279             5             289           294            10   90
140   141        C           281             7             281           288             0  Gas
141   142        C           284             5             294           299            10   90
142   143        B           286             2             286           288             0   95
143   144        B           286             3             288           291             2   95
144   145        B           289             2             291           293             2   95
145   146        B           291             1             293           294             2   95
146   147        B           294             2             299           301             5   90
147   148        A           297             3             297           300             0   95
148   149        C           299             5             299           304             0  Gas
149   150        A           299             2             300           302             1   95
150   151        C           301             5             304           309             3  Gas
151   152        C           304             3             309           312             5  Gas
152   153        C           306             5             312           317             6  Gas
153   154        C           307             5             307           312             0   90
154   155        C           309             5             317           322             8  Gas
155   156        B           309             3             312           315             3   90
156   157        C           310             5             322           327            12  Gas
157   158        B           313             1             315           316             2   90
158   159        C           314             5             327           332            13  Gas
159   160        C           314             7             332           339            18  Gas
160   161        B           317             3             317           320             0   95
161   162        B           320             1             320           321             0   95
162   163        B           320             3             321           324             1   95
163   164        A           322             3             324           327             2   95
164   165        C           325             5             339           344            14  Gas
165   166        A           327             3             327           330             0   95
166   167        C           330             7             330           337             0   90
167   168        C           333             5             344           349            11  Gas
168   169        A           336             3             336           339             0   95
169   170        C           339             7             339           346             0   90
170   171        C           340             5             346           351             6   90
171   172        B           343             2             343           345             0   95
172   173        A           343             3             345           348             2   95
173   174        A           346             3             348           351             2   95
174   175        B           348             2             351           353             3   95
175   176        A           350             2             353           355             3   95
176   177        C           351             7             351           358             0  Gas
177   178        C           353             7             358           365             5  Gas
178   179        C           355             5             365           370            10  Gas
179   180        C           358             7             370           377            12  Gas
180   181        C           360             7             360           367             0   90
181   182        B           360             1             360           361             0   95
182   183        B           362             3             362           365             0   95
183   184        C           364             5             377           382            13  Gas
184   185        A           367             3             367           370             0   95
185   186        C           369             5             369           374             0   90
186   187        B           372             1             372           373             0   95
187   188        A           372             2             373           375             1   95
188   189        C           372             5             374           379             2   90
189   190        A           375             3             375           378             0   95
190   191        A           376             3             378           381             2   95
191   192        C           378             7             379           386             1   90
192   193        B           378             3             381           384             3   95
193   194        C           379             7             382           389             3  Gas
194   195        B           380             3             384           387             4   95
195   196        C           380             5             389           394             9  Gas
196   197        C           381             3             386           389             5   90
197   198        C           383             3             389           392             6   90
198   199        B           384             3             387           390             3   95
199   200        A           386             3             390           393             4   95
200   201        C           389             5             392           397             3   90
201   202        B           392             3             397           400             5   90
202   203        A           392             2             393           395             1   95
203   204        A           392             3             395           398             3   95
204   205        C           395             7             400           407             5   90
205   206        A           397             2             398           400             1   95
206   207        C           400             5             400           405             0  Gas
207   208        B           403             3             403           406             0   95
208   209        B           405             2             407           409             2   90
209   210        C           405             3             409           412             4   90
210   211        B           408             3             412           415             4   90
211   212        B           409             3             415           418             6   90
212   213        A           410             3             410           413             0   95
213   214        B           412             2             413           415             1   95
214   215        B           414             2             418           420             4   90
215   216        C           417             5             417           422             0  Gas
216   217        C           420             5             420           425             0   90
217   218        A           423             3             423           426             0   95
218   219        C           425             7             425           432             0   90
219   220        B           425             2             432           434             7   90
220   221        B           427             3             427           430             0   95
221   222        B           428             3             430           433             2   95
222   223        C           431             3             434           437             3   90
223   224        B           431             1             433           434             2   95
224   225        C           434             5             437           442             3   90
225   226        A           436             3             436           439             0   95
226   227        B           436             3             442           445             6   90
227   228        C           438             5             445           450             7   90
228   229        B           441             1             441           442             0   95
229   230        C           443             7             443           450             0  Gas
230   231        B           443             3             443           446             0   95
231   232        C           444             3             450           453             6  Gas
232   233        B           447             2             450           452             3   90
233   234        C           447             5             453           458             6  Gas
234   235        C           448             5             458           463            10  Gas
235   236        C           449             5             463           468            14  Gas
236   237        C           449             5             452           457             3   90
237   238        C           450             5             468           473            18  Gas
238   239        B           452             3             457           460             5   90
239   240        C           455             7             473           480            18  Gas
240   241        C           457             3             460           463             3   90
241   242        A           457             1             457           458             0   95
242   243        C           460             7             463           470             3   90
243   244        C           460             3             480           483            20  Gas
244   245        A           463             1             463           464             0   95
245   246        C           464             3             483           486            19  Gas
246   247        C           467             3             486           489            19  Gas
247   248        C           467             5             489           494            22  Gas
248   249        A           468             1             468           469             0   95
249   250        B           469             3             470           473             1   90
250   251        B           470             2             470           472             0   95
251   252        B           470             3             472           475             2   95
252   253        C           472             5             494           499            22  Gas
253   254        C           474             7             474           481             0   90
254   255        B           474             3             475           478             1   95
255   256        B           475             3             478           481             3   95
256   257        B           477             3             481           484             4   95
257   258        B           477             3             484           487             7   95
258   259        C           477             5             499           504            22  Gas
259   260        C           480             5             504           509            24  Gas
260   261        C           483             7             483           490             0   90
261   262        B           485             3             490           493             5   90
262   263        B           486             2             493           495             7   90
263   264        A           487             3             487           490             0   95
264   265        B           489             3             490           493             1   95
265   266        B           492             3             495           498             3   90
266   267        B           495             3             495           498             0   95
267   268        A           495             3             498           501             3   95
268   269        C           497             3             509           512            12  Gas
269   270        C           499             3             512           515            13  Gas
270   271        B           502             2             502           504             0   95
271   272        A           505             2             505           507             0   95
272   273        C           508             5             508           513             0   90
273   274        A           508             2             508           510             0   95
274   275        C           511             3             515           518             4  Gas
275   276        B           514             3             514           517             0   90
276   277        A           515             3             515           518             0   95
277   278        C           515             3             518           521             3  Gas
278   279        A           518             1             518           519             0   95
279   280        B           519             3             519           522             0   90
280   281        B           519             3             519           522             0   95
281   282        C           522             5             522           527             0  Gas
282   283        C           523             5             527           532             4  Gas
283   284        C           524             5             524           529             0   90
284   285        C           524             5             529           534             5   90
285   286        C           524             5             532           537             8  Gas
286   287        B           527             3             534           537             7   90
287   288        C           528             5             537           542             9   90
288   289        B           531             3             531           534             0   95
289   290        B           531             2             534           536             3   95
290   291        C           534             5             537           542             3  Gas
291   292        A           536             2             536           538             0   95
292   293        C           537             5             542           547             5  Gas
293   294        C           539             5             542           547             3   90
294   295        C           541             7             547           554             6  Gas
295   296        C           542             5             554           559            12  Gas
296   297        C           543             3             547           550             4   90
297   298        B           544             2             550           552             6   90
298   299        A           545             2             545           547             0   95
299   300        B           547             3             552           555             5   90
300   301        B           550             2             550           552             0   95
301   302        C           553             5             559           564             6  Gas
302   303        B           556             1             556           557             0   95
303   304        C           556             7             564           571             8  Gas
304   305        A           556             1             557           558             1   95
305   306        C           557             3             571           574            14  Gas
306   307        A           560             3             560           563             0   95
307   308        A           563             3             563           566             0   95
308   309        B           563             3             563           566             0   90
309   310        A           563             3             566           569             3   95
310   311        C           565             7             566           573             1   90
311   312        C           568             5             574           579             6  Gas
312   313        B           571             2             573           575             2   90
313   314        A           574             3             574           577             0   95
314   315        A           576             1             577           578             1   95
315   316        A           577             1             578           579             1   95
316   317        A           577             3             579           582             2   95
317   318        C           579             3             579           582             0   90
318   319        C           582             5             582           587             0  Gas
319   320        C           582             5             582           587             0   90
320   321        C           584             5             587           592             3   90
321   322        C           586             7             592           599             6   90
322   323        C           586             3             587           590             1  Gas
323   324        B           588             3             599           602            11   90
324   325        B           590             1             590           591             0   95
325   326        B           593             1             593           594             0   95
326   327        C           596             3             602           605             6   90
327   328        B           599             2             599           601             0   95
328   329        B           600             2             605           607             5   90
329   330        C           603             5             607           612             4   90
330   331        A           604             3             604           607             0   95
331   332        C           606             5             606           611             0  Gas
332   333        B           608             3             608           611             0   95
333   334        B           611             2             611           613             0   95
334   335        C           613             5             613           618             0   90
335   336        B           616             2             618           620             2   90
336   337        A           618             2             618           620             0   95
337   338        B           621             2             621           623             0   90
338   339        C           623             7             623           630             0   90
339   340        C           625             7             630           637             5   90
340   341        C           628             7             628           635             0  Gas
341   342        C           629             5             637           642             8   90
342   343        B           631             3             631           634             0   95
343   344        B           631             1             634           635             3   95
344   345        B           632             3             642           645            10   90
345   346        C           635             3             645           648            10   90
346   347        A           637             3             637           640             0   95
347   348        C           638             5             638           643             0  Gas
348   349        B           641             3             648           651             7   90
349   350        C           644             5             651           656             7   90
350   351        A           646             1             646           647             0   95
351   352        C           648             7             648           655             0  Gas
352   353        C           651             5             655           660             4  Gas
353   354        A           652             3             652           655             0   95
354   355        C           652             7             656           663             4   90
355   356        B           652             3             663           666            11   90
356   357        B           652             2             666           668            14   90
357   358        C           654             5             660           665             6  Gas
358   359        C           657             3             668           671            11   90
359   360        C           659             7             671           678            12   90
360   361        C           661             7             678           685            17   90
361   362        C           662             5             685           690            23   90
362   363        B           664             1             664           665             0   95
363   364        A           667             3             667           670             0   95
364   365        B           668             2             670           672             2   95
365   366        B           670             3             690           693            20   90
366   367        A           671             3             672           675             1   95
367   368        B           672             3             693           696            21   90
368   369        A           675             3             675           678             0   95
369   370        B           677             1             678           679             1   95
370   371        C           677             7             677           684             0  Gas
371   372        A           679             3             679           682             0   95
372   373        B           682             2             696           698            14   90
373   374        C           683             3             684           687             1  Gas
374   375        B           683             2             683           685             0   95
375   376        C           686             7             687           694             1  Gas
376   377        C           689             5             694           699             5  Gas
377   378        C           692             5             699           704             7  Gas
378   379        B           695             3             698           701             3   90
379   380        B           698             3             701           704             3   90
380   381        C           701             7             704           711             3   90
381   382        A           704             3             704           707             0   95
382   383        C           707             5             707           712             0  Gas
383   384        B           709             3             711           714             2   90
384   385        A           711             3             711           714             0   95
385   386        A           711             1             714           715             3   95
386   387        C           714             5             714           719             0  Gas
387   388        B           717             3             717           720             0   90
388   389        C           720             3             720           723             0   90
389   390        C           720             5             720           725             0  Gas
390   391        C           723             5             725           730             2  Gas
391   392        B           726             3             726           729             0   90
392   393        B           729             3             729           732             0   95
393   394        C           732             5             732           737             0  Gas
394   395        C           733             5             733           738             0   90
395   396        A           734             3             734           737             0   95
396   397        B           736             3             738           741             2   90
397   398        C           739             5             739           744             0  Gas
398   399        C           742             7             744           751             2  Gas
399   400        B           744             1             744           745             0   95
400   401        B           744             3             744           747             0   90
401   402        A           745             2             745           747             0   95
402   403        C           748             5             748           753             0   90
403   404        B           750             3             753           756             3   90
404   405        C           752             3             752           755             0  Gas
405   406        A           755             3             755           758             0   95
406   407        A           758             1             758           759             0   95
407   408        C           760             5             760           765             0   90
408   409        A           762             3             762           765             0   95
409   410        C           764             7             764           771             0  Gas
410   411        B           765             3             765           768             0   95
411   412        B           768             1             768           769             0   95
412   413        B           770             3             770           773             0   95
413   414        B           772             3             773           776             1   95
414   415        C           774             3             774           777             0  Gas
415   416        A           776             3             776           779             0   95
416   417        A           776             3             779           782             3   95
417   418        C           778             5             778           783             0   90
418   419        B           778             3             782           785             4   95
419   420        C           779             7             783           790             4   90
420   421        B           782             3             785           788             3   95
421   422        B           783             2             790           792             7   90
422   423        B           785             2             788           790             3   95
423   424        C           785             7             792           799             7   90
424   425        B           788             3             790           793             2   95
425   426        A           789             3             793           796             4   95
426   427        B           789             3             796           799             7   95
427   428        B           792             3             799           802             7   95
428   429        A           795             3             802           805             7   95
429   430        A           796             3             805           808             9   95
430   431        C           799             5             799           804             0  Gas
431   432        B           800             3             800           803             0   90
432   433        C           801             5             804           809             3  Gas
433   434        C           804             5             809           814             5  Gas
434   435        A           804             1             808           809             4   95
435   436        B           806             3             809           812             3   95
436   437        C           808             3             814           817             6  Gas
437   438        B           811             3             811           814             0   90
438   439        C           811             5             814           819             3   90
439   440        B           811             3             812           815             1   95
440   441        C           814             7             817           824             3  Gas
441   442        C           817             5             819           824             2   90
442   443        C           819             5             824           829             5   90
443   444        B           822             2             822           824             0   95
444   445        C           824             5             824           829             0  Gas
445   446        B           824             3             824           827             0   95
446   447        C           826             5             829           834             3   90
447   448        A           829             3             829           832             0   95
448   449        B           832             3             834           837             2   90
449   450        C           832             5             837           842             5   90
450   451        C           834             5             834           839             0  Gas
451   452        B           835             3             842           845             7   90
452   453        C           838             5             839           844             1  Gas
453   454        C           840             5             844           849             4  Gas
454   455        C           843             5             849           854             6  Gas
455   456        C           846             3             846           849             0   90
456   457        C           847             5             854           859             7  Gas
457   458        C           850             7             850           857             0   90
458   459        B           852             2             857           859             5   90
459   460        C           855             5             859           864             4   90
460   461        B           856             2             856           858             0   95
461   462        C           859             5             859           864             0  Gas
462   463        C           860             3             864           867             4   90
463   464        B           860             3             867           870             7   90
464   465        A           863             3             863           866             0   95
465   466        A           864             2             866           868             2   95
466   467        B           866             1             870           871             4   90
467   468        C           869             7             869           876             0  Gas
468   469        C           869             7             876           883             7  Gas
469   470        C           872             3             883           886            11  Gas
470   471        A           875             1             875           876             0   95
471   472        B           878             1             878           879             0   95
472   473        B           880             3             880           883             0   95
473   474        C           883             5             883           888             0   90
474   475        B           885             1             888           889             3   90
475   476        A           886             3             886           889             0   95
476   477        B           887             2             889           891             2   90
477   478        C           890             5             891           896             1   90
478   479        A           893             3             893           896             0   95
479   480        A           896             3             896           899             0   95
480   481        C           899             5             899           904             0   90
481   482        C           902             7             902           909             0  Gas
482   483        C           904             7             909           916             5  Gas
483   484        C           904             7             904           911             0   90
484   485        C           906             5             911           916             5   90
485   486        A           908             3             908           911             0   95
486   487        C           910             5             916           921             6  Gas
487   488        A           910             2             911           913             1   95
488   489        A           912             3             913           916             1   95
489   490        C           914             7             921           928             7  Gas
490   491        B           915             3             916           919             1   90
491   492        C           916             5             928           933            12  Gas
492   493        A           916             3             916           919             0   95
493   494        A           919             2             919           921             0   95
494   495        B           919             2             919           921             0   90
495   496        B           920             3             921           924             1   95
496   497        B           920             3             921           924             1   90
497   498        A           923             1             924           925             1   95
498   499        C           923             7             924           931             1   90
499   500        A           926             3             926           929             0   95
500   501        C           926             5             933           938             7  Gas
501   502        B           929             3             929           932             0   95
502   503        A           931             2             932           934             1   95
503   504        B           934             2             934           936             0   95
504   505        B           935             1             935           936             0   90
505   506        B           938             2             938           940             0   95
506   507        B           938             2             940           942             2   95
507   508        B           939             3             939           942             0   90
508   509        B           942             1             942           943             0   95
509   510        B           945             3             945           948             0   95
510   511        C           948             7             948           955             0   90
511   512        A           949             2             949           951             0   95
512   513        C           952             7             955           962             3   90
513   514        B           954             2             954           956             0   95
514   515        C           956             5             962           967             6   90
515   516        B           959             2             959           961             0   95
516   517        B           960             3             961           964             1   95
517   518        C           963             7             963           970             0  Gas
518   519        A           963             3             964           967             1   95
519   520        C           965             5             970           975             5  Gas
520   521        C           966             7             975           982             9  Gas
521   522        C           967             5             967           972             0   90
522   523        C           970             7             972           979             2   90
523   524        B           973             3             979           982             6   90
524   525        B           974             1             982           983             8   90
525   526        A           977             1             977           978             0   95
526   527        B           979             2             983           985             4   90
527   528        B           979             2             979           981             0   95
528   529        A           979             3             981           984             2   95
529   530        B           982             1             984           985             2   95
530   531        A           983             2             985           987             2   95
531   532        B           986             2             987           989             1   95
532   533        C           989             5             989           994             0  Gas
533   534        C           990             3             994           997             4  Gas
534   535        C           991             3             991           994             0   90
535   536        B           991             3             991           994             0   95
536   537        C           992             5             997          1002             5  Gas
537   538        B           992             3             994           997             2   90
538   539        C           992             3            1002          1005            10  Gas
539   540        B           992             3             994           997             2   95
540   541        A           994             2             997           999             3   95
541   542        C           997             7            1005          1012             8  Gas
542   543        A           997             3             999          1002             2   95
543   544        C           998             3            1012          1015            14  Gas
544   545        B          1001             2            1002          1004             1   95
545   546        A          1002             3            1004          1007             2   95
546   547        C          1002             5            1002          1007             0   90
547   548        C          1005             3            1007          1010             2   90
548   549        C          1007             7            1010          1017             3   90
549   550        C          1010             5            1015          1020             5  Gas
550   551        C          1013             5            1020          1025             7  Gas
551   552        B          1016             3            1016          1019             0   95
552   553        A          1019             2            1019          1021             0   95
553   554        B          1020             2            1021          1023             1   95
554   555        A          1023             1            1023          1024             0   95
555   556        A          1025             3            1025          1028             0   95
556   557        B          1026             2            1026          1028             0   90
557   558        C          1027             5            1027          1032             0  Gas
558   559        A          1028             1            1028          1029             0   95
559   560        B          1031             3            1031          1034             0   95
560   561        B          1034             3            1034          1037             0   90
561   562        C          1037             3            1037          1040             0  Gas
562   563        B          1037             3            1037          1040             0   90
563   564        B          1039             2            1040          1042             1   90
564   565        C          1041             7            1041          1048             0  Gas
565   566        C          1044             3            1048          1051             4  Gas
566   567        B          1045             3            1045          1048             0   90
567   568        B          1045             3            1045          1048             0   95
568   569        A          1047             2            1048          1050             1   95
569   570        A          1047             3            1050          1053             3   95
570   571        C          1048             5            1048          1053             0   90
571   572        B          1051             3            1053          1056             2   90
572   573        B          1054             3            1054          1057             0   95
573   574        C          1057             5            1057          1062             0   90
574   575        B          1060             3            1060          1063             0   95
575   576        B          1061             3            1063          1066             2   95
576   577        A          1064             2            1066          1068             2   95
577   578        C          1066             5            1066          1071             0   90
578   579        C          1067             5            1067          1072             0  Gas
579   580        C          1067             5            1071          1076             4   90
580   581        B          1069             3            1069          1072             0   95
581   582        C          1072             5            1076          1081             4   90
582   583        C          1073             3            1081          1084             8   90
583   584        B          1073             3            1084          1087            11   90
584   585        B          1074             3            1074          1077             0   95
585   586        A          1076             3            1077          1080             1   95
586   587        C          1076             7            1087          1094            11   90
587   588        A          1078             2            1080          1082             2   95
588   589        B          1081             1            1082          1083             1   95
589   590        B          1081             3            1094          1097            13   90
590   591        B          1083             2            1083          1085             0   95
591   592        A          1086             3            1086          1089             0   95
592   593        B          1086             3            1089          1092             3   95
593   594        C          1089             3            1089          1092             0  Gas
594   595        B          1091             2            1092          1094             1   95
595   596        B          1092             3            1094          1097             2   95
596   597        A          1094             3            1097          1100             3   95
597   598        C          1094             7            1094          1101             0  Gas
598   599        C          1096             7            1101          1108             5  Gas
599   600        C          1099             5            1108          1113             9  Gas
600   601        B          1102             2            1102          1104             0   95
601   602        C          1104             5            1113          1118             9  Gas
602   603        C          1105             7            1118          1125            13  Gas
603   604        B          1106             3            1106          1109             0   90
604   605        B          1106             2            1106          1108             0   95
605   606        C          1107             7            1125          1132            18  Gas
606   607        C          1108             3            1132          1135            24  Gas
607   608        B          1111             3            1111          1114             0   90
608   609        A          1113             3            1113          1116             0   95
609   610        A          1114             3            1116          1119             2   95
610   611        A          1117             3            1119          1122             2   95
611   612        B          1120             3            1122          1125             2   95
612   613        B          1122             2            1122          1124             0   90
613   614        B          1123             3            1125          1128             2   95
614   615        A          1126             2            1128          1130             2   95
615   616        B          1128             3            1130          1133             2   95
616   617        C          1128             7            1128          1135             0   90
617   618        A          1131             3            1133          1136             2   95
618   619        C          1131             5            1135          1140             4  Gas
619   620        C          1134             7            1135          1142             1   90
620   621        C          1135             5            1140          1145             5  Gas
621   622        A          1138             3            1138          1141             0   95
622   623        C          1141             7            1145          1152             4  Gas
623   624        C          1143             3            1152          1155             9  Gas
624   625        C          1146             5            1146          1151             0   90
625   626        B          1147             3            1147          1150             0   95
626   627        B          1150             3            1150          1153             0   95
627   628        C          1152             5            1152          1157             0   90
628   629        A          1155             3            1155          1158             0   95
629   630        A          1158             3            1158          1161             0   95
630   631        B          1159             2            1161          1163             2   95
631   632        A          1162             3            1163          1166             1   95
632   633        C          1164             5            1164          1169             0  Gas
633   634        C          1164             7            1164          1171             0   90
634   635        C          1164             7            1171          1178             7   90
635   636        C          1166             5            1178          1183            12   90
636   637        A          1169             3            1169          1172             0   95
637   638        B          1172             3            1172          1175             0   95
638   639        C          1174             7            1174          1181             0  Gas
639   640        C          1175             7            1181          1188             6  Gas
640   641        C          1176             7            1183          1190             7   90
641   642        A          1176             3            1176          1179             0   95
642   643        B          1177             3            1179          1182             2   95
643   644        B          1180             1            1190          1191            10   90
644   645        A          1183             3            1183          1186             0   95
645   646        C          1183             5            1191          1196             8   90
646   647        A          1185             3            1186          1189             1   95
647   648        B          1186             3            1196          1199            10   90
648   649        B          1186             2            1199          1201            13   90
649   650        C          1187             7            1201          1208            14   90
650   651        C          1190             3            1190          1193             0  Gas
651   652        A          1190             1            1190          1191             0   95
652   653        A          1192             1            1192          1193             0   95
653   654        A          1194             3            1194          1197             0   95
654   655        C          1197             5            1197          1202             0  Gas
655   656        B          1198             3            1198          1201             0   95
656   657        A          1200             3            1201          1204             1   95
657   658        B          1201             2            1208          1210             7   90
658   659        B          1203             2            1204          1206             1   95
659   660        A          1205             3            1206          1209             1   95
660   661        C          1208             5            1208          1213             0  Gas
661   662        B          1210             3            1210          1213             0   90
662   663        C          1212             3            1213          1216             1  Gas
663   664        C          1215             5            1215          1220             0   90
664   665        C          1216             5            1216          1221             0  Gas
665   666        A          1219             3            1219          1222             0   95
666   667        B          1221             3            1222          1225             1   95
667   668        C          1224             5            1224          1229             0   90
668   669        A          1227             2            1227          1229             0   95
669   670        A          1229             3            1229          1232             0   95
670   671        B          1230             1            1230          1231             0   90
671   672        C          1230             5            1230          1235             0  Gas
672   673        A          1233             2            1233          1235             0   95
673   674        A          1236             2            1236          1238             0   95
674   675        B          1238             3            1238          1241             0   95
675   676        C          1240             7            1240          1247             0   90
676   677        C          1242             7            1242          1249             0  Gas
677   678        B          1244             1            1244          1245             0   95
678   679        B          1245             2            1247          1249             2   90
679   680        B          1247             2            1247          1249             0   95
680   681        C          1248             3            1249          1252             1   90
681   682        A          1251             3            1251          1254             0   95
682   683        B          1253             3            1254          1257             1   95
683   684        B          1255             3            1255          1258             0   90
684   685        B          1256             3            1257          1260             1   95
685   686        A          1256             3            1260          1263             4   95
686   687        C          1258             5            1258          1263             0  Gas
687   688        A          1261             2            1263          1265             2   95
688   689        C          1262             7            1262          1269             0   90
689   690        A          1264             2            1265          1267             1   95
690   691        B          1265             2            1267          1269             2   95
691   692        C          1266             7            1266          1273             0  Gas
692   693        B          1269             1            1269          1270             0   90
693   694        C          1269             7            1270          1277             1   90
694   695        C          1271             5            1273          1278             2  Gas
695   696        B          1273             2            1273          1275             0   95
696   697        A          1273             3            1275          1278             2   95
697   698        C          1274             7            1278          1285             4  Gas
698   699        B          1275             3            1278          1281             3   95
699   700        A          1278             1            1281          1282             3   95
700   701        C          1279             7            1279          1286             0   90
701   702        B          1282             1            1286          1287             4   90
702   703        A          1285             2            1285          1287             0   95
703   704        A          1287             3            1287          1290             0   95
704   705        A          1287             1            1290          1291             3   95
705   706        C          1290             3            1290          1293             0   90
706   707        B          1293             2            1293          1295             0   90
707   708        B          1294             3            1294          1297             0   95
708   709        B          1295             1            1295          1296             0   90
709   710        B          1297             3            1297          1300             0   90
710   711        C          1299             7            1300          1307             1   90
711   712        C          1301             5            1301          1306             0  Gas
712   713        C          1301             3            1306          1309             5  Gas
713   714        C          1304             3            1309          1312             5  Gas
714   715        C          1307             3            1312          1315             5  Gas
715   716        C          1310             5            1310          1315             0   90
716   717        B          1313             2            1313          1315             0   95
717   718        B          1315             2            1315          1317             0   90
718   719        A          1318             2            1318          1320             0   95
719   720        C          1321             7            1321          1328             0  Gas
720   721        C          1324             5            1328          1333             4  Gas
721   722        B          1327             3            1327          1330             0   95
722   723        C          1330             5            1333          1338             3  Gas
723   724        C          1332             3            1332          1335             0   90
724   725        B          1333             2            1333          1335             0   95
725   726        C          1336             5            1338          1343             2  Gas
726   727        B          1339             3            1339          1342             0   95
727   728        B          1339             1            1342          1343             3   95
728   729        C          1340             3            1340          1343             0   90
729   730        A          1343             1            1343          1344             0   95
730   731        C          1346             5            1346          1351             0   90
731   732        C          1347             5            1347          1352             0  Gas
732   733        A          1349             1            1349          1350             0   95
733   734        B          1351             1            1351          1352             0   90
734   735        B          1354             3            1354          1357             0   90
735   736        C          1355             5            1355          1360             0  Gas
736   737        A          1355             2            1355          1357             0   95
737   738        A          1358             3            1358          1361             0   95
738   739        A          1359             1            1361          1362             2   95
739   740        B          1359             3            1362          1365             3   95
740   741        C          1359             7            1360          1367             1  Gas
741   742        C          1362             5            1367          1372             5  Gas
742   743        B          1365             3            1365          1368             0   95
743   744        C          1367             5            1367          1372             0   90
744   745        A          1367             2            1368          1370             1   95
745   746        C          1367             7            1372          1379             5  Gas
746   747        C          1367             5            1379          1384            12  Gas
747   748        C          1369             5            1384          1389            15  Gas
748   749        C          1370             5            1372          1377             2   90
749   750        B          1371             3            1377          1380             6   90
750   751        B          1374             3            1380          1383             6   90
751   752        C          1375             5            1389          1394            14  Gas
752   753        B          1375             2            1383          1385             8   90
753   754        B          1378             1            1378          1379             0   95
754   755        B          1378             1            1385          1386             7   90
755   756        B          1380             2            1380          1382             0   95
756   757        C          1382             7            1386          1393             4   90
757   758        A          1385             3            1385          1388             0   95
758   759        C          1386             5            1393          1398             7   90
759   760        B          1389             3            1398          1401             9   90
760   761        A          1392             3            1392          1395             0   95
761   762        A          1395             2            1395          1397             0   95
762   763        B          1395             2            1401          1403             6   90
763   764        C          1398             5            1398          1403             0  Gas
764   765        B          1401             2            1403          1405             2   90
765   766        C          1403             7            1403          1410             0  Gas
766   767        A          1406             1            1406          1407             0   95
767   768        C          1407             3            1407          1410             0   90
768   769        C          1409             7            1410          1417             1  Gas
769   770        B          1412             2            1412          1414             0   95
770   771        C          1413             7            1417          1424             4  Gas
771   772        B          1414             1            1414          1415             0   95
772   773        C          1416             5            1416          1421             0   90
773   774        C          1419             3            1421          1424             2   90
774   775        B          1422             3            1422          1425             0   95
775   776        B          1422             1            1424          1425             2   90
776   777        C          1422             3            1424          1427             2  Gas
777   778        A          1425             2            1425          1427             0   95
778   779        C          1427             5            1427          1432             0  Gas
779   780        C          1428             7            1428          1435             0   90
780   781        B          1428             1            1428          1429             0   95
781   782        B          1431             3            1435          1438             4   90
782   783        A          1433             3            1433          1436             0   95
783   784        B          1436             3            1438          1441             2   90
784   785        C          1437             5            1437          1442             0  Gas
785   786        A          1438             2            1438          1440             0   95
786   787        A          1439             3            1440          1443             1   95
787   788        C          1441             7            1442          1449             1  Gas
788   789        B          1443             3            1443          1446             0   90
789   790        B          1443             3            1443          1446             0   95
790   791        A          1446             2            1446          1448             0   95
791   792        B          1448             3            1448          1451             0   90
792   793        A          1451             3            1451          1454             0   95
793   794        A          1454             3            1454          1457             0   95
794   795        C          1455             3            1455          1458             0   90
795   796        C          1458             5            1458          1463             0  Gas
796   797        B          1458             3            1458          1461             0   90
797   798        C          1458             5            1461          1466             3   90
798   799        A          1458             3            1458          1461             0   95
799   800        A          1458             3            1461          1464             3   95
800   801        B          1459             2            1464          1466             5   95
801   802        B          1461             2            1466          1468             5   90
802   803        B          1462             3            1468          1471             6   90
803   804        A          1462             1            1466          1467             4   95
804   805        C          1464             3            1464          1467             0  Gas
805   806        A          1464             3            1467          1470             3   95
806   807        C          1466             7            1467          1474             1  Gas
807   808        C          1468             7            1474          1481             6  Gas
808   809        A          1470             2            1470          1472             0   95
809   810        C          1471             5            1481          1486            10  Gas
810   811        B          1473             1            1473          1474             0   90
811   812        B          1476             3            1476          1479             0   90
812   813        C          1479             3            1486          1489             7  Gas
813   814        B          1479             3            1479          1482             0   95
814   815        C          1479             5            1489          1494            10  Gas
815   816        C          1481             7            1481          1488             0   90
816   817        C          1483             3            1494          1497            11  Gas
817   818        C          1483             3            1497          1500            14  Gas
818   819        A          1485             3            1485          1488             0   95
819   820        A          1487             1            1488          1489             1   95
820   821        C          1487             3            1488          1491             1   90
821   822        C          1490             5            1491          1496             1   90
822   823        C          1490             7            1500          1507            10  Gas
823   824        C          1491             5            1496          1501             5   90
824   825        C          1494             5            1501          1506             7   90
825   826        C          1497             7            1507          1514            10  Gas
826   827        B          1500             2            1500          1502             0   95
827   828        B          1503             2            1503          1505             0   95
828   829        B          1503             3            1505          1508             2   95
829   830        A          1506             1            1508          1509             2   95
830   831        C          1507             5            1514          1519             7  Gas
831   832        C          1508             3            1519          1522            11  Gas
832   833        C          1510             7            1522          1529            12  Gas
833   834        C          1510             3            1510          1513             0   90
834   835        B          1512             3            1513          1516             1   90
835   836        C          1514             7            1529          1536            15  Gas
836   837        C          1516             3            1536          1539            20  Gas
837   838        C          1519             7            1539          1546            20  Gas
838   839        C          1521             5            1521          1526             0   90
839   840        B          1522             2            1522          1524             0   95
840   841        C          1525             5            1546          1551            21  Gas
841   842        B          1526             2            1526          1528             0   90
842   843        B          1527             3            1527          1530             0   95
843   844        A          1529             3            1530          1533             1   95
844   845        B          1530             1            1533          1534             3   95
845   846        C          1531             7            1531          1538             0   90
846   847        A          1533             1            1534          1535             1   95
847   848        C          1535             5            1551          1556            16  Gas
848   849        C          1538             5            1556          1561            18  Gas
849   850        B          1538             1            1538          1539             0   95
850   851        B          1539             3            1539          1542             0   95
851   852        C          1542             7            1561          1568            19  Gas
852   853        B          1543             3            1543          1546             0   90
853   854        B          1545             1            1545          1546             0   95
854   855        C          1545             3            1568          1571            23  Gas
855   856        A          1548             2            1548          1550             0   95
856   857        A          1549             1            1550          1551             1   95
857   858        C          1550             5            1550          1555             0   90
858   859        C          1551             7            1555          1562             4   90
859   860        A          1552             1            1552          1553             0   95
860   861        B          1554             1            1562          1563             8   90
861   862        C          1555             5            1563          1568             8   90
862   863        A          1556             3            1556          1559             0   95
863   864        B          1558             1            1559          1560             1   95
864   865        C          1561             7            1571          1578            10  Gas
865   866        A          1561             3            1561          1564             0   95
866   867        C          1564             5            1568          1573             4   90
867   868        A          1566             3            1566          1569             0   95
868   869        C          1569             3            1578          1581             9  Gas
869   870        B          1569             3            1569          1572             0   95
870   871        A          1571             2            1572          1574             1   95
871   872        C          1573             3            1581          1584             8  Gas
872   873        B          1575             2            1575          1577             0   90
873   874        C          1576             5            1577          1582             1   90
874   875        B          1578             3            1578          1581             0   95
875   876        C          1579             3            1584          1587             5  Gas
876   877        B          1580             3            1581          1584             1   95
877   878        A          1580             3            1584          1587             4   95
878   879        C          1582             5            1582          1587             0   90
879   880        B          1583             3            1587          1590             4   90
880   881        C          1586             7            1587          1594             1  Gas
881   882        B          1586             3            1587          1590             1   95
882   883        B          1586             3            1590          1593             4   95
883   884        A          1588             3            1593          1596             5   95
884   885        B          1591             2            1591          1593             0   90
885   886        B          1592             3            1596          1599             4   95
886   887        A          1592             1            1599          1600             7   95
887   888        B          1594             3            1600          1603             6   95
888   889        B          1597             2            1597          1599             0   90
889   890        B          1597             2            1603          1605             6   95
890   891        C          1598             5            1598          1603             0  Gas
891   892        C          1600             7            1603          1610             3  Gas
892   893        C          1602             7            1610          1617             8  Gas
893   894        B          1605             2            1605          1607             0   95
894   895        C          1607             5            1617          1622            10  Gas
895   896        A          1610             3            1610          1613             0   95
896   897        B          1611             3            1613          1616             2   95
897   898        C          1611             7            1622          1629            11  Gas
898   899        C          1613             3            1629          1632            16  Gas
899   900        C          1616             5            1632          1637            16  Gas
900   901        A          1619             2            1619          1621             0   95
901   902        B          1619             1            1621          1622             2   95
902   903        C          1619             5            1637          1642            18  Gas
903   904        C          1620             7            1642          1649            22  Gas
904   905        B          1622             3            1622          1625             0   95
905   906        C          1624             5            1649          1654            25  Gas
906   907        A          1625             1            1625          1626             0   95
907   908        B          1628             1            1628          1629             0   95
908   909        A          1628             2            1629          1631             1   95
909   910        A          1631             1            1631          1632             0   95
910   911        C          1631             7            1654          1661            23  Gas
911   912        C          1632             3            1661          1664            29  Gas
912   913        C          1635             5            1664          1669            29  Gas
913   914        C          1635             5            1635          1640             0   90
914   915        C          1636             5            1640          1645             4   90
915   916        B          1636             3            1645          1648             9   90
916   917        B          1639             3            1648          1651             9   90
917   918        C          1639             5            1651          1656            12   90
918   919        B          1642             1            1642          1643             0   95
919   920        C          1644             5            1669          1674            25  Gas
920   921        C          1646             5            1674          1679            28  Gas
921   922        C          1646             5            1679          1684            33  Gas
922   923        C          1648             7            1656          1663             8   90
923   924        B          1650             3            1663          1666            13   90
924   925        B          1651             2            1651          1653             0   95
925   926        A          1653             2            1653          1655             0   95
926   927        C          1653             5            1666          1671            13   90
927   928        A          1654             3            1655          1658             1   95
928   929        C          1654             3            1684          1687            30  Gas
929   930        C          1655             7            1687          1694            32  Gas
930   931        C          1658             3            1671          1674            13   90
931   932        B          1660             2            1674          1676            14   90
932   933        C          1663             5            1694          1699            31  Gas
933   934        B          1666             3            1676          1679            10   90
934   935        B          1669             3            1679          1682            10   90
935   936        B          1670             3            1670          1673             0   95
936   937        C          1673             5            1699          1704            26  Gas
937   938        B          1673             3            1682          1685             9   90
938   939        C          1674             3            1685          1688            11   90
939   940        B          1675             3            1675          1678             0   95
940   941        A          1677             3            1678          1681             1   95
941   942        B          1677             1            1688          1689            11   90
942   943        B          1677             3            1681          1684             4   95
943   944        C          1679             5            1704          1709            25  Gas
944   945        B          1682             3            1689          1692             7   90
945   946        B          1685             3            1685          1688             0   95
946   947        B          1688             3            1688          1691             0   95
947   948        B          1689             3            1691          1694             2   95
948   949        C          1690             3            1692          1695             2   90
949   950        C          1693             5            1709          1714            16  Gas
950   951        C          1694             5            1714          1719            20  Gas
951   952        B          1697             3            1697          1700             0   95
952   953        B          1700             1            1700          1701             0   90
953   954        B          1703             2            1703          1705             0   95
954   955        C          1703             5            1719          1724            16  Gas
955   956        B          1705             3            1705          1708             0   90
956   957        C          1706             5            1724          1729            18  Gas
957   958        A          1709             2            1709          1711             0   95
958   959        B          1712             2            1712          1714             0   95
959   960        C          1713             7            1713          1720             0   90
960   961        C          1716             5            1729          1734            13  Gas
961   962        B          1717             3            1720          1723             3   90
962   963        B          1717             3            1717          1720             0   95
963   964        B          1718             3            1723          1726             5   90
964   965        C          1718             7            1726          1733             8   90
965   966        C          1719             5            1734          1739            15  Gas
966   967        C          1721             5            1739          1744            18  Gas
967   968        C          1722             7            1744          1751            22  Gas
968   969        A          1722             2            1722          1724             0   95
969   970        B          1722             3            1733          1736            11   90
970   971        A          1725             1            1725          1726             0   95
971   972        C          1727             7            1736          1743             9   90
972   973        B          1729             2            1729          1731             0   95
973   974        B          1732             3            1732          1735             0   95
974   975        B          1734             2            1743          1745             9   90
975   976        A          1735             3            1735          1738             0   95
976   977        C          1738             5            1745          1750             7   90
977   978        C          1739             5            1751          1756            12  Gas
978   979        B          1742             3            1742          1745             0   95
979   980        B          1742             3            1745          1748             3   95
980   981        B          1745             2            1748          1750             3   95
981   982        A          1748             3            1750          1753             2   95
982   983        B          1748             3            1753          1756             5   95
983   984        C          1748             5            1750          1755             2   90
984   985        A          1751             1            1756          1757             5   95
985   986        C          1752             5            1756          1761             4  Gas
986   987        C          1752             7            1761          1768             9  Gas
987   988        B          1755             3            1757          1760             2   95
988   989        B          1758             3            1760          1763             2   95
989   990        A          1759             3            1763          1766             4   95
990   991        B          1762             2            1762          1764             0   90
991   992        C          1764             7            1768          1775             4  Gas
992   993        A          1764             3            1766          1769             2   95
993   994        C          1767             7            1775          1782             8  Gas
994   995        C          1768             7            1768          1775             0   90
995   996        A          1770             3            1770          1773             0   95
996   997        B          1772             3            1773          1776             1   95
997   998        B          1772             1            1776          1777             4   95
998   999        C          1774             5            1782          1787             8  Gas
999  1000        B          1776             3            1777          1780             1   95