      Car Category  Arrival Time  Service Time  Service Begins  Service Ends  Waiting Time Pump
0       1        A             3             3               3             6             0   95
1       2        B             5             1               5             6             0   90
2       3        A             5             3               6             9             1   95
3       4        A             8             3               9            12             1   95
4       5        A            10             1              12            13             2   95
5       6        B            13             3              13            16             0   90
6       7        C            14             5              14            19             0  Gas
7       8        B            17             2              17            19             0   90
8       9        C            18             5              19            24             1  Gas
9      10        A            18             2              18            20             0   95
10     11        B            20             3              20            23             0   90
11     12        B            21             3              23            26             2   90
12     13        B            23             2              23            25             0   95
13     14        B            25             3              25            28             0   95
14     15        A            26             2              28            30             2   95
15     16        C            27             5              27            32             0  Gas
16     17        C            30             5              32            37             2  Gas
17     18        C            31             5              37            42             6  Gas
18     19        A            32             1              32            33             0   95
19     20        B            35             1              35            36             0   90
20     21        C            35             3              42            45             7  Gas
21     22        C            38             5              38            43             0   90
22     23        C            40             5              45            50             5  Gas
23     24        C            41             5              50            55             9  Gas
24     25        B            41             2              41            43             0   95
25     26        C            43             5              55            60            12  Gas
26     27        B            45             3              45            48             0   90
27     28        B            45             1              45            46             0   95
28     29        B            45             3              48            51             3   90
29     30        B            47             3              47            50             0   95
30     31        B            50             2              50            52             0   95
31     32        C            52             5              60            65             8  Gas
32     33        B            52             3              52            55             0   90
33     34        C            55             5              65            70            10  Gas
34     35        C            57             5              57            62             0   90
35     36        A            60             1              60            61             0   95
36     37        C            61             7              62            69             1   90
37     38        C            61             3              69            72             8   90
38     39        B            61             1              72            73            11   90
39     40        B            62             3              62            65             0   95
40     41        C            65             7              73            80             8   90
41     42        C            67             7              80            87            13   90
42     43        C            67             5              70            75             3  Gas
43     44        C            70             5              75            80             5  Gas
44     45        C            71             5              80            85             9  Gas
45     46        B            73             3              73            76             0   95
46     47        A            74             2              76            78             2   95
47     48        C            75             5              85            90            10  Gas
48     49        B            77             1              87            88            10   90
49     50        C            79             7              88            95             9   90
50     51        C            81             5              90            95             9  Gas
51     52        A            82             3              82            85             0   95
52     53        B            85             1              95            96            10   90
53     54        C            85             5              96           101            11   90
54     55        B            87             1              87            88             0   95
55     56        B            88             2              88            90             0   95
56     57        A            90             3              90            93             0   95
57     58        A            91             1              93            94             2   95
58     59        B            94             2              94            96             0   95
59     60        B            96             3              96            99             0   95
60     61        A            96             2              99           101             3   95
61     62        C            99             7             101           108             2   90
62     63        C           102             7             102           109             0  Gas
63     64        C           102             7             108           115             6   90
64     65        B           102             3             102           105             0   95
65     66        C           103             3             109           112             6  Gas
66     67        C           106             5             112           117             6  Gas
67     68        A           108             2             108           110             0   95
68     69        A           110             2             110           112             0   95
69     70        C           110             5             115           120             5   90
70     71        C           112             5             117           122             5  Gas
71     72        C           115             7             122           129             7  Gas
72     73        B           116             3             120           123             4   90
73     74        A           119             1             119           120             0   95
74     75        C           121             5             123           128             2   90
75     76        C           124             7             128           135             4   90
76     77        A           127             2             127           129             0   95
77     78        B           129             3             129           132             0   95
78     79        C           131             7             135           142             4   90
79     80        C           132             5             142           147            10   90
80     81        C           132             5             147           152            15   90
81     82        C           134             5             152           157            18   90
82     83        B           137             3             157           160            20   90
83     84        C           140             7             160           167            20   90
84     85        B           141             3             167           170            26   90
85     86        A           144             3             144           147             0   95
86     87        B           147             3             147           150             0   95
87     88        C           149             5             170           175            21   90
88     89        A           151             1             151           152             0   95
89     90        C           152             7             152           159             0  Gas
90     91        A           152             2             152           154             0   95
91     92        B           153             3             154           157             1   95
92     93        B           154             3             175           178            21   90
93     94        C           157             3             159           162             2  Gas
94     95        A           160             3             160           163             0   95
95     96        C           162             5             162           167             0  Gas
96     97        B           163             2             178           180            15   90
97     98        B           166             1             166           167             0   95
98     99        B           169             2             169           171             0   95
99    100        B           169             1             180           181            11   90
100   101        C           171             5             181           186            10   90
101   102        C           172             7             186           193            14   90
102   103        B           174             3             174           177             0   95
103   104        B           177             3             193           196            16   90
104   105        C           177             3             177           180             0  Gas
105   106        C           180             7             180           187             0  Gas
106   107        B           181             1             181           182             0   95
107   108        A           183             1             183           184             0   95
108   109        B           183             3             184           187             1   95
109   110        C           186             3             187           190             1  Gas
110   111        C           189             5             196           201             7   90
111   112        A           191             2             191           193             0   95
112   113        A           194             3             194           197             0   95
113   114        B           195             3             197           200             2   95
114   115        B           198             3             200           203             2   95
115   116        B           198             2             201           203             3   90
116   117        A           200             3             203           206             3   95
117   118        C           200             5             203           208             3   90
118   119        C           203             7             208           215             5   90
119   120        B           203             2             215           217            12   90
120   121        C           205             5             205           210             0  Gas
121   122        A           208             1             208           209             0   95
122   123        A           211             1             211           212             0   95
123   124        C           211             7             211           218             0  Gas
124   125        A           212             1             212           213             0   95
125   126        C           215             7             218           225             3  Gas
126   127        A           216             1             216           217             0   95
127   128        B           219             2             219           221             0   95
128   129        C           222             3             222           225             0   90
129   130        A           224             1             224           225             0   95
130   131        C           225             5             225           230             0  Gas
131   132        B           226             1             226           227             0   95
132   133        A           226             2             227           229             1   95
133   134        A           228             3             229           232             1   95
134   135        C           230             7             230           237             0   90
135   136        B           231             2             237           239             6   90
136   137        C           234             5             234           239             0  Gas
137   138        B           237             2             239           241             2   90
138   139        A           240             1             240           241             0   95
139   140        A           241             3             241           244             0   95
140   141        B           242             2             244           246             2   95
141   142        B           243             1             246           247             3   95
142   143        A           243             3             247           250             4   95
143   144        A           246             3             250           253             4   95
144   145        C           246             7             246           253             0   90
145   146        A           249             2             253           255             4   95
146   147        B           251             3             253           256             2   90
147   148        C           252             5             256           261             4   90
148   149        C           252             7             252           259             0  Gas
149   150        B           252             1             261           262             9   90
150   151        C           253             5             259           264             6  Gas
151   152        B           255             3             255           258             0   95
152   153        C           258             5             264           269             6  Gas
153   154        C           261             7             269           276             8  Gas
154   155        B           264             3             264           267             0   95
155   156        C           267             7             276           283             9  Gas
156   157        B           269             2             269           271             0   95
157   158        A           272             3             272           275             0   95
158   159        B           274             3             274           277             0   90
159   160        A           275             3             275           278             0   95
160   161        C           275             7             277           284             2   90
161   162        A           276             3             278           281             2   95
162   163        C           279             5             284           289             5   90
163   164        B           281             3             281           284             0   95
164   165        C           284             5             284           289             0  Gas
165   166        A           287             3             287           290             0   95
166   167        B           289             2             289           291             0   90
167   168        C           292             7             292           299             0  Gas
168   169        C           294             7             299           306             5  Gas
169   170        C           297             3             306           309             9  Gas
170   171        C           299             7             309           316            10  Gas
171   172        C           301             5             316           321            15  Gas
172   173        C           304             7             321           328            17  Gas
173   174        C           305             5             328           333            23  Gas
174   175        B           306             2             306           308             0   95
175   176        B           307             2             307           309             0   90
176   177        C           308             3             309           312             1   90
177   178        C           310             5             312           317             2   90
178   179        B           312             3             312           315             0   95
179   180        C           315             5             317           322             2   90
180   181        C           317             3             333           336            16  Gas
181   182        C           318             7             336           343            18  Gas
182   183        C           321             7             343           350            22  Gas
183   184        A           321             1             321           322             0   95
184   185        B           322             3             322           325             0   95
185   186        A           324             1             325           326             1   95
186   187        C           327             5             327           332             0   90
187   188        B           328             3             332           335             4   90
188   189        B           328             1             328           329             0   95
189   190        A           330             3             330           333             0   95
190   191        C           333             7             350           357            17  Gas
191   192        B           334             3             334           337             0   95
192   193        C           335             3             335           338             0   90
193   194        C           338             3             357           360            19  Gas
194   195        A           339             2             339           341             0   95
195   196        C           341             7             341           348             0   90
196   197        A           344             2             344           346             0   95
197   198        B           347             1             347           348             0   95
198   199        C           350             3             350           353             0   90
199   200        C           352             5             353           358             1   90
200   201        B           355             3             355           358             0   95
201   202        B           358             2             358           360             0   95
202   203        C           361             5             361           366             0  Gas
203   204        A           362             3             362           365             0   95
204   205        A           362             2             365           367             3   95
205   206        C           365             3             366           369             1  Gas
206   207        A           366             2             367           369             1   95
207   208        B           367             2             367           369             0   90
208   209        B           367             3             369           372             2   95
209   210        B           367             1             372           373             5   95
210   211        B           368             1             373           374             5   95
211   212        B           371             2             374           376             3   95
212   213        A           372             3             376           379             4   95
213   214        C           375             7             375           382             0  Gas
214   215        B           375             3             379           382             4   95
215   216        B           378             3             378           381             0   90
216   217        B           378             1             382           383             4   95
217   218        B           379             3             383           386             4   95
218   219        A           382             1             386           387             4   95
219   220        C           382             7             382           389             0  Gas
220   221        C           382             5             389           394             7  Gas
221   222        C           385             3             394           397             9  Gas
222   223        B           387             3             387           390             0   95
223   224        C           388             3             397           400             9  Gas
224   225        C           390             3             390           393             0   90
225   226        A           391             2             391           393             0   95
226   227        C           394             3             400           403             6  Gas
227   228        C           397             5             397           402             0   90
228   229        A           398             2             398           400             0   95
229   230        B           398             2             402           404             4   90
230   231        B           401             2             401           403             0   95
231   232        A           402             2             403           405             1   95
232   233        B           403             1             404           405             1   90
233   234        A           405             2             405           407             0   95
234   235        B           406             3             407           410             1   95
235   236        B           408             3             408           411             0   90
236   237        C           411             5             411           416             0   90
237   238        C           413             5             413           418             0  Gas
238   239        A           415             3             415           418             0   95
239   240        C           418             5             418           423             0   90
240   241        C           421             7             421           428             0  Gas
241   242        B           422             3             423           426             1   90
242   243        A           423             3             423           426             0   95
243   244        C           425             3             428           431             3  Gas
244   245        C           427             3             431           434             4  Gas
245   246        B           427             3             427           430             0   95
246   247        C           428             5             434           439             6  Gas
247   248        A           428             2             430           432             2   95
248   249        C           431             5             431           436             0   90
249   250        A           434             3             434           437             0   95
250   251        C           437             7             437           444             0   90
251   252        B           439             1             439           440             0   95
252   253        C           440             3             440           443             0  Gas
253   254        C           440             7             444           451             4   90
254   255        B           440             3             451           454            11   90
255   256        C           443             5             454           459            11   90
256   257        A           446             3             446           449             0   95
257   258        B           449             2             449           451             0   95
258   259        B           452             3             452           455             0   95
259   260        A           453             2             455           457             2   95
260   261        B           454             3             457           460             3   95
261   262        C           456             3             459           462             3   90
262   263        C           459             7             459           466             0  Gas
263   264        A           460             3             460           463             0   95
264   265        A           463             3             463           466             0   95
265   266        C           466             7             466           473             0  Gas
266   267        C           468             3             468           471             0   90
267   268        A           470             2             470           472             0   95
268   269        B           473             3             473           476             0   95
269   270        A           476             1             476           477             0   95
270   271        C           479             3             479           482             0  Gas
271   272        B           479             1             479           480             0   95
272   273        A           482             2             482           484             0   95
273   274        C           483             5             483           488             0  Gas
274   275        C           485             5             488           493             3  Gas
275   276        A           485             2             485           487             0   95
276   277        B           488             3             488           491             0   95
277   278        A           488             2             491           493             3   95
278   279        A           491             3             493           496             2   95
279   280        A           494             3             496           499             2   95
280   281        C           495             7             495           502             0  Gas
281   282        C           495             5             502           507             7  Gas
282   283        C           498             5             507           512             9  Gas
283   284        C           500             7             512           519            12  Gas
284   285        A           502             3             502           505             0   95
285   286        B           503             3             505           508             2   95
286   287        C           506             7             519           526            13  Gas
287   288        C           509             7             526           533            17  Gas
288   289        C           509             5             533           538            24  Gas
289   290        A           510             3             510           513             0   95
290   291        A           510             3             513           516             3   95
291   292        B           510             3             510           513             0   90
292   293        C           513             5             538           543            25  Gas
293   294        A           513             1             516           517             3   95
294   295        C           516             5             543           548            27  Gas
295   296        C           517             7             517           524             0   90
296   297        A           519             3             519           522             0   95
297   298        A           522             3             522           525             0   95
298   299        C           525             3             548           551            23  Gas
299   300        B           528             2             528           530             0   90
300   301        B           529             1             529           530             0   95
301   302        B           531             1             531           532             0   90
302   303        B           533             1             533           534             0   95
303   304        B           533             3             534           537             1   95
304   305        A           534             3             537           540             3   95
305   306        B           535             2             535           537             0   90
306   307        B           536             1             540           541             4   95
307   308        A           538             3             541           544             3   95
308   309        A           541             1             544           545             3   95
309   310        B           543             2             545           547             2   95
310   311        C           546             3             546           549             0   90
311   312        B           548             2             548           550             0   95
312   313        C           548             3             549           552             1   90
313   314        A           550             1             550           551             0   95
314   315        C           551             5             551           556             0  Gas
315   316        B           554             1             554           555             0   95
316   317        B           556             3             556           559             0   95
317   318        C           557             7             557           564             0   90
318   319        C           558             5             558           563             0  Gas
319   320        B           560             2             560           562             0   95
320   321        C           560             7             564           571             4   90
321   322        B           561             2             562           564             1   95
322   323        B           564             2             564           566             0   95
323   324        A           565             2             566           568             1   95
324   325        C           567             3             571           574             4   90
325   326        C           567             7             574           581             7   90
326   327        B           568             2             581           583            13   90
327   328        C           568             5             568           573             0  Gas
328   329        C           569             5             573           578             4  Gas
329   330        B           571             3             571           574             0   95
330   331        B           572             3             583           586            11   90
331   332        C           573             5             578           583             5  Gas
332   333        C           576             7             583           590             7  Gas
333   334        C           579             7             590           597            11  Gas
334   335        B           582             3             586           589             4   90
335   336        A           585             3             585           588             0   95
336   337        C           585             7             597           604            12  Gas
337   338        A           586             1             588           589             2   95
338   339        C           587             3             589           592             2   90
339   340        A           589             3             589           592             0   95
340   341        B           592             1             592           593             0   90
341   342        B           593             3             593           596             0   95
342   343        B           594             2             594           596             0   90
343   344        C           594             7             604           611            10  Gas
344   345        C           597             3             611           614            14  Gas
345   346        C           600             5             614           619            14  Gas
346   347        A           602             3             602           605             0   95
347   348        C           605             7             619           626            14  Gas
348   349        C           608             5             626           631            18  Gas
349   350        A           609             3             609           612             0   95
350   351        B           611             1             612           613             1   95
351   352        A           612             2             613           615             1   95
352   353        C           614             5             614           619             0   90
353   354        A           616             2             616           618             0   95
354   355        C           619             7             631           638            12  Gas
355   356        B           619             2             619           621             0   95
356   357        A           621             1             621           622             0   95
357   358        C           622             7             622           629             0   90
358   359        C           625             7             638           645            13  Gas
359   360        B           625             3             629           632             4   90
360   361        A           628             3             628           631             0   95
361   362        C           629             5             645           650            16  Gas
362   363        B           629             2             631           633             2   95
363   364        B           631             1             633           634             2   95
364   365        C           631             5             632           637             1   90
365   366        A           632             3             634           637             2   95
366   367        C           633             3             637           640             4   90
367   368        C           635             5             650           655            15  Gas
368   369        B           636             3             637           640             1   95
369   370        C           639             7             655           662            16  Gas
370   371        B           640             3             640           643             0   95
371   372        C           643             5             662           667            19  Gas
372   373        C           645             5             645           650             0   90
373   374        B           645             1             645           646             0   95
374   375        C           648             5             667           672            19  Gas
375   376        A           648             1             648           649             0   95
376   377        C           651             5             651           656             0   90
377   378        C           654             3             656           659             2   90
378   379        C           656             3             672           675            16  Gas
379   380        A           657             1             657           658             0   95
380   381        A           659             3             659           662             0   95
381   382        A           660             3             662           665             2   95
382   383        C           660             5             660           665             0   90
383   384        C           662             7             675           682            13  Gas
384   385        B           664             3             665           668             1   95
385   386        C           664             7             665           672             1   90
386   387        A           666             1             668           669             2   95
387   388        B           667             3             672           675             5   90
388   389        C           670             3             682           685            12  Gas
389   390        B           671             1             675           676             4   90
390   391        B           672             3             672           675             0   95
391   392        B           674             2             676           678             2   90
392   393        B           677             3             678           681             1   90
393   394        B           679             1             679           680             0   95
394   395        B           682             2             682           684             0   95
395   396        C           684             5             685           690             1  Gas
396   397        C           685             5             690           695             5  Gas
397   398        C           687             5             687           692             0   90
398   399        B           688             1             688           689             0   95
399   400        B           690             3             692           695             2   90
400   401        B           693             1             693           694             0   95
401   402        B           693             3             694           697             1   95
402   403        B           694             1             697           698             3   95
403   404        C           694             3             695           698             1   90
404   405        B           696             2             698           700             2   95
405   406        B           696             2             700           702             4   95
406   407        C           697             5             697           702             0  Gas
407   408        C           699             3             702           705             3  Gas
408   409        C           701             5             705           710             4  Gas
409   410        C           704             5             704           709             0   90
410   411        B           704             3             704           707             0   95
411   412        B           704             3             709           712             5   90
412   413        B           707             3             712           715             5   90
413   414        A           709             1             709           710             0   95
414   415        B           712             1             715           716             3   90
415   416        B           713             2             713           715             0   95
416   417        B           716             2             716           718             0   90
417   418        B           716             3             716           719             0   95
418   419        C           719             3             719           722             0   90
419   420        A           720             3             720           723             0   95
420   421        B           720             2             723           725             3   95
421   422        A           722             3             725           728             3   95
422   423        B           724             3             728           731             4   95
423   424        A           727             3             731           734             4   95
424   425        C           729             5             729           734             0  Gas
425   426        B           731             2             731           733             0   90
426   427        C           732             5             733           738             1   90
427   428        B           733             3             734           737             1   95
428   429        C           736             3             738           741             2   90
429   430        A           736             3             737           740             1   95
430   431        C           738             5             738           743             0  Gas
431   432        C           741             5             743           748             2  Gas
432   433        C           743             7             748           755             5  Gas
433   434        C           744             5             755           760            11  Gas
434   435        C           745             7             760           767            15  Gas
435   436        B           748             3             748           751             0   95
436   437        B           750             3             750           753             0   90
437   438        C           753             5             767           772            14  Gas
438   439        B           754             3             754           757             0   95
439   440        B           756             3             756           759             0   90
440   441        C           759             5             772           777            13  Gas
441   442        C           761             3             777           780            16  Gas
442   443        A           761             3             761           764             0   95
443   444        A           762             3             764           767             2   95
444   445        B           764             2             767           769             3   95
445   446        C           766             7             780           787            14  Gas
446   447        C           769             5             787           792            18  Gas
447   448        A           772             3             772           775             0   95
448   449        B           774             2             775           777             1   95
449   450        C           777             5             792           797            15  Gas
450   451        B           777             2             777           779             0   95
451   452        A           778             3             779           782             1   95
452   453        A           780             3             782           785             2   95
453   454        B           780             3             785           788             5   95
454   455        A           783             3             788           791             5   95
455   456        C           783             5             797           802            14  Gas
456   457        B           783             3             791           794             8   95
457   458        B           786             2             786           788             0   90
458   459        B           788             3             788           791             0   90
459   460        C           789             3             802           805            13  Gas
460   461        C           791             7             805           812            14  Gas
461   462        C           793             5             812           817            19  Gas
462   463        B           795             3             795           798             0   95
463   464        B           797             2             798           800             1   95
464   465        B           798             3             800           803             2   95
465   466        A           798             3             803           806             5   95
466   467        C           800             7             817           824            17  Gas
467   468        A           802             3             806           809             4   95
468   469        B           804             1             809           810             5   95
469   470        C           807             5             807           812             0   90
470   471        C           808             5             824           829            16  Gas
471   472        C           809             7             829           836            20  Gas
472   473        A           812             3             812           815             0   95
473   474        B           815             3             815           818             0   90
474   475        C           818             7             818           825             0   90
475   476        C           821             5             836           841            15  Gas
476   477        A           824             3             824           827             0   95
477   478        C           827             3             827           830             0   90
478   479        C           827             5             830           835             3   90
479   480        C           828             5             841           846            13  Gas
480   481        A           829             2             829           831             0   95
481   482        C           832             5             835           840             3   90
482   483        A           835             2             835           837             0   95
483   484        A           836             1             837           838             1   95
484   485        B           837             3             838           841             1   95
485   486        B           838             3             840           843             2   90
486   487        C           841             5             843           848             2   90
487   488        B           843             2             848           850             5   90
488   489        C           845             7             846           853             1  Gas
489   490        B           848             1             848           849             0   95
490   491        A           851             3             851           854             0   95
491   492        A           851             2             854           856             3   95
492   493        B           851             2             856           858             5   95
493   494        B           851             1             858           859             7   95
494   495        C           853             7             853           860             0   90
495   496        B           855             3             859           862             4   95
496   497        C           855             3             860           863             5   90
497   498        A           858             1             862           863             4   95
498   499        B           860             3             863           866             3   95
499   500        B           861             2             866           868             5   95
500   501        B           864             2             868           870             4   95
501   502        B           865             2             865           867             0   90
502   503        C           867             5             867           872             0  Gas
503   504        C           868             7             868           875             0   90
504   505        C           868             7             872           879             4  Gas
505   506        B           868             3             870           873             2   95
506   507        C           868             7             875           882             7   90
507   508        A           869             1             873           874             4   95
508   509        B           870             1             882           883            12   90
509   510        A           870             2             874           876             4   95
510   511        B           873             3             876           879             3   95
511   512        A           876             3             879           882             3   95
512   513        C           877             5             879           884             2  Gas
513   514        B           877             2             883           885             6   90
514   515        A           878             2             882           884             4   95
515   516        A           880             3             884           887             4   95
516   517        B           880             1             887           888             7   95
517   518        C           881             3             884           887             3  Gas
518   519        B           881             1             885           886             4   90
519   520        A           881             3             888           891             7   95
520   521        A           881             2             891           893            10   95
521   522        A           883             3             893           896            10   95
522   523        A           886             2             896           898            10   95
523   524        B           889             3             898           901             9   95
524   525        C           890             5             890           895             0   90
525   526        B           891             2             901           903            10   95
526   527        A           894             2             903           905             9   95
527   528        B           894             1             905           906            11   95
528   529        C           896             5             896           901             0  Gas
529   530        B           898             3             906           909             8   95
530   531        A           900             1             909           910             9   95
531   532        B           900             2             910           912            10   95
532   533        B           902             3             912           915            10   95
533   534        B           902             3             915           918            13   95
534   535        C           903             3             903           906             0   90
535   536        C           903             3             903           906             0  Gas
536   537        A           906             3             918           921            12   95
537   538        B           909             2             909           911             0   90
538   539        C           910             5             910           915             0  Gas
539   540        C           912             5             912           917             0   90
540   541        B           913             3             921           924             8   95
541   542        A           914             3             924           927            10   95
542   543        C           914             3             917           920             3   90
543   544        A           915             3             927           930            12   95
544   545        B           918             2             920           922             2   90
545   546        C           919             5             919           924             0  Gas
546   547        C           921             7             924           931             3  Gas
547   548        C           924             5             931           936             7  Gas
548   549        C           924             5             924           929             0   90
549   550        C           927             3             936           939             9  Gas
550   551        B           930             3             930           933             0   95
551   552        C           933             5             933           938             0   90
552   553        C           936             5             938           943             2   90
553   554        B           939             1             943           944             4   90
554   555        B           942             2             942           944             0   95
555   556        C           945             5             945           950             0  Gas
556   557        B           948             3             948           951             0   95
557   558        A           949             2             951           953             2   95
558   559        C           950             7             950           957             0  Gas
559   560        B           953             3             953           956             0   90
560   561        B           953             1             956           957             3   90
561   562        C           953             5             957           962             4  Gas
562   563        C           955             7             962           969             7  Gas
563   564        B           956             3             956           959             0   95
564   565        B           958             3             959           962             1   95
565   566        C           959             7             959           966             0   90
566   567        B           960             3             962           965             2   95
567   568        B           961             1             966           967             5   90
568   569        B           962             1             967           968             5   90
569   570        C           962             5             969           974             7  Gas
570   571        A           965             2             965           967             0   95
571   572        C           967             3             968           971             1   90
572   573        A           967             3             967           970             0   95
573   574        A           968             1             970           971             2   95
574   575        B           969             1             971           972             2   95
575   576        C           971             5             971           976             0   90
576   577        A           973             3             973           976             0   95
577   578        B           973             2             976           978             3   95
578   579        C           973             7             976           983             3   90
579   580        B           973             2             978           980             5   95
580   581        A           976             1             980           981             4   95
581   582        A           979             3             981           984             2   95
582   583        B           981             3             984           987             3   95
583   584        C           981             5             983           988             2   90
584   585        A           984             3             987           990             3   95
585   586        C           984             7             984           991             0  Gas
586   587        C           986             3             991           994             5  Gas
587   588        A           987             2             990           992             3   95
588   589        C           988             7             994          1001             6  Gas
589   590        C           991             5             991           996             0   90
590   591        C           993             5             996          1001             3   90
591   592        A           993             1             993           994             0   95
592   593        C           996             5            1001          1006             5   90
593   594        A           998             3             998          1001             0   95
594   595        C           999             7            1001          1008             2  Gas
595   596        C          1002             7            1006          1013             4   90
596   597        C          1003             3            1008          1011             5  Gas
597   598        C          1003             3            1011          1014             8  Gas
598   599        B          1003             1            1013          1014            10   90
599   600        B          1005             2            1005          1007             0   95
600   601        C          1006             5            1014          1019             8   90
601   602        B          1009             3            1009          1012             0   95
602   603        C          1012             5            1014          1019             2  Gas
603   604        B          1015             2            1019          1021             4   90
604   605        B          1015             3            1015          1018             0   95
605   606        C          1016             3            1019          1022             3  Gas
606   607        B          1018             1            1018          1019             0   95
607   608        B          1018             3            1019          1022             1   95
608   609        B          1021             1            1021          1022             0   90
609   610        A          1024             3            1024          1027             0   95
610   611        B          1027             2            1027          1029             0   90
611   612        A          1028             3            1028          1031             0   95
612   613        A          1029             3            1031          1034             2   95
613   614        A          1030             3            1034          1037             4   95
614   615        A          1033             3            1037          1040             4   95
615   616        A          1035             3            1040          1043             5   95
616   617        C          1038             5            1038          1043             0  Gas
617   618        C          1040             7            1040          1047             0   90
618   619        B          1042             3            1043          1046             1   95
619   620        A          1044             2            1046          1048             2   95
620   621        C          1044             3            1044          1047             0  Gas
621   622        C          1046             3            1047          1050             1   90
622   623        C          1047             5            1047          1052             0  Gas
623   624        B          1048             3            1050          1053             2   90
624   625        C          1048             5            1052          1057             4  Gas
625   626        B          1051             1            1051          1052             0   95
626   627        B          1051             2            1052          1054             1   95
627   628        C          1051             5            1057          1062             6  Gas
628   629        A          1053             1            1054          1055             1   95
629   630        A          1053             3            1055          1058             2   95
630   631        C          1056             5            1056          1061             0   90
631   632        C          1058             5            1061          1066             3   90
632   633        C          1058             5            1062          1067             4  Gas
633   634        C          1061             5            1067          1072             6  Gas
634   635        C          1064             5            1066          1071             2   90
635   636        A          1065             3            1065          1068             0   95
636   637        A          1065             1            1068          1069             3   95
637   638        B          1066             3            1071          1074             5   90
638   639        A          1067             3            1069          1072             2   95
639   640        B          1068             3            1072          1075             4   95
640   641        B          1070             3            1075          1078             5   95
641   642        C          1073             7            1073          1080             0  Gas
642   643        C          1076             5            1076          1081             0   90
643   644        B          1076             1            1078          1079             2   95
644   645        C          1076             7            1080          1087             4  Gas
645   646        B          1076             1            1079          1080             3   95
646   647        C          1079             5            1087          1092             8  Gas
647   648        B          1081             3            1081          1084             0   90
648   649        C          1084             7            1092          1099             8  Gas
649   650        B          1086             2            1086          1088             0   95
650   651        B          1087             3            1087          1090             0   90
651   652        A          1088             2            1088          1090             0   95
652   653        C          1091             7            1091          1098             0   90
653   654        A          1094             3            1094          1097             0   95
654   655        C          1096             7            1098          1105             2   90
655   656        C          1096             5            1099          1104             3  Gas
656   657        B          1098             3            1098          1101             0   95
657   658        B          1099             3            1101          1104             2   95
658   659        C          1100             7            1105          1112             5   90
659   660        B          1102             2            1104          1106             2   95
660   661        C          1103             7            1112          1119             9   90
661   662        A          1106             2            1106          1108             0   95
662   663        B          1106             3            1108          1111             2   95
663   664        C          1108             7            1108          1115             0  Gas
664   665        A          1111             3            1111          1114             0   95
665   666        C          1112             5            1115          1120             3  Gas
666   667        A          1112             1            1114          1115             2   95
667   668        C          1115             7            1119          1126             4   90
668   669        C          1118             5            1120          1125             2  Gas
669   670        A          1121             3            1121          1124             0   95
670   671        B          1124             1            1124          1125             0   95
671   672        C          1124             7            1125          1132             1  Gas
672   673        C          1124             7            1132          1139             8  Gas
673   674        C          1125             7            1139          1146            14  Gas
674   675        B          1128             2            1128          1130             0   90
675   676        B          1131             2            1131          1133             0   90
676   677        B          1131             2            1133          1135             2   90
677   678        A          1131             2            1131          1133             0   95
678   679        C          1132             5            1146          1151            14  Gas
679   680        B          1132             2            1135          1137             3   90
680   681        B          1135             1            1137          1138             2   90
681   682        B          1137             3            1137          1140             0   95
682   683        A          1140             2            1140          1142             0   95
683   684        A          1142             3            1142          1145             0   95
684   685        C          1145             3            1151          1154             6  Gas
685   686        C          1145             7            1154          1161             9  Gas
686   687        B          1146             2            1146          1148             0   90
687   688        B          1147             3            1148          1151             1   90
688   689        A          1148             3            1148          1151             0   95
689   690        A          1151             3            1151          1154             0   95
690   691        C          1154             5            1161          1166             7  Gas
691   692        C          1156             5            1166          1171            10  Gas
692   693        A          1158             3            1158          1161             0   95
693   694        A          1159             3            1161          1164             2   95
694   695        B          1162             3            1164          1167             2   95
695   696        B          1164             3            1167          1170             3   95
696   697        A          1164             1            1170          1171             6   95
697   698        C          1164             3            1171          1174             7  Gas
698   699        A          1167             3            1171          1174             4   95
699   700        A          1170             1            1174          1175             4   95
700   701        B          1173             2            1173          1175             0   90
701   702        C          1175             7            1175          1182             0  Gas
702   703        A          1177             2            1177          1179             0   95
703   704        C          1180             7            1182          1189             2  Gas
704   705        B          1183             3            1183          1186             0   95
705   706        C          1184             7            1189          1196             5  Gas
706   707        B          1187             2            1187          1189             0   90
707   708        A          1190             3            1190          1193             0   95
708   709        B          1193             2            1193          1195             0   95
709   710        B          1195             1            1195          1196             0   90
710   711        C          1197             7            1197          1204             0   90
711   712        B          1200             3            1200          1203             0   95
712   713        B          1201             1            1203          1204             2   95
713   714        B          1203             2            1204          1206             1   90
714   715        C          1206             5            1206          1211             0  Gas
715   716        C          1209             5            1211          1216             2  Gas
716   717        A          1212             3            1212          1215             0   95
717   718        C          1215             5            1215          1220             0   90
718   719        A          1217             3            1217          1220             0   95
719   720        C          1218             5            1220          1225             2   90
720   721        A          1220             3            1220          1223             0   95
721   722        A          1220             1            1223          1224             3   95
722   723        A          1223             2            1224          1226             1   95
723   724        C          1226             3            1226          1229             0  Gas
724   725        C          1228             5            1228          1233             0   90
725   726        A          1229             2            1229          1231             0   95
726   727        B          1230             1            1231          1232             1   95
727   728        A          1233             3            1233          1236             0   95
728   729        C          1234             5            1234          1239             0   90
729   730        C          1236             7            1239          1246             3   90
730   731        C          1236             3            1246          1249            10   90
731   732        C          1238             7            1249          1256            11   90
732   733        C          1241             5            1241          1246             0  Gas
733   734        B          1241             2            1256          1258            15   90
734   735        C          1242             3            1246          1249             4  Gas
735   736        A          1245             1            1245          1246             0   95
736   737        C          1245             5            1258          1263            13   90
737   738        B          1246             3            1246          1249             0   95
738   739        C          1249             5            1263          1268            14   90
739   740        A          1251             3            1251          1254             0   95
740   741        B          1253             1            1254          1255             1   95
741   742        B          1255             1            1268          1269            13   90
742   743        C          1258             3            1258          1261             0  Gas
743   744        B          1259             1            1259          1260             0   95
744   745        B          1262             3            1269          1272             7   90
745   746        C          1262             5            1262          1267             0  Gas
746   747        C          1263             3            1267          1270             4  Gas
747   748        C          1264             7            1272          1279             8   90
748   749        B          1265             3            1279          1282            14   90
749   750        C          1266             5            1282          1287            16   90
750   751        B          1269             2            1287          1289            18   90
751   752        B          1271             2            1271          1273             0   95
752   753        C          1273             3            1273          1276             0  Gas
753   754        C          1276             5            1289          1294            13   90
754   755        B          1279             2            1279          1281             0   95
755   756        B          1281             3            1281          1284             0   95
756   757        C          1284             7            1284          1291             0  Gas
757   758        C          1285             5            1291          1296             6  Gas
758   759        C          1286             3            1294          1297             8   90
759   760        A          1289             3            1289          1292             0   95
760   761        B          1290             1            1292          1293             2   95
761   762        B          1291             3            1293          1296             2   95
762   763        C          1293             7            1297          1304             4   90
763   764        B          1296             3            1296          1299             0   95
764   765        B          1298             1            1304          1305             6   90
765   766        B          1301             3            1305          1308             4   90
766   767        C          1304             5            1308          1313             4   90
767   768        A          1306             3            1306          1309             0   95
768   769        C          1309             7            1309          1316             0  Gas
769   770        B          1310             3            1310          1313             0   95
770   771        A          1310             3            1313          1316             3   95
771   772        C          1310             5            1313          1318             3   90
772   773        B          1313             2            1316          1318             3   95
773   774        C          1316             5            1318          1323             2   90
774   775        C          1317             7            1323          1330             6   90
775   776        C          1318             5            1330          1335            12   90
776   777        A          1321             1            1321          1322             0   95
777   778        B          1324             1            1335          1336            11   90
778   779        C          1324             5            1324          1329             0  Gas
779   780        C          1326             7            1329          1336             3  Gas
780   781        A          1326             3            1326          1329             0   95
781   782        B          1327             3            1336          1339             9   90
782   783        C          1327             3            1336          1339             9  Gas
783   784        C          1327             3            1339          1342            12  Gas
784   785        B          1330             2            1330          1332             0   95
785   786        A          1333             2            1333          1335             0   95
786   787        B          1333             3            1339          1342             6   90
787   788        C          1334             3            1342          1345             8  Gas
788   789        B          1335             2            1335          1337             0   95
789   790        A          1337             3            1337          1340             0   95
790   791        B          1340             3            1340          1343             0   95
791   792        B          1343             1            1343          1344             0   95
792   793        C          1344             7            1345          1352             1  Gas
793   794        A          1347             3            1347          1350             0   95
794   795        C          1348             5            1348          1353             0   90
795   796        B          1348             1            1353          1354             5   90
796   797        C          1349             5            1354          1359             5   90
797   798        A          1352             3            1352          1355             0   95
798   799        B          1353             1            1359          1360             6   90
799   800        C          1356             5            1356          1361             0  Gas
800   801        C          1359             5            1361          1366             2  Gas
801   802        B          1362             3            1362          1365             0   95
802   803        A          1365             3            1365          1368             0   95
803   804        C          1365             5            1366          1371             1  Gas
804   805        C          1365             5            1365          1370             0   90
805   806        C          1366             7            1371          1378             5  Gas
806   807        A          1367             1            1368          1369             1   95
807   808        B          1370             2            1370          1372             0   95
808   809        C          1370             5            1370          1375             0   90
809   810        B          1371             1            1372          1373             1   95
810   811        B          1371             2            1375          1377             4   90
811   812        B          1373             1            1377          1378             4   90
812   813        C          1375             5            1378          1383             3  Gas
813   814        C          1378             7            1383          1390             5  Gas
814   815        C          1378             7            1378          1385             0   90
815   816        C          1379             5            1390          1395            11  Gas
816   817        C          1381             7            1395          1402            14  Gas
817   818        B          1383             3            1383          1386             0   95
818   819        B          1385             1            1386          1387             1   95
819   820        C          1387             3            1402          1405            15  Gas
820   821        C          1390             5            1390          1395             0   90
821   822        B          1391             1            1391          1392             0   95
822   823        B          1393             3            1393          1396             0   95
823   824        C          1393             3            1395          1398             2   90
824   825        B          1393             2            1398          1400             5   90
825   826        C          1393             7            1400          1407             7   90
826   827        C          1393             7            1405          1412            12  Gas
827   828        B          1395             1            1407          1408            12   90
828   829        C          1398             7            1412          1419            14  Gas
829   830        B          1401             2            1401          1403             0   95
830   831        B          1402             3            1408          1411             6   90
831   832        B          1402             2            1403          1405             1   95
832   833        B          1405             3            1405          1408             0   95
833   834        B          1405             2            1408          1410             3   95
834   835        B          1408             3            1410          1413             2   95
835   836        B          1410             2            1413          1415             3   95
836   837        C          1411             3            1419          1422             8  Gas
837   838        A          1413             3            1415          1418             2   95
838   839        C          1416             7            1416          1423             0   90
839   840        C          1419             5            1422          1427             3  Gas
840   841        B          1421             3            1423          1426             2   90
841   842        B          1423             3            1423          1426             0   95
842   843        C          1426             7            1427          1434             1  Gas
843   844        C          1428             5            1434          1439             6  Gas
844   845        C          1429             7            1429          1436             0   90
845   846        C          1432             7            1436          1443             4   90
846   847        A          1435             3            1435          1438             0   95
847   848        B          1436             3            1438          1441             2   95
848   849        C          1439             5            1439          1444             0  Gas
849   850        C          1442             5            1443          1448             1   90
850   851        C          1445             7            1445          1452             0  Gas
851   852        C          1447             5            1448          1453             1   90
852   853        C          1448             5            1453          1458             5   90
853   854        C          1448             5            1458          1463            10   90
854   855        C          1448             3            1452          1455             4  Gas
855   856        B          1450             3            1450          1453             0   95
856   857        B          1452             2            1453          1455             1   95
857   858        C          1452             7            1455          1462             3  Gas
858   859        C          1455             7            1462          1469             7  Gas
859   860        A          1457             3            1457          1460             0   95
860   861        C          1460             5            1463          1468             3   90
861   862        C          1463             5            1468          1473             5   90
862   863        B          1463             3            1463          1466             0   95
863   864        C          1465             5            1469          1474             4  Gas
864   865        B          1468             2            1473          1475             5   90
865   866        C          1471             7            1475          1482             4   90
866   867        A          1474             3            1474          1477             0   95
867   868        C          1476             5            1476          1481             0  Gas
868   869        A          1479             1            1479          1480             0   95
869   870        C          1481             7            1481          1488             0  Gas
870   871        A          1483             3            1483          1486             0   95
871   872        B          1486             2            1486          1488             0   95
872   873        C          1488             3            1488          1491             0  Gas
873   874        A          1490             2            1490          1492             0   95
874   875        A          1491             1            1492          1493             1   95
875   876        B          1492             3            1493          1496             1   95
876   877        C          1495             5            1495          1500             0  Gas
877   878        C          1498             5            1498          1503             0   90
878   879        A          1500             3            1500          1503             0   95
879   880        C          1503             5            1503          1508             0  Gas
880   881        A          1504             3            1504          1507             0   95
881   882        B          1506             2            1507          1509             1   95
882   883        B          1508             3            1509          1512             1   95
883   884        C          1511             3            1511          1514             0  Gas
884   885        C          1511             5            1514          1519             3  Gas
885   886        C          1514             7            1514          1521             0   90
886   887        B          1514             3            1514          1517             0   95
887   888        C          1517             7            1519          1526             2  Gas
888   889        B          1518             3            1518          1521             0   95
889   890        C          1518             7            1526          1533             8  Gas
890   891        B          1521             2            1521          1523             0   95
891   892        C          1524             7            1533          1540             9  Gas
892   893        B          1527             1            1527          1528             0   90
893   894        A          1529             2            1529          1531             0   95
894   895        A          1531             2            1531          1533             0   95
895   896        A          1534             2            1534          1536             0   95
896   897        C          1537             7            1537          1544             0   90
897   898        C          1540             5            1540          1545             0  Gas
898   899        C          1543             5            1544          1549             1   90
899   900        C          1543             7            1549          1556             6   90
900   901        A          1544             3            1544          1547             0   95
901   902        A          1544             1            1547          1548             3   95
902   903        A          1545             3            1548          1551             3   95
903   904        A          1545             2            1551          1553             6   95
904   905        C          1546             3            1556          1559            10   90
905   906        C          1548             5            1548          1553             0  Gas
906   907        A          1551             3            1553          1556             2   95
907   908        A          1553             3            1556          1559             3   95
908   909        B          1556             3            1559          1562             3   90
909   910        C          1559             5            1562          1567             3   90
910   911        C          1561             5            1561          1566             0  Gas
911   912        C          1561             5            1566          1571             5  Gas
912   913        C          1562             7            1567          1574             5   90
913   914        C          1563             5            1571          1576             8  Gas
914   915        B          1565             3            1565          1568             0   95
915   916        B          1568             1            1568          1569             0   95
916   917        A          1571             3            1571          1574             0   95
917   918        C          1571             5            1576          1581             5  Gas
918   919        C          1572             3            1574          1577             2   90
919   920        A          1572             1            1574          1575             2   95
920   921        B          1575             3            1575          1578             0   95
921   922        B          1577             3            1578          1581             1   95
922   923        C          1579             5            1581          1586             2  Gas
923   924        C          1582             3            1586          1589             4  Gas
924   925        A          1582             1            1582          1583             0   95
925   926        C          1582             5            1589          1594             7  Gas
926   927        C          1582             7            1582          1589             0   90
927   928        C          1583             7            1594          1601            11  Gas
928   929        B          1585             3            1589          1592             4   90
929   930        C          1586             3            1601          1604            15  Gas
930   931        B          1589             3            1592          1595             3   90
931   932        B          1589             3            1595          1598             6   90
932   933        A          1589             1            1589          1590             0   95
933   934        B          1592             3            1592          1595             0   95
934   935        B          1593             2            1598          1600             5   90
935   936        C          1594             7            1604          1611            10  Gas
936   937        C          1596             5            1611          1616            15  Gas
937   938        C          1597             3            1600          1603             3   90
938   939        B          1599             2            1603          1605             4   90
939   940        B          1601             3            1605          1608             4   90
940   941        B          1603             1            1608          1609             5   90
941   942        C          1605             3            1616          1619            11  Gas
942   943        A          1605             1            1605          1606             0   95
943   944        C          1607             5            1619          1624            12  Gas
944   945        A          1609             2            1609          1611             0   95
945   946        B          1609             1            1611          1612             2   95
946   947        B          1609             3            1612          1615             3   95
947   948        C          1609             5            1609          1614             0   90
948   949        C          1612             5            1624          1629            12  Gas
949   950        C          1615             5            1629          1634            14  Gas
950   951        A          1617             2            1617          1619             0   95
951   952        A          1619             2            1619          1621             0   95
952   953        C          1621             5            1634          1639            13  Gas
953   954        C          1624             7            1639          1646            15  Gas
954   955        C          1625             3            1625          1628             0   90
955   956        C          1626             5            1646          1651            20  Gas
956   957        A          1627             3            1627          1630             0   95
957   958        B          1630             3            1630          1633             0   95
958   959        C          1630             3            1651          1654            21  Gas
959   960        C          1633             5            1654          1659            21  Gas
960   961        B          1635             3            1635          1638             0   95
961   962        A          1635             1            1638          1639             3   95
962   963        A          1635             3            1639          1642             4   95
963   964        C          1638             7            1659          1666            21  Gas
964   965        C          1639             5            1666          1671            27  Gas
965   966        B          1640             2            1640          1642             0   90
966   967        B          1643             2            1643          1645             0   90
967   968        A          1646             3            1646          1649             0   95
968   969        C          1648             5            1671          1676            23  Gas
969   970        C          1651             7            1651          1658             0   90
970   971        B          1652             3            1658          1661             6   90
971   972        C          1655             3            1676          1679            21  Gas
972   973        B          1656             3            1661          1664             5   90
973   974        A          1656             2            1656          1658             0   95
974   975        C          1659             3            1679          1682            20  Gas
975   976        C          1662             5            1682          1687            20  Gas
976   977        C          1665             7            1687          1694            22  Gas
977   978        B          1666             1            1666          1667             0   95
978   979        A          1666             1            1667          1668             1   95
979   980        A          1667             3            1668          1671             1   95
980   981        C          1669             5            1669          1674             0   90
981   982        A          1671             3            1671          1674             0   95
982   983        C          1673             5            1694          1699            21  Gas
983   984        B          1676             2            1676          1678             0   90
984   985        A          1678             3            1678          1681             0   95
985   986        B          1679             3            1681          1684             2   95
986   987        B          1680             2            1684          1686             4   95
987   988        B          1683             3            1686          1689             3   95
988   989        C          1685             7            1699          1706            14  Gas
989   990        C          1686             5            1686          1691             0   90
990   991        A          1689             2            1689          1691             0   95
991   992        B          1690             2            1691          1693             1   95
992   993        A          1693             2            1693          1695             0   95
993   994        A          1693             1            1695          1696             2   95
994   995        C          1696             5            1696          1701             0   90
995   996        C          1699             7            1706          1713             7  Gas
996   997        C          1702             5            1713          1718            11  Gas
997   998        B          1703             3            1703          1706             0   90
998   999        A          1706             3            1706          1709             0   95
999  1000        C          1706             7            1718          1725            12  Gas