      Car Category  Arrival Time  Service Time  Service Begins  Service Ends  Waiting Time Pump
0       1        A             1             3               1             4             0   95
1       2        A             3             2               4             6             1   95
2       3        C             5             5               5            10             0  Gas
3       4        C             8             5              10            15             2  Gas
4       5        B             8             1               8             9             0   90
5       6        B             8             3               9            12             1   90
6       7        A            10             3              10            13             0   95
7       8        A            10             3              13            16             3   95
8       9        B            13             2              13            15             0   90
9      10        C            16             5              16            21             0  Gas
10     11        B            19             3              19            22             0   90
11     12        C            19             5              21            26             2  Gas
12     13        C            22             5              26            31             4  Gas
13     14        C            25             7              25            32             0   90
14     15        C            26             5              32            37             6   90
15     16        C            29             5              31            36             2  Gas
16     17        C            30             5              36            41             6  Gas
17     18        C            33             5              41            46             8  Gas
18     19        C            36             7              46            53            10  Gas
19     20        C            38             7              53            60            15  Gas
20     21        B            39             1              39            40             0   95
21     22        C            41             5              60            65            19  Gas
22     23        B            44             2              44            46             0   95
23     24        C            47             3              65            68            18  Gas
24     25        B            47             1              47            48             0   90
25     26        A            48             1              48            49             0   95
26     27        A            50             3              50            53             0   95
27     28        C            52             7              68            75            16  Gas
28     29        C            55             7              55            62             0   90
29     30        A            58             1              58            59             0   95
30     31        B            58             3              59            62             1   95
31     32        B            59             3              62            65             3   95
32     33        B            62             1              65            66             3   95
33     34        C            65             3              65            68             0   90
34     35        C            66             7              68            75             2   90
35     36        C            69             7              75            82             6   90
36     37        C            69             5              75            80             6  Gas
37     38        C            71             3              80            83             9  Gas
38     39        A            74             1              74            75             0   95
39     40        A            74             3              75            78             1   95
40     41        B            75             2              78            80             3   95
41     42        B            78             2              80            82             2   95
42     43        A            81             3              82            85             1   95
43     44        B            82             3              85            88             3   95
44     45        C            84             5              84            89             0  Gas
45     46        B            87             3              87            90             0   90
46     47        A            90             1              90            91             0   95
47     48        B            91             3              91            94             0   90
48     49        C            91             3              91            94             0  Gas
49     50        C            94             5              94            99             0  Gas
50     51        B            95             2              95            97             0   95
51     52        C            97             5              97           102             0   90
52     53        B           100             2             100           102             0   95
53     54        A           103             1             103           104             0   95
54     55        C           105             7             105           112             0   90
55     56        A           107             3             107           110             0   95
56     57        C           107             7             107           114             0  Gas
57     58        B           108             2             110           112             2   95
58     59        B           109             3             112           115             3   90
59     60        B           110             1             115           116             5   90
60     61        C           110             7             116           123             6   90
61     62        B           112             1             112           113             0   95
62     63        C           114             7             114           121             0  Gas
63     64        C           117             3             121           124             4  Gas
64     65        B           119             1             123           124             4   90
65     66        C           120             5             124           129             4  Gas
66     67        B           123             3             124           127             1   90
67     68        A           126             2             126           128             0   95
68     69        C           126             3             127           130             1   90
69     70        B           129             2             129           131             0   95
70     71        C           131             5             131           136             0   90
71     72        B           132             3             132           135             0   95
72     73        A           134             1             135           136             1   95
73     74        A           134             3             136           139             2   95
74     75        C           135             3             135           138             0  Gas
75     76        C           137             5             138           143             1  Gas
76     77        A           140             2             140           142             0   95
77     78        A           142             2             142           144             0   95
78     79        B           145             3             145           148             0   90
79     80        B           146             1             148           149             2   90
80     81        A           148             1             148           149             0   95
81     82        B           151             3             151           154             0   90
82     83        C           154             7             154           161             0  Gas
83     84        C           156             3             161           164             5  Gas
84     85        B           159             2             159           161             0   90
85     86        C           162             5             164           169             2  Gas
86     87        C           165             5             169           174             4  Gas
87     88        C           166             5             166           171             0   90
88     89        C           169             3             171           174             2   90
89     90        C           172             7             174           181             2   90
90     91        A           175             2             175           177             0   95
91     92        C           176             3             181           184             5   90
92     93        C           176             5             184           189             8   90
93     94        C           179             3             179           182             0  Gas
94     95        C           180             5             189           194             9   90
95     96        C           181             5             194           199            13   90
96     97        C           182             5             182           187             0  Gas
97     98        B           185             3             185           188             0   95
98     99        C           186             7             187           194             1  Gas
99    100        C           187             7             194           201             7  Gas
100   101        B           187             3             199           202            12   90
101   102        C           190             7             201           208            11  Gas
102   103        C           191             5             208           213            17  Gas
103   104        C           191             3             202           205            11   90
104   105        C           191             3             205           208            14   90
105   106        C           194             3             208           211            14   90
106   107        C           196             3             213           216            17  Gas
107   108        A           197             2             197           199             0   95
108   109        C           200             5             211           216            11   90
109   110        C           202             5             216           221            14  Gas
110   111        C           203             5             221           226            18  Gas
111   112        B           206             3             206           209             0   95
112   113        B           209             2             209           211             0   95
113   114        C           209             3             226           229            17  Gas
114   115        C           211             5             216           221             5   90
115   116        C           211             3             229           232            18  Gas
116   117        A           212             3             212           215             0   95
117   118        C           215             7             232           239            17  Gas
118   119        B           217             3             221           224             4   90
119   120        B           218             2             218           220             0   95
120   121        B           221             1             221           222             0   95
121   122        A           224             1             224           225             0   95
122   123        B           225             2             225           227             0   90
123   124        B           227             1             227           228             0   90
124   125        C           230             5             239           244             9  Gas
125   126        B           233             3             233           236             0   95
126   127        A           234             3             236           239             2   95
127   128        C           234             3             244           247            10  Gas
128   129        B           234             1             239           240             5   95
129   130        B           234             2             234           236             0   90
130   131        C           235             5             247           252            12  Gas
131   132        A           238             3             240           243             2   95
132   133        B           239             3             243           246             4   95
133   134        C           242             7             252           259            10  Gas
134   135        B           244             3             246           249             2   95
135   136        C           246             7             259           266            13  Gas
136   137        B           248             3             249           252             1   95
137   138        C           251             5             251           256             0   90
138   139        A           251             2             252           254             1   95
139   140        B           254             2             256           258             2   90
140   141        B           254             1             258           259             4   90
141   142        C           254             7             259           266             5   90
142   143        B           254             3             266           269            12   90
143   144        B           256             2             269           271            13   90
144   145        A           258             3             258           261             0   95
145   146        B           261             1             271           272            10   90
146   147        C           263             5             266           271             3  Gas
147   148        B           265             3             272           275             7   90
148   149        A           268             2             268           270             0   95
149   150        B           271             1             271           272             0   95
150   151        A           274             3             274           277             0   95
151   152        C           277             3             277           280             0   90
152   153        B           279             3             279           282             0   95
153   154        B           281             3             282           285             1   95
154   155        A           281             3             285           288             4   95
155   156        B           282             2             288           290             6   95
156   157        B           284             3             290           293             6   95
157   158        A           286             1             293           294             7   95
158   159        C           286             7             286           293             0  Gas
159   160        C           289             3             293           296             4  Gas
160   161        C           292             7             292           299             0   90
161   162        A           294             3             294           297             0   95
162   163        A           297             2             297           299             0   95
163   164        A           297             1             299           300             2   95
164   165        C           298             3             298           301             0  Gas
165   166        B           301             2             301           303             0   95
166   167        C           301             7             301           308             0   90
167   168        B           304             3             304           307             0   95
168   169        B           305             2             307           309             2   95
169   170        A           306             1             309           310             3   95
170   171        C           306             7             308           315             2   90
171   172        B           306             1             310           311             4   95
172   173        C           309             5             309           314             0  Gas
173   174        B           312             3             312           315             0   95
174   175        B           314             2             315           317             1   95
175   176        A           316             3             317           320             1   95
176   177        A           319             1             320           321             1   95
177   178        B           320             3             321           324             1   95
178   179        B           320             1             324           325             4   95
179   180        A           322             3             325           328             3   95
180   181        C           324             5             324           329             0  Gas
181   182        B           324             2             324           326             0   90
182   183        C           324             5             329           334             5  Gas
183   184        A           327             2             328           330             1   95
184   185        B           328             2             330           332             2   95
185   186        B           330             2             332           334             2   95
186   187        A           333             3             334           337             1   95
187   188        C           336             7             336           343             0   90
188   189        C           336             5             343           348             7   90
189   190        B           339             3             339           342             0   95
190   191        C           341             5             341           346             0  Gas
191   192        C           342             5             346           351             4  Gas
192   193        C           344             3             348           351             4   90
193   194        B           347             2             347           349             0   95
194   195        A           350             2             350           352             0   95
195   196        A           351             1             352           353             1   95
196   197        A           352             2             353           355             1   95
197   198        A           352             3             355           358             3   95
198   199        A           354             3             358           361             4   95
199   200        A           356             1             361           362             5   95
200   201        C           356             3             356           359             0   90
201   202        C           358             7             358           365             0  Gas
202   203        B           361             3             362           365             1   95
203   204        B           364             2             364           366             0   90
204   205        B           364             3             365           368             1   95
205   206        A           367             1             368           369             1   95
206   207        B           369             1             369           370             0   95
207   208        B           369             2             370           372             1   95
208   209        C           371             5             371           376             0  Gas
209   210        C           374             7             374           381             0   90
210   211        C           376             5             381           386             5   90
211   212        C           379             5             386           391             7   90
212   213        B           382             3             391           394             9   90
213   214        C           385             5             385           390             0  Gas
214   215        A           386             2             386           388             0   95
215   216        B           387             2             388           390             1   95
216   217        C           388             5             390           395             2  Gas
217   218        B           391             2             391           393             0   95
218   219        C           393             5             395           400             2  Gas
219   220        C           394             5             400           405             6  Gas
220   221        C           396             3             396           399             0   90
221   222        C           399             5             405           410             6  Gas
222   223        C           401             3             401           404             0   90
223   224        C           404             3             404           407             0   90
224   225        A           405             3             405           408             0   95
225   226        C           407             5             407           412             0   90
226   227        B           407             2             412           414             5   90
227   228        B           409             1             409           410             0   95
228   229        B           412             1             412           413             0   95
229   230        C           413             5             413           418             0  Gas
230   231        C           416             5             418           423             2  Gas
231   232        A           416             1             416           417             0   95
232   233        C           416             5             423           428             7  Gas
233   234        C           418             5             428           433            10  Gas
234   235        C           418             3             418           421             0   90
235   236        C           421             7             421           428             0   90
236   237        C           421             3             433           436            12  Gas
237   238        C           424             7             436           443            12  Gas
238   239        C           424             5             443           448            19  Gas
239   240        C           426             5             448           453            22  Gas
240   241        A           428             1             428           429             0   95
241   242        C           431             7             453           460            22  Gas
242   243        C           434             5             434           439             0   90
243   244        B           437             3             437           440             0   95
244   245        A           437             2             440           442             3   95
245   246        C           439             5             460           465            21  Gas
246   247        C           442             5             465           470            23  Gas
247   248        A           442             3             442           445             0   95
248   249        B           445             1             445           446             0   95
249   250        B           448             1             448           449             0   90
250   251        C           451             5             451           456             0   90
251   252        B           452             3             456           459             4   90
252   253        B           455             2             455           457             0   95
253   254        B           456             1             457           458             1   95
254   255        C           456             3             470           473            14  Gas
255   256        B           458             1             459           460             1   90
256   257        A           459             3             459           462             0   95
257   258        A           462             2             462           464             0   95
258   259        B           463             2             463           465             0   90
259   260        A           464             3             464           467             0   95
260   261        C           465             7             465           472             0   90
261   262        B           467             3             472           475             5   90
262   263        B           470             2             475           477             5   90
263   264        C           471             3             477           480             6   90
264   265        A           474             3             474           477             0   95
265   266        C           476             3             480           483             4   90
266   267        A           477             2             477           479             0   95
267   268        B           478             3             483           486             5   90
268   269        C           479             5             479           484             0  Gas
269   270        B           482             3             486           489             4   90
270   271        B           484             3             489           492             5   90
271   272        C           487             5             492           497             5   90
272   273        B           489             3             489           492             0   95
273   274        A           491             2             492           494             1   95
274   275        C           492             5             492           497             0  Gas
275   276        A           495             1             495           496             0   95
276   277        C           496             5             497           502             1  Gas
277   278        B           499             2             499           501             0   95
278   279        A           501             3             501           504             0   95
279   280        B           503             2             503           505             0   90
280   281        A           504             2             504           506             0   95
281   282        C           506             5             506           511             0   90
282   283        A           507             3             507           510             0   95
283   284        A           510             2             510           512             0   95
284   285        B           513             3             513           516             0   90
285   286        B           516             2             516           518             0   95
286   287        C           519             5             519           524             0  Gas
287   288        B           520             1             520           521             0   95
288   289        B           523             1             523           524             0   95
289   290        C           524             5             524           529             0  Gas
290   291        B           526             3             526           529             0   95
291   292        C           526             3             529           532             3  Gas
292   293        C           529             7             529           536             0   90
293   294        B           529             3             529           532             0   95
294   295        B           531             3             532           535             1   95
295   296        B           534             3             536           539             2   90
296   297        B           536             3             539           542             3   90
297   298        C           538             5             538           543             0  Gas
298   299        A           540             2             540           542             0   95
299   300        C           543             3             543           546             0  Gas
300   301        C           546             3             546           549             0   90
301   302        B           548             1             549           550             1   90
302   303        B           550             2             550           552             0   95
303   304        B           553             2             553           555             0   95
304   305        C           554             3             554           557             0  Gas
305   306        B           555             3             555           558             0   90
306   307        B           556             3             558           561             2   90
307   308        B           557             3             561           564             4   90
308   309        B           558             1             558           559             0   95
309   310        C           559             3             559           562             0  Gas
310   311        C           562             5             564           569             2   90
311   312        B           565             3             565           568             0   95
312   313        C           566             3             566           569             0  Gas
313   314        A           569             3             569           572             0   95
314   315        B           571             3             571           574             0   90
315   316        A           573             3             573           576             0   95
316   317        C           575             7             575           582             0   90
317   318        B           576             2             576           578             0   95
318   319        B           576             3             578           581             2   95
319   320        C           578             7             582           589             4   90
320   321        C           578             3             578           581             0  Gas
321   322        B           579             1             589           590            10   90
322   323        C           579             5             581           586             2  Gas
323   324        B           580             1             590           591            10   90
324   325        A           583             2             583           585             0   95
325   326        A           585             1             585           586             0   95
326   327        C           585             7             586           593             1  Gas
327   328        A           586             3             586           589             0   95
328   329        B           587             3             591           594             4   90
329   330        B           590             1             590           591             0   95
330   331        B           591             3             591           594             0   95
331   332        C           592             5             593           598             1  Gas
332   333        C           594             5             598           603             4  Gas
333   334        C           597             3             603           606             6  Gas
334   335        A           597             3             597           600             0   95
335   336        C           600             7             600           607             0   90
336   337        A           602             3             602           605             0   95
337   338        C           605             5             607           612             2   90
338   339        B           607             3             607           610             0   95
339   340        C           609             5             609           614             0  Gas
340   341        A           610             1             610           611             0   95
341   342        C           613             5             614           619             1  Gas
342   343        B           615             3             615           618             0   90
343   344        C           616             5             619           624             3  Gas
344   345        A           619             2             619           621             0   95
345   346        C           622             5             624           629             2  Gas
346   347        B           625             2             625           627             0   95
347   348        B           627             1             627           628             0   95
348   349        C           630             7             630           637             0  Gas
349   350        B           632             3             632           635             0   95
350   351        B           634             3             634           637             0   90
351   352        B           637             2             637           639             0   90
352   353        A           640             3             640           643             0   95
353   354        B           643             3             643           646             0   95
354   355        C           646             3             646           649             0  Gas
355   356        B           647             2             647           649             0   90
356   357        B           649             3             649           652             0   90
357   358        C           650             7             652           659             2   90
358   359        B           653             1             653           654             0   95
359   360        C           655             7             655           662             0  Gas
360   361        C           656             5             659           664             3   90
361   362        C           656             3             664           667             8   90
362   363        C           656             7             667           674            11   90
363   364        B           658             3             658           661             0   95
364   365        A           659             1             661           662             2   95
365   366        B           662             1             662           663             0   95
366   367        C           662             7             662           669             0  Gas
367   368        A           665             1             665           666             0   95
368   369        C           667             5             669           674             2  Gas
369   370        B           668             3             668           671             0   95
370   371        C           670             3             674           677             4   90
371   372        A           671             2             671           673             0   95
372   373        A           674             2             674           676             0   95
373   374        C           677             7             677           684             0  Gas
374   375        C           680             3             684           687             4  Gas
375   376        C           683             3             683           686             0   90
376   377        A           685             3             685           688             0   95
377   378        B           685             2             688           690             3   95
378   379        A           686             3             690           693             4   95
379   380        C           689             7             689           696             0   90
380   381        C           691             7             691           698             0  Gas
381   382        C           694             7             696           703             2   90
382   383        C           697             5             698           703             1  Gas
383   384        C           698             3             703           706             5   90
384   385        A           699             3             699           702             0   95
385   386        B           702             3             702           705             0   95
386   387        C           705             5             705           710             0  Gas
387   388        B           706             2             706           708             0   90
388   389        B           708             1             708           709             0   95
389   390        B           711             2             711           713             0   95
390   391        B           713             2             713           715             0   95
391   392        C           714             5             714           719             0   90
392   393        C           717             3             719           722             2   90
393   394        C           717             5             722           727             5   90
394   395        C           717             5             727           732            10   90
395   396        A           718             2             718           720             0   95
396   397        C           720             7             720           727             0  Gas
397   398        C           721             5             727           732             6  Gas
398   399        A           722             2             722           724             0   95
399   400        B           725             3             732           735             7   90
400   401        B           728             3             728           731             0   95
401   402        C           730             5             732           737             2  Gas
402   403        B           731             1             735           736             4   90
403   404        B           734             2             736           738             2   90
404   405        A           737             3             737           740             0   95
405   406        C           738             7             738           745             0  Gas
406   407        B           738             2             740           742             2   95
407   408        B           741             3             742           745             1   95
408   409        B           742             3             742           745             0   90
409   410        C           745             7             745           752             0  Gas
410   411        A           748             2             748           750             0   95
411   412        A           751             3             751           754             0   95
412   413        B           753             1             754           755             1   95
413   414        C           754             7             754           761             0   90
414   415        A           756             1             756           757             0   95
415   416        A           757             2             757           759             0   95
416   417        C           759             3             759           762             0  Gas
417   418        C           762             7             762           769             0  Gas
418   419        C           765             3             769           772             4  Gas
419   420        B           767             3             767           770             0   90
420   421        B           769             3             770           773             1   90
421   422        B           772             2             772           774             0   95
422   423        B           773             3             774           777             1   95
423   424        C           773             5             773           778             0   90
424   425        C           775             7             778           785             3   90
425   426        A           776             3             777           780             1   95
426   427        C           779             5             785           790             6   90
427   428        C           779             3             779           782             0  Gas
428   429        C           782             5             782           787             0  Gas
429   430        C           785             7             787           794             2  Gas
430   431        C           787             5             794           799             7  Gas
431   432        C           788             7             790           797             2   90
432   433        B           791             3             791           794             0   95
433   434        C           794             5             797           802             3   90
434   435        A           797             3             797           800             0   95
435   436        C           799             5             799           804             0  Gas
436   437        A           801             1             801           802             0   95
437   438        C           801             7             804           811             3  Gas
438   439        B           801             3             802           805             1   90
439   440        C           802             5             805           810             3   90
440   441        A           803             2             803           805             0   95
441   442        C           805             7             811           818             6  Gas
442   443        B           807             2             807           809             0   95
443   444        C           810             5             810           815             0   90
444   445        A           813             2             813           815             0   95
445   446        C           814             7             815           822             1   90
446   447        A           815             2             815           817             0   95
447   448        B           818             3             818           821             0   95
448   449        B           818             3             821           824             3   95
449   450        A           819             1             824           825             5   95
450   451        C           820             5             822           827             2   90
451   452        A           823             3             825           828             2   95
452   453        C           823             7             823           830             0  Gas
453   454        A           824             3             828           831             4   95
454   455        C           827             5             827           832             0   90
455   456        B           828             3             831           834             3   95
456   457        A           831             3             834           837             3   95
457   458        B           833             1             837           838             4   95
458   459        A           834             2             838           840             4   95
459   460        B           837             2             840           842             3   95
460   461        C           838             5             838           843             0  Gas
461   462        C           838             3             843           846             5  Gas
462   463        C           841             5             841           846             0   90
463   464        B           842             2             846           848             4   90
464   465        C           844             5             846           851             2  Gas
465   466        B           844             1             844           845             0   95
466   467        A           844             3             845           848             1   95
467   468        B           844             3             848           851             4   90
468   469        B           847             3             851           854             4   90
469   470        A           850             1             850           851             0   95
470   471        B           853             3             854           857             1   90
471   472        A           854             2             854           856             0   95
472   473        B           855             1             857           858             2   90
473   474        C           858             5             858           863             0   90
474   475        C           861             5             861           866             0  Gas
475   476        B           862             1             862           863             0   95
476   477        B           865             2             865           867             0   95
477   478        C           867             7             867           874             0   90
478   479        B           870             1             870           871             0   95
479   480        C           870             7             870           877             0  Gas
480   481        C           873             5             874           879             1   90
481   482        A           876             3             876           879             0   95
482   483        A           876             3             879           882             3   95
483   484        C           877             7             877           884             0  Gas
484   485        A           880             3             882           885             2   95
485   486        A           881             2             885           887             4   95
486   487        A           881             3             887           890             6   95
487   488        B           884             3             890           893             6   95
488   489        B           885             3             885           888             0   90
489   490        B           886             3             893           896             7   95
490   491        C           887             5             888           893             1   90
491   492        B           887             2             896           898             9   95
492   493        C           887             3             893           896             6   90
493   494        C           888             3             896           899             8   90
494   495        A           889             2             898           900             9   95
495   496        A           892             3             900           903             8   95
496   497        C           894             7             894           901             0  Gas
497   498        B           896             3             903           906             7   95
498   499        B           898             2             906           908             8   95
499   500        C           899             5             901           906             2  Gas
500   501        B           900             2             908           910             8   95
501   502        B           900             2             900           902             0   90
502   503        C           900             5             906           911             6  Gas
503   504        C           902             5             911           916             9  Gas
504   505        C           905             7             916           923            11  Gas
505   506        C           907             3             923           926            16  Gas
506   507        A           909             3             910           913             1   95
507   508        B           912             3             913           916             1   95
508   509        C           914             7             926           933            12  Gas
509   510        A           914             2             916           918             2   95
510   511        C           914             5             933           938            19  Gas
511   512        C           917             7             938           945            21  Gas
512   513        C           918             7             945           952            27  Gas
513   514        B           921             3             921           924             0   95
514   515        C           924             7             952           959            28  Gas
515   516        C           924             7             959           966            35  Gas
516   517        C           927             7             966           973            39  Gas
517   518        C           929             5             929           934             0   90
518   519        C           930             7             973           980            43  Gas
519   520        C           931             5             980           985            49  Gas
520   521        B           934             1             934           935             0   95
521   522        C           935             5             985           990            50  Gas
522   523        A           938             1             938           939             0   95
523   524        C           940             5             940           945             0   90
524   525        C           942             7             990           997            48  Gas
525   526        A           943             2             943           945             0   95
526   527        C           946             5             997          1002            51  Gas
527   528        C           948             7            1002          1009            54  Gas
528   529        B           951             3             951           954             0   95
529   530        A           952             3             954           957             2   95
530   531        C           955             7             955           962             0   90
531   532        C           958             5            1009          1014            51  Gas
532   533        C           961             3             962           965             1   90
533   534        B           962             1             962           963             0   95
534   535        C           965             3            1014          1017            49  Gas
535   536        A           968             2             968           970             0   95
536   537        B           971             3             971           974             0   95
537   538        A           972             2             974           976             2   95
538   539        B           975             3             975           978             0   90
539   540        C           977             3             978           981             1   90
540   541        C           980             3            1017          1020            37  Gas
541   542        A           981             2             981           983             0   95
542   543        B           983             1             983           984             0   90
543   544        B           985             2             985           987             0   90
544   545        B           986             3             986           989             0   95
545   546        C           989             5             989           994             0   90
546   547        B           991             1             991           992             0   95
547   548        B           994             3             994           997             0   95
548   549        B           997             3             997          1000             0   95
549   550        C          1000             7            1020          1027            20  Gas
550   551        B          1003             2            1003          1005             0   95
551   552        C          1004             5            1004          1009             0   90
552   553        C          1007             5            1027          1032            20  Gas
553   554        B          1007             3            1009          1012             2   90
554   555        C          1010             3            1012          1015             2   90
555   556        B          1011             3            1015          1018             4   90
556   557        C          1013             3            1018          1021             5   90
557   558        A          1015             3            1015          1018             0   95
558   559        C          1018             3            1021          1024             3   90
559   560        C          1021             7            1032          1039            11  Gas
560   561        C          1022             7            1039          1046            17  Gas
561   562        C          1025             5            1046          1051            21  Gas
562   563        C          1025             3            1025          1028             0   90
563   564        C          1025             5            1051          1056            26  Gas
564   565        C          1027             5            1028          1033             1   90
565   566        C          1027             5            1056          1061            29  Gas
566   567        B          1027             3            1027          1030             0   95
567   568        B          1030             3            1030          1033             0   95
568   569        B          1030             1            1033          1034             3   95
569   570        C          1032             5            1033          1038             1   90
570   571        B          1034             3            1034          1037             0   95
571   572        C          1036             7            1038          1045             2   90
572   573        C          1038             5            1061          1066            23  Gas
573   574        B          1038             3            1045          1048             7   90
574   575        C          1039             5            1048          1053             9   90
575   576        B          1040             2            1040          1042             0   95
576   577        B          1041             3            1042          1045             1   95
577   578        C          1042             3            1066          1069            24  Gas
578   579        B          1045             2            1045          1047             0   95
579   580        C          1046             5            1069          1074            23  Gas
580   581        C          1049             5            1074          1079            25  Gas
581   582        C          1050             7            1079          1086            29  Gas
582   583        B          1053             1            1053          1054             0   90
583   584        A          1056             1            1056          1057             0   95
584   585        C          1057             5            1086          1091            29  Gas
585   586        A          1057             3            1057          1060             0   95
586   587        B          1058             1            1060          1061             2   95
587   588        A          1059             2            1061          1063             2   95
588   589        C          1060             3            1091          1094            31  Gas
589   590        B          1061             2            1063          1065             2   95
590   591        B          1061             3            1065          1068             4   95
591   592        B          1064             3            1068          1071             4   95
592   593        B          1065             1            1065          1066             0   90
593   594        B          1067             2            1071          1073             4   95
594   595        B          1069             3            1073          1076             4   95
595   596        B          1072             3            1076          1079             4   95
596   597        B          1075             3            1079          1082             4   95
597   598        B          1075             1            1075          1076             0   90
598   599        C          1078             7            1078          1085             0   90
599   600        B          1080             3            1082          1085             2   95
600   601        B          1082             3            1085          1088             3   95
601   602        A          1084             2            1088          1090             4   95
602   603        B          1086             2            1090          1092             4   95
603   604        B          1087             2            1087          1089             0   90
604   605        C          1090             3            1094          1097             4  Gas
605   606        C          1093             3            1097          1100             4  Gas
606   607        B          1096             3            1096          1099             0   95
607   608        C          1099             5            1100          1105             1  Gas
608   609        A          1101             2            1101          1103             0   95
609   610        C          1104             5            1105          1110             1  Gas
610   611        B          1107             2            1107          1109             0   90
611   612        A          1109             3            1109          1112             0   95
612   613        B          1110             3            1110          1113             0   90
613   614        B          1113             3            1113          1116             0   90
614   615        C          1116             5            1116          1121             0   90
615   616        B          1117             3            1117          1120             0   95
616   617        A          1119             3            1120          1123             1   95
617   618        B          1122             3            1123          1126             1   95
618   619        B          1125             3            1125          1128             0   90
619   620        A          1126             3            1126          1129             0   95
620   621        C          1127             3            1127          1130             0  Gas
621   622        B          1127             2            1129          1131             2   95
622   623        B          1130             2            1131          1133             1   95
623   624        A          1133             2            1133          1135             0   95
624   625        C          1134             7            1134          1141             0   90
625   626        C          1137             5            1141          1146             4   90
626   627        C          1138             5            1146          1151             8   90
627   628        C          1140             5            1140          1145             0  Gas
628   629        B          1141             3            1141          1144             0   95
629   630        B          1144             3            1151          1154             7   90
630   631        C          1144             7            1154          1161            10   90
631   632        A          1144             3            1144          1147             0   95
632   633        A          1145             2            1147          1149             2   95
633   634        B          1146             1            1161          1162            15   90
634   635        C          1149             3            1149          1152             0  Gas
635   636        C          1152             3            1162          1165            10   90
636   637        B          1152             2            1152          1154             0   95
637   638        C          1152             5            1165          1170            13   90
638   639        B          1154             2            1154          1156             0   95
639   640        C          1154             3            1170          1173            16   90
640   641        B          1155             3            1173          1176            18   90
641   642        C          1158             5            1158          1163             0  Gas
642   643        C          1159             7            1163          1170             4  Gas
643   644        C          1162             3            1170          1173             8  Gas
644   645        C          1165             7            1176          1183            11   90
645   646        A          1167             3            1167          1170             0   95
646   647        B          1169             3            1183          1186            14   90
647   648        B          1169             3            1186          1189            17   90
648   649        C          1170             7            1173          1180             3  Gas
649   650        C          1170             3            1180          1183            10  Gas
650   651        A          1173             3            1173          1176             0   95
651   652        A          1175             3            1176          1179             1   95
652   653        B          1176             3            1179          1182             3   95
653   654        C          1178             5            1183          1188             5  Gas
654   655        C          1179             5            1188          1193             9  Gas
655   656        C          1179             5            1189          1194            10   90
656   657        C          1181             7            1194          1201            13   90
657   658        C          1183             7            1201          1208            18   90
658   659        C          1183             5            1208          1213            25   90
659   660        C          1186             5            1193          1198             7  Gas
660   661        C          1189             7            1198          1205             9  Gas
661   662        C          1191             5            1205          1210            14  Gas
662   663        B          1194             3            1213          1216            19   90
663   664        B          1196             3            1216          1219            20   90
664   665        C          1199             5            1219          1224            20   90
665   666        C          1199             5            1210          1215            11  Gas
666   667        C          1202             7            1215          1222            13  Gas
667   668        A          1205             3            1205          1208             0   95
668   669        C          1208             5            1224          1229            16   90
669   670        C          1210             5            1229          1234            19   90
670   671        C          1213             5            1222          1227             9  Gas
671   672        B          1215             3            1234          1237            19   90
672   673        C          1218             5            1227          1232             9  Gas
673   674        B          1221             1            1221          1222             0   95
674   675        A          1224             3            1224          1227             0   95
675   676        B          1227             1            1237          1238            10   90
676   677        C          1229             7            1232          1239             3  Gas
677   678        C          1231             5            1238          1243             7   90
678   679        B          1234             3            1234          1237             0   95
679   680        A          1237             3            1237          1240             0   95
680   681        A          1238             1            1240          1241             2   95
681   682        A          1241             3            1241          1244             0   95
682   683        B          1244             3            1244          1247             0   90
683   684        C          1247             3            1247          1250             0   90
684   685        A          1247             1            1247          1248             0   95
685   686        A          1248             1            1248          1249             0   95
686   687        C          1250             5            1250          1255             0   90
687   688        C          1252             3            1255          1258             3   90
688   689        A          1254             3            1254          1257             0   95
689   690        C          1254             7            1254          1261             0  Gas
690   691        C          1255             5            1261          1266             6  Gas
691   692        C          1258             7            1258          1265             0   90
692   693        C          1258             5            1265          1270             7   90
693   694        C          1260             3            1270          1273            10   90
694   695        C          1261             3            1266          1269             5  Gas
695   696        C          1263             7            1269          1276             6  Gas
696   697        B          1266             2            1273          1275             7   90
697   698        B          1267             2            1267          1269             0   95
698   699        A          1270             3            1270          1273             0   95
699   700        C          1270             3            1276          1279             6  Gas
700   701        B          1271             3            1275          1278             4   90
701   702        C          1273             7            1279          1286             6  Gas
702   703        A          1273             1            1273          1274             0   95
703   704        C          1276             3            1286          1289            10  Gas
704   705        C          1278             5            1289          1294            11  Gas
705   706        A          1281             1            1281          1282             0   95
706   707        B          1283             3            1283          1286             0   90
707   708        A          1285             1            1285          1286             0   95
708   709        A          1288             2            1288          1290             0   95
709   710        C          1288             7            1288          1295             0   90
710   711        C          1291             5            1294          1299             3  Gas
711   712        A          1292             3            1292          1295             0   95
712   713        C          1292             5            1299          1304             7  Gas
713   714        B          1295             3            1295          1298             0   95
714   715        B          1298             3            1298          1301             0   90
715   716        C          1299             5            1304          1309             5  Gas
716   717        B          1300             2            1301          1303             1   90
717   718        C          1303             7            1309          1316             6  Gas
718   719        B          1304             3            1304          1307             0   95
719   720        B          1306             1            1307          1308             1   95
720   721        A          1309             2            1309          1311             0   95
721   722        C          1310             7            1316          1323             6  Gas
722   723        C          1311             5            1323          1328            12  Gas
723   724        C          1313             5            1328          1333            15  Gas
724   725        A          1316             2            1316          1318             0   95
725   726        A          1319             1            1319          1320             0   95
726   727        C          1322             5            1322          1327             0   90
727   728        C          1323             3            1333          1336            10  Gas
728   729        C          1325             7            1336          1343            11  Gas
729   730        A          1326             3            1326          1329             0   95
730   731        C          1328             5            1343          1348            15  Gas
731   732        B          1330             1            1330          1331             0   90
732   733        C          1333             3            1333          1336             0   90
733   734        C          1336             3            1336          1339             0   90
734   735        B          1339             3            1339          1342             0   90
735   736        A          1340             1            1340          1341             0   95
736   737        C          1341             3            1342          1345             1   90
737   738        A          1342             3            1342          1345             0   95
738   739        B          1345             3            1345          1348             0   90
739   740        C          1348             3            1348          1351             0   90
740   741        B          1350             3            1351          1354             1   90
741   742        B          1351             3            1351          1354             0   95
742   743        C          1354             5            1354          1359             0   90
743   744        C          1356             3            1356          1359             0  Gas
744   745        C          1359             5            1359          1364             0   90
745   746        B          1361             2            1361          1363             0   95
746   747        C          1364             5            1364          1369             0   90
747   748        C          1367             5            1367          1372             0  Gas
748   749        C          1368             7            1369          1376             1   90
749   750        C          1371             5            1376          1381             5   90
750   751        B          1373             3            1381          1384             8   90
751   752        A          1375             2            1375          1377             0   95
752   753        C          1375             5            1375          1380             0  Gas
753   754        A          1378             1            1378          1379             0   95
754   755        B          1379             1            1379          1380             0   95
755   756        C          1380             3            1380          1383             0  Gas
756   757        C          1380             7            1384          1391             4   90
757   758        C          1382             5            1391          1396             9   90
758   759        A          1382             2            1382          1384             0   95
759   760        C          1385             3            1396          1399            11   90
760   761        C          1386             7            1399          1406            13   90
761   762        B          1387             3            1406          1409            19   90
762   763        C          1390             7            1409          1416            19   90
763   764        C          1391             5            1391          1396             0  Gas
764   765        C          1393             7            1416          1423            23   90
765   766        A          1395             3            1395          1398             0   95
766   767        B          1397             3            1398          1401             1   95
767   768        C          1400             7            1400          1407             0  Gas
768   769        B          1403             2            1403          1405             0   95
769   770        C          1406             5            1423          1428            17   90
770   771        B          1409             2            1409          1411             0   95
771   772        C          1412             3            1428          1431            16   90
772   773        C          1413             5            1413          1418             0  Gas
773   774        A          1414             3            1414          1417             0   95
774   775        B          1417             2            1431          1433            14   90
775   776        B          1417             3            1433          1436            16   90
776   777        C          1420             3            1436          1439            16   90
777   778        C          1422             3            1422          1425             0  Gas
778   779        C          1425             7            1439          1446            14   90
779   780        B          1428             3            1428          1431             0   95
780   781        C          1431             5            1446          1451            15   90
781   782        A          1431             1            1431          1432             0   95
782   783        C          1434             5            1434          1439             0  Gas
783   784        B          1436             1            1436          1437             0   95
784   785        A          1436             3            1437          1440             1   95
785   786        C          1439             5            1439          1444             0  Gas
786   787        C          1441             7            1451          1458            10   90
787   788        B          1443             3            1458          1461            15   90
788   789        C          1445             3            1461          1464            16   90
789   790        C          1446             5            1446          1451             0  Gas
790   791        C          1447             3            1451          1454             4  Gas
791   792        C          1448             5            1454          1459             6  Gas
792   793        C          1450             5            1459          1464             9  Gas
793   794        C          1453             5            1464          1469            11   90
794   795        B          1454             3            1469          1472            15   90
795   796        A          1457             2            1457          1459             0   95
796   797        C          1457             5            1472          1477            15   90
797   798        C          1457             5            1477          1482            20   90
798   799        B          1458             1            1459          1460             1   95
799   800        B          1461             1            1461          1462             0   95
800   801        B          1464             1            1464          1465             0   95
801   802        C          1466             5            1466          1471             0  Gas
802   803        A          1469             1            1469          1470             0   95
803   804        C          1471             7            1471          1478             0  Gas
804   805        A          1471             1            1471          1472             0   95
805   806        B          1474             3            1474          1477             0   95
806   807        B          1476             3            1477          1480             1   95
807   808        A          1479             3            1480          1483             1   95
808   809        B          1479             2            1482          1484             3   90
809   810        C          1482             3            1484          1487             2   90
810   811        C          1482             5            1487          1492             5   90
811   812        B          1485             2            1485          1487             0   95
812   813        C          1488             3            1488          1491             0  Gas
813   814        C          1488             5            1492          1497             4   90
814   815        C          1490             7            1497          1504             7   90
815   816        A          1492             3            1492          1495             0   95
816   817        B          1493             1            1495          1496             2   95
817   818        B          1495             3            1496          1499             1   95
818   819        B          1498             2            1499          1501             1   95
819   820        C          1500             5            1504          1509             4   90
820   821        C          1501             7            1501          1508             0  Gas
821   822        C          1504             5            1508          1513             4  Gas
822   823        B          1505             3            1509          1512             4   90
823   824        C          1506             5            1512          1517             6   90
824   825        B          1508             3            1508          1511             0   95
825   826        C          1511             3            1513          1516             2  Gas
826   827        A          1514             3            1514          1517             0   95
827   828        C          1516             7            1516          1523             0  Gas
828   829        B          1518             2            1518          1520             0   90
829   830        A          1520             1            1520          1521             0   95
830   831        C          1521             5            1521          1526             0   90
831   832        C          1523             3            1523          1526             0  Gas
832   833        B          1524             3            1524          1527             0   95
833   834        C          1526             7            1526          1533             0  Gas
834   835        B          1527             3            1527          1530             0   95
835   836        B          1528             3            1530          1533             2   95
836   837        A          1531             3            1533          1536             2   95
837   838        A          1531             3            1536          1539             5   95
838   839        B          1534             3            1539          1542             5   95
839   840        B          1535             3            1535          1538             0   90
840   841        C          1538             5            1538          1543             0  Gas
841   842        A          1539             3            1542          1545             3   95
842   843        A          1540             2            1545          1547             5   95
843   844        B          1543             3            1547          1550             4   95
844   845        C          1544             7            1544          1551             0   90
845   846        C          1547             5            1547          1552             0  Gas
846   847        C          1548             7            1551          1558             3   90
847   848        C          1550             5            1552          1557             2  Gas
848   849        B          1552             2            1552          1554             0   95
849   850        A          1552             2            1554          1556             2   95
850   851        B          1554             1            1556          1557             2   95
851   852        C          1554             3            1558          1561             4   90
852   853        C          1555             3            1557          1560             2  Gas
853   854        C          1556             5            1560          1565             4  Gas
854   855        C          1559             7            1565          1572             6  Gas
855   856        C          1560             5            1572          1577            12  Gas
856   857        C          1563             7            1577          1584            14  Gas
857   858        B          1565             1            1565          1566             0   90
858   859        C          1568             7            1584          1591            16  Gas
859   860        C          1571             7            1571          1578             0   90
860   861        C          1571             5            1591          1596            20  Gas
861   862        B          1574             3            1578          1581             4   90
862   863        A          1575             2            1575          1577             0   95
863   864        C          1578             5            1596          1601            18  Gas
864   865        C          1579             7            1601          1608            22  Gas
865   866        B          1579             2            1581          1583             2   90
866   867        C          1579             5            1608          1613            29  Gas
867   868        B          1580             3            1580          1583             0   95
868   869        C          1582             5            1583          1588             1   90
869   870        C          1583             5            1613          1618            30  Gas
870   871        C          1586             5            1618          1623            32  Gas
871   872        B          1587             2            1587          1589             0   95
872   873        A          1588             1            1589          1590             1   95
873   874        C          1590             5            1623          1628            33  Gas
874   875        C          1593             7            1628          1635            35  Gas
875   876        C          1595             3            1635          1638            40  Gas
876   877        B          1598             3            1598          1601             0   90
877   878        B          1598             3            1598          1601             0   95
878   879        B          1599             1            1601          1602             2   90
879   880        B          1601             3            1601          1604             0   95
880   881        C          1603             5            1638          1643            35  Gas
881   882        B          1604             3            1604          1607             0   90
882   883        A          1607             2            1607          1609             0   95
883   884        C          1610             5            1610          1615             0   90
884   885        B          1613             2            1615          1617             2   90
885   886        A          1616             3            1616          1619             0   95
886   887        B          1619             3            1619          1622             0   90
887   888        C          1620             7            1622          1629             2   90
888   889        C          1623             7            1643          1650            20  Gas
889   890        C          1626             5            1650          1655            24  Gas
890   891        C          1627             5            1629          1634             2   90
891   892        A          1629             1            1629          1630             0   95
892   893        C          1631             3            1655          1658            24  Gas
893   894        B          1634             3            1634          1637             0   90
894   895        B          1634             3            1634          1637             0   95
895   896        C          1635             5            1637          1642             2   90
896   897        C          1638             5            1642          1647             4   90
897   898        A          1639             3            1639          1642             0   95
898   899        A          1639             3            1642          1645             3   95
899   900        B          1639             3            1645          1648             6   95
900   901        C          1642             7            1658          1665            16  Gas
901   902        B          1643             2            1647          1649             4   90
902   903        A          1645             2            1648          1650             3   95
903   904        B          1648             3            1649          1652             1   90
904   905        B          1648             1            1650          1651             2   95
905   906        B          1650             3            1652          1655             2   90
906   907        C          1650             5            1665          1670            15  Gas
907   908        B          1653             1            1655          1656             2   90
908   909        A          1656             3            1656          1659             0   95
909   910        C          1657             5            1657          1662             0   90
910   911        B          1658             3            1659          1662             1   95
911   912        C          1661             7            1670          1677             9  Gas
912   913        C          1664             5            1677          1682            13  Gas
913   914        B          1666             3            1666          1669             0   95
914   915        C          1666             3            1682          1685            16  Gas
915   916        C          1668             5            1668          1673             0   90
916   917        C          1671             7            1685          1692            14  Gas
917   918        C          1673             5            1692          1697            19  Gas
918   919        A          1674             2            1674          1676             0   95
919   920        B          1677             3            1677          1680             0   90
920   921        C          1677             7            1680          1687             3   90
921   922        A          1678             3            1678          1681             0   95
922   923        C          1680             3            1687          1690             7   90
923   924        C          1681             5            1697          1702            16  Gas
924   925        B          1684             2            1690          1692             6   90
925   926        C          1687             5            1702          1707            15  Gas
926   927        A          1687             1            1687          1688             0   95
927   928        C          1687             3            1692          1695             5   90
928   929        C          1690             5            1695          1700             5   90
929   930        A          1690             3            1690          1693             0   95
930   931        B          1693             2            1700          1702             7   90
931   932        B          1694             3            1702          1705             8   90
932   933        C          1695             7            1707          1714            12  Gas
933   934        B          1698             3            1698          1701             0   95
934   935        A          1698             1            1701          1702             3   95
935   936        C          1699             7            1714          1721            15  Gas
936   937        B          1699             2            1705          1707             6   90
937   938        B          1702             1            1702          1703             0   95
938   939        B          1702             3            1703          1706             1   95
939   940        B          1705             2            1707          1709             2   90
940   941        B          1708             2            1708          1710             0   95
941   942        B          1711             2            1711          1713             0   95
942   943        C          1711             5            1721          1726            10  Gas
943   944        B          1714             3            1714          1717             0   95
944   945        C          1717             5            1717          1722             0   90
945   946        A          1720             2            1720          1722             0   95
946   947        C          1721             5            1726          1731             5  Gas
947   948        C          1723             5            1723          1728             0   90
948   949        C          1725             3            1731          1734             6  Gas
949   950        A          1726             3            1726          1729             0   95
950   951        B          1729             3            1729          1732             0   90
951   952        A          1731             2            1731          1733             0   95
952   953        C          1732             5            1734          1739             2  Gas
953   954        C          1733             5            1733          1738             0   90
954   955        C          1734             5            1739          1744             5  Gas
955   956        B          1735             3            1735          1738             0   95
956   957        C          1738             7            1738          1745             0   90
957   958        B          1741             1            1741          1742             0   95
958   959        B          1742             3            1742          1745             0   95
959   960        C          1745             3            1745          1748             0   90
960   961        C          1747             7            1748          1755             1   90
961   962        C          1749             3            1749          1752             0  Gas
962   963        A          1751             3            1751          1754             0   95
963   964        B          1753             2            1754          1756             1   95
964   965        C          1756             3            1756          1759             0  Gas
965   966        C          1759             3            1759          1762             0  Gas
966   967        B          1762             3            1762          1765             0   95
967   968        C          1763             3            1763          1766             0   90
968   969        B          1764             2            1765          1767             1   95
969   970        B          1767             3            1767          1770             0   90
970   971        A          1767             2            1767          1769             0   95
971   972        C          1770             5            1770          1775             0  Gas
972   973        B          1772             3            1772          1775             0   90
973   974        C          1774             7            1775          1782             1  Gas
974   975        C          1775             7            1782          1789             7  Gas
975   976        B          1777             3            1777          1780             0   90
976   977        C          1779             5            1780          1785             1   90
977   978        C          1781             3            1785          1788             4   90
978   979        B          1784             3            1784          1787             0   95
979   980        C          1786             3            1789          1792             3  Gas
980   981        B          1787             2            1787          1789             0   95
981   982        C          1788             5            1788          1793             0   90
982   983        C          1789             5            1793          1798             4   90
983   984        C          1790             5            1792          1797             2  Gas
984   985        B          1791             3            1798          1801             7   90
985   986        B          1793             2            1801          1803             8   90
986   987        C          1795             7            1797          1804             2  Gas
987   988        C          1798             7            1804          1811             6  Gas
988   989        B          1801             2            1803          1805             2   90
989   990        A          1804             3            1804          1807             0   95
990   991        C          1805             5            1811          1816             6  Gas
991   992        B          1805             1            1807          1808             2   95
992   993        B          1807             3            1808          1811             1   95
993   994        A          1810             1            1811          1812             1   95
994   995        A          1813             1            1813          1814             0   95
995   996        B          1815             2            1815          1817             0   95
996   997        C          1817             7            1817          1824             0  Gas
997   998        B          1818             3            1818          1821             0   95
998   999        C          1819             5            1824          1829             5  Gas
999  1000        A          1820             2            1821          1823             1   95