      Car Category  Arrival Time  Service Time  Service Begins  Service Ends  Waiting Time Pump
0       1        A             0             2               0             2             0   95
1       2        A             1             3               2             5             1   95
2       3        C             2             5               2             7             0  Gas
3       4        C             3             5               7            12             4  Gas
4       5        B             4             2               4             6             0   90
5       6        C             7             5              12            17             5  Gas
6       7        B            10             2              10            12             0   90
7       8        C            10             5              17            22             7  Gas
8       9        A            12             3              12            15             0   95
9      10        B            12             2              12            14             0   90
10     11        B            13             1              14            15             1   90
11     12        C            16             3              22            25             6  Gas
12     13        B            19             3              19            22             0   95
13     14        B            22             3              22            25             0   95
14     15        C            24             3              25            28             1  Gas
15     16        C            27             5              27            32             0   90
16     17        C            30             5              32            37             2   90
17     18        B            33             3              33            36             0   95
18     19        C            36             5              36            41             0  Gas
19     20        C            39             5              39            44             0   90
20     21        A            41             2              41            43             0   95
21     22        C            41             3              44            47             3   90
22     23        B            42             3              47            50             5   90
23     24        B            45             3              50            53             5   90
24     25        C            45             3              45            48             0  Gas
25     26        B            46             3              46            49             0   95
26     27        C            49             5              49            54             0  Gas
27     28        C            51             7              54            61             3  Gas
28     29        C            53             7              61            68             8  Gas
29     30        C            56             7              68            75            12  Gas
30     31        A            58             3              58            61             0   95
31     32        A            61             3              61            64             0   95
32     33        C            64             5              75            80            11  Gas
33     34        B            65             3              65            68             0   90
34     35        C            68             5              80            85            12  Gas
35     36        B            71             2              71            73             0   95
36     37        B            73             2              73            75             0   90
37     38        A            75             3              75            78             0   95
38     39        C            77             5              77            82             0   90
39     40        C            80             5              82            87             2   90
40     41        C            80             5              85            90             5  Gas
41     42        B            83             2              87            89             4   90
42     43        C            83             3              90            93             7  Gas
43     44        B            84             2              84            86             0   95
44     45        B            87             2              89            91             2   90
45     46        A            90             1              90            91             0   95
46     47        B            93             3              93            96             0   95
47     48        B            96             3              96            99             0   95
48     49        C            98             3              98           101             0  Gas
49     50        C           100             5             100           105             0   90
50     51        B           101             3             101           104             0   95
51     52        B           104             3             105           108             1   90
52     53        B           104             3             104           107             0   95
53     54        C           104             5             104           109             0  Gas
54     55        C           106             5             109           114             3  Gas
55     56        A           106             1             107           108             1   95
56     57        B           109             1             109           110             0   95
57     58        B           110             3             110           113             0   90
58     59        C           112             5             113           118             1   90
59     60        C           113             3             114           117             1  Gas
60     61        C           113             3             117           120             4  Gas
61     62        C           114             5             120           125             6  Gas
62     63        C           117             7             125           132             8  Gas
63     64        B           120             2             120           122             0   95
64     65        B           121             2             121           123             0   90
65     66        B           123             2             123           125             0   90
66     67        A           124             3             124           127             0   95
67     68        A           124             3             127           130             3   95
68     69        C           127             7             127           134             0   90
69     70        A           128             2             130           132             2   95
70     71        A           128             3             132           135             4   95
71     72        B           129             3             135           138             6   95
72     73        B           132             3             134           137             2   90
73     74        C           134             7             137           144             3   90
74     75        B           136             2             144           146             8   90
75     76        B           138             1             146           147             8   90
76     77        C           139             5             147           152             8   90
77     78        B           141             2             141           143             0   95
78     79        B           143             1             152           153             9   90
79     80        B           144             2             144           146             0   95
80     81        A           147             2             147           149             0   95
81     82        C           150             7             153           160             3   90
82     83        A           150             3             150           153             0   95
83     84        C           150             7             160           167            10   90
84     85        B           150             3             167           170            17   90
85     86        B           152             3             153           156             1   95
86     87        B           155             2             156           158             1   95
87     88        C           155             7             155           162             0  Gas
88     89        C           158             5             170           175            12   90
89     90        B           158             3             175           178            17   90
90     91        B           161             3             161           164             0   95
91     92        B           162             3             164           167             2   95
92     93        C           163             5             163           168             0  Gas
93     94        B           166             3             178           181            12   90
94     95        C           167             3             168           171             1  Gas
95     96        B           170             3             170           173             0   95
96     97        B           171             1             173           174             2   95
97     98        C           173             7             181           188             8   90
98     99        C           175             5             188           193            13   90
99    100        A           178             2             178           180             0   95
100   101        B           180             3             180           183             0   95
101   102        A           183             3             183           186             0   95
102   103        B           185             3             193           196             8   90
103   104        B           187             1             187           188             0   95
104   105        A           189             3             189           192             0   95
105   106        A           192             3             192           195             0   95
106   107        C           193             5             193           198             0  Gas
107   108        B           194             3             196           199             2   90
108   109        C           196             5             198           203             2  Gas
109   110        A           199             2             199           201             0   95
110   111        A           202             2             202           204             0   95
111   112        B           204             3             204           207             0   90
112   113        B           207             3             207           210             0   95
113   114        C           210             3             210           213             0   90
114   115        B           211             1             213           214             2   90
115   116        C           213             7             214           221             1   90
116   117        C           215             5             215           220             0  Gas
117   118        B           217             3             221           224             4   90
118   119        C           220             7             224           231             4   90
119   120        B           223             3             223           226             0   95
120   121        B           226             3             231           234             5   90
121   122        C           229             7             234           241             5   90
122   123        B           232             2             232           234             0   95
123   124        A           233             1             234           235             1   95
124   125        B           234             2             235           237             1   95
125   126        C           237             5             237           242             0  Gas
126   127        C           238             7             242           249             4  Gas
127   128        C           239             3             249           252            10  Gas
128   129        C           240             3             252           255            12  Gas
129   130        B           242             3             242           245             0   90
130   131        B           242             3             245           248             3   90
131   132        C           243             7             255           262            12  Gas
132   133        C           244             7             262           269            18  Gas
133   134        B           247             2             247           249             0   95
134   135        C           247             7             248           255             1   90
135   136        B           249             2             249           251             0   95
136   137        A           252             3             252           255             0   95
137   138        B           253             1             255           256             2   95
138   139        A           254             2             256           258             2   95
139   140        C           257             5             269           274            12  Gas
140   141        B           257             3             257           260             0   90
141   142        B           260             3             260           263             0   95
142   143        B           261             3             263           266             2   95
143   144        B           264             3             264           267             0   90
144   145        B           266             2             266           268             0   95
145   146        B           266             3             267           270             1   90
146   147        B           269             2             270           272             1   90
147   148        C           272             7             272           279             0   90
148   149        A           275             3             275           278             0   95
149   150        B           276             3             279           282             3   90
150   151        C           277             7             277           284             0  Gas
151   152        C           280             7             284           291             4  Gas
152   153        A           282             3             282           285             0   95
153   154        C           282             3             291           294             9  Gas
154   155        A           285             3             285           288             0   95
155   156        C           285             5             285           290             0   90
156   157        A           288             1             288           289             0   95
157   158        C           291             7             294           301             3  Gas
158   159        B           292             3             292           295             0   90
159   160        A           295             3             295           298             0   95
160   161        A           295             2             298           300             3   95
161   162        C           298             5             301           306             3  Gas
162   163        B           300             1             300           301             0   90
163   164        B           301             3             301           304             0   90
164   165        B           301             2             301           303             0   95
165   166        C           304             7             306           313             2  Gas
166   167        C           307             5             313           318             6  Gas
167   168        A           308             3             308           311             0   95
168   169        A           309             3             311           314             2   95
169   170        C           310             7             318           325             8  Gas
170   171        B           312             2             312           314             0   90
171   172        C           314             7             325           332            11  Gas
172   173        C           315             3             332           335            17  Gas
173   174        B           316             3             316           319             0   90
174   175        C           319             5             335           340            16  Gas
175   176        C           322             5             322           327             0   90
176   177        B           322             3             322           325             0   95
177   178        C           322             7             327           334             5   90
178   179        A           323             3             325           328             2   95
179   180        C           325             5             340           345            15  Gas
180   181        C           325             5             345           350            20  Gas
181   182        B           327             1             334           335             7   90
182   183        C           329             5             335           340             6   90
183   184        C           331             5             340           345             9   90
184   185        C           333             5             350           355            17  Gas
185   186        C           336             3             355           358            19  Gas
186   187        C           336             5             358           363            22  Gas
187   188        B           339             3             339           342             0   95
188   189        B           341             3             342           345             1   95
189   190        C           342             5             363           368            21  Gas
190   191        C           342             7             345           352             3   90
191   192        C           343             5             352           357             9   90
192   193        B           343             3             345           348             2   95
193   194        A           344             1             348           349             4   95
194   195        B           344             3             349           352             5   95
195   196        C           346             5             357           362            11   90
196   197        C           348             5             368           373            20  Gas
197   198        B           348             3             352           355             4   95
198   199        A           351             3             355           358             4   95
199   200        B           351             3             362           365            11   90
200   201        B           354             3             365           368            11   90
201   202        B           356             3             358           361             2   95
202   203        A           356             1             361           362             5   95
203   204        B           359             3             362           365             3   95
204   205        C           360             7             368           375             8   90
205   206        C           360             7             375           382            15   90
206   207        B           362             3             365           368             3   95
207   208        C           364             3             373           376             9  Gas
208   209        B           367             2             368           370             1   95
209   210        C           369             3             376           379             7  Gas
210   211        C           372             5             382           387            10   90
211   212        B           373             3             387           390            14   90
212   213        B           373             1             390           391            17   90
213   214        C           376             3             391           394            15   90
214   215        B           379             2             394           396            15   90
215   216        C           380             5             380           385             0  Gas
216   217        B           381             2             396           398            15   90
217   218        A           382             3             382           385             0   95
218   219        B           382             2             385           387             3   95
219   220        C           383             5             398           403            15   90
220   221        C           385             7             403           410            18   90
221   222        C           387             7             410           417            23   90
222   223        C           389             5             389           394             0  Gas
223   224        A           391             1             391           392             0   95
224   225        B           393             3             393           396             0   95
225   226        C           396             3             417           420            21   90
226   227        C           397             7             397           404             0  Gas
227   228        B           400             1             420           421            20   90
228   229        A           401             2             401           403             0   95
229   230        A           404             3             404           407             0   95
230   231        C           407             3             407           410             0  Gas
231   232        C           409             3             410           413             1  Gas
232   233        B           412             1             412           413             0   95
233   234        C           414             5             414           419             0  Gas
234   235        C           417             7             419           426             2  Gas
235   236        B           418             2             418           420             0   95
236   237        B           421             2             421           423             0   95
237   238        B           424             1             424           425             0   90
238   239        C           427             7             427           434             0  Gas
239   240        C           428             5             428           433             0   90
240   241        A           428             1             428           429             0   95
241   242        B           430             2             430           432             0   95
242   243        C           433             5             433           438             0   90
243   244        B           435             1             435           436             0   95
244   245        C           436             3             436           439             0  Gas
245   246        B           439             3             439           442             0   95
246   247        C           442             5             442           447             0   90
247   248        C           445             5             447           452             2   90
248   249        B           448             2             448           450             0   95
249   250        C           451             5             451           456             0  Gas
250   251        B           452             3             452           455             0   95
251   252        C           453             7             453           460             0   90
252   253        C           456             5             456           461             0  Gas
253   254        C           458             5             460           465             2   90
254   255        A           461             2             461           463             0   95
255   256        B           462             2             465           467             3   90
256   257        B           463             2             463           465             0   95
257   258        A           466             1             466           467             0   95
258   259        A           467             1             467           468             0   95
259   260        C           467             5             467           472             0  Gas
260   261        C           469             7             472           479             3  Gas
261   262        C           469             5             479           484            10  Gas
262   263        C           470             5             470           475             0   90
263   264        C           470             7             475           482             5   90
264   265        B           472             2             472           474             0   95
265   266        C           475             7             484           491             9  Gas
266   267        A           477             1             477           478             0   95
267   268        C           477             5             491           496            14  Gas
268   269        C           477             5             482           487             5   90
269   270        A           480             2             480           482             0   95
270   271        B           482             3             482           485             0   95
271   272        C           484             7             496           503            12  Gas
272   273        C           486             3             503           506            17  Gas
273   274        B           488             3             488           491             0   95
274   275        A           490             3             491           494             1   95
275   276        A           492             2             494           496             2   95
276   277        C           495             5             506           511            11  Gas
277   278        B           497             3             497           500             0   90
278   279        A           500             2             500           502             0   95
279   280        B           500             3             500           503             0   90
280   281        B           501             3             503           506             2   90
281   282        B           502             3             502           505             0   95
282   283        C           503             3             511           514             8  Gas
283   284        A           506             3             506           509             0   95
284   285        B           508             3             509           512             1   95
285   286        C           511             3             511           514             0   90
286   287        C           514             7             514           521             0   90
287   288        C           515             5             515           520             0  Gas
288   289        A           516             3             516           519             0   95
289   290        A           517             3             519           522             2   95
290   291        C           519             5             520           525             1  Gas
291   292        C           520             5             525           530             5  Gas
292   293        B           520             3             522           525             2   95
293   294        B           520             3             525           528             5   95
294   295        C           521             3             521           524             0   90
295   296        C           521             3             524           527             3   90
296   297        B           524             1             527           528             3   90
297   298        B           527             3             528           531             1   95
298   299        C           530             5             530           535             0   90
299   300        C           533             5             533           538             0  Gas
300   301        C           535             7             538           545             3  Gas
301   302        C           536             5             545           550             9  Gas
302   303        C           539             5             550           555            11  Gas
303   304        A           542             2             542           544             0   95
304   305        C           542             3             542           545             0   90
305   306        C           544             5             555           560            11  Gas
306   307        B           546             2             546           548             0   95
307   308        B           547             3             548           551             1   95
308   309        C           547             7             547           554             0   90
309   310        A           550             3             551           554             1   95
310   311        C           550             3             560           563            10  Gas
311   312        C           553             5             554           559             1   90
312   313        C           554             5             559           564             5   90
313   314        C           554             5             563           568             9  Gas
314   315        C           556             5             568           573            12  Gas
315   316        C           559             7             564           571             5   90
316   317        B           560             3             560           563             0   95
317   318        C           563             5             573           578            10  Gas
318   319        C           563             5             578           583            15  Gas
319   320        B           565             3             565           568             0   95
320   321        B           567             1             568           569             1   95
321   322        B           569             1             569           570             0   95
322   323        A           569             2             570           572             1   95
323   324        C           571             3             583           586            12  Gas
324   325        C           571             5             571           576             0   90
325   326        C           574             7             576           583             2   90
326   327        C           576             3             583           586             7   90
327   328        B           576             2             586           588            10   90
328   329        C           577             5             586           591             9  Gas
329   330        B           577             3             577           580             0   95
330   331        A           579             2             580           582             1   95
331   332        A           582             2             582           584             0   95
332   333        A           583             2             584           586             1   95
333   334        A           586             1             586           587             0   95
334   335        A           588             1             588           589             0   95
335   336        A           591             3             591           594             0   95
336   337        C           592             5             592           597             0   90
337   338        B           595             3             595           598             0   95
338   339        C           598             7             598           605             0  Gas
339   340        A           599             3             599           602             0   95
340   341        C           602             7             605           612             3  Gas
341   342        C           602             5             612           617            10  Gas
342   343        C           603             5             617           622            14  Gas
343   344        C           606             7             622           629            16  Gas
344   345        B           607             1             607           608             0   90
345   346        C           609             7             629           636            20  Gas
346   347        C           611             5             636           641            25  Gas
347   348        C           612             7             612           619             0   90
348   349        C           612             7             641           648            29  Gas
349   350        B           614             3             614           617             0   95
350   351        B           615             1             619           620             4   90
351   352        B           616             3             617           620             1   95
352   353        C           618             7             648           655            30  Gas
353   354        B           618             3             620           623             2   95
354   355        C           621             3             655           658            34  Gas
355   356        A           621             2             623           625             2   95
356   357        B           623             2             625           627             2   95
357   358        B           624             3             624           627             0   90
358   359        B           625             2             627           629             2   95
359   360        B           625             3             629           632             4   95
360   361        C           626             3             658           661            32  Gas
361   362        C           629             3             629           632             0   90
362   363        B           632             3             632           635             0   90
363   364        C           633             3             661           664            28  Gas
364   365        A           635             1             635           636             0   95
365   366        A           638             3             638           641             0   95
366   367        A           639             3             641           644             2   95
367   368        C           642             5             664           669            22  Gas
368   369        A           645             1             645           646             0   95
369   370        B           645             3             646           649             1   95
370   371        C           647             5             669           674            22  Gas
371   372        A           649             1             649           650             0   95
372   373        A           651             3             651           654             0   95
373   374        B           654             3             654           657             0   95
374   375        C           656             5             656           661             0   90
375   376        C           659             7             661           668             2   90
376   377        B           661             3             668           671             7   90
377   378        C           664             5             671           676             7   90
378   379        A           666             2             666           668             0   95
379   380        C           666             7             674           681             8  Gas
380   381        B           669             2             669           671             0   95
381   382        C           670             7             676           683             6   90
382   383        C           673             7             681           688             8  Gas
383   384        B           676             2             683           685             7   90
384   385        C           678             5             688           693            10  Gas
385   386        C           678             5             693           698            15  Gas
386   387        B           680             3             680           683             0   95
387   388        C           682             5             698           703            16  Gas
388   389        B           683             3             685           688             2   90
389   390        B           685             2             685           687             0   95
390   391        A           688             1             688           689             0   95
391   392        C           688             5             703           708            15  Gas
392   393        C           691             5             708           713            17  Gas
393   394        B           694             3             694           697             0   95
394   395        C           696             3             713           716            17  Gas
395   396        B           699             1             699           700             0   90
396   397        B           699             3             700           703             1   90
397   398        A           700             3             700           703             0   95
398   399        C           703             3             716           719            13  Gas
399   400        A           706             1             706           707             0   95
400   401        A           709             3             709           712             0   95
401   402        B           711             1             711           712             0   90
402   403        B           713             3             713           716             0   95
403   404        C           716             5             719           724             3  Gas
404   405        C           719             5             719           724             0   90
405   406        C           720             3             724           727             4   90
406   407        B           723             2             723           725             0   95
407   408        B           724             3             725           728             1   95
408   409        A           725             3             728           731             3   95
409   410        B           728             2             731           733             3   95
410   411        B           729             3             733           736             4   95
411   412        C           730             7             730           737             0  Gas
412   413        B           733             3             736           739             3   95
413   414        C           734             7             737           744             3  Gas
414   415        A           737             2             739           741             2   95
415   416        B           740             2             741           743             1   95
416   417        C           742             7             742           749             0   90
417   418        C           744             3             744           747             0  Gas
418   419        C           747             5             747           752             0  Gas
419   420        C           750             5             750           755             0   90
420   421        C           752             5             752           757             0  Gas
421   422        B           753             3             753           756             0   95
422   423        B           753             3             756           759             3   95
423   424        A           756             2             759           761             3   95
424   425        C           759             5             759           764             0  Gas
425   426        C           761             3             764           767             3  Gas
426   427        C           762             7             762           769             0   90
427   428        C           763             5             767           772             4  Gas
428   429        C           766             5             772           777             6  Gas
429   430        B           769             3             769           772             0   95
430   431        B           769             2             769           771             0   90
431   432        B           769             3             771           774             2   90
432   433        B           769             1             774           775             5   90
433   434        B           771             1             775           776             4   90
434   435        B           772             1             772           773             0   95
435   436        A           775             2             775           777             0   95
436   437        C           777             7             777           784             0  Gas
437   438        C           779             5             779           784             0   90
438   439        B           782             3             782           785             0   95
439   440        C           785             5             785           790             0   90
440   441        C           787             7             790           797             3   90
441   442        C           787             7             787           794             0  Gas
442   443        A           787             3             787           790             0   95
443   444        B           790             3             790           793             0   95
444   445        C           790             5             794           799             4  Gas
445   446        B           791             3             793           796             2   95
446   447        C           794             7             799           806             5  Gas
447   448        C           795             5             806           811            11  Gas
448   449        A           798             3             798           801             0   95
449   450        B           800             2             801           803             1   95
450   451        C           801             5             811           816            10  Gas
451   452        B           802             2             803           805             1   95
452   453        C           803             5             816           821            13  Gas
453   454        C           806             5             806           811             0   90
454   455        B           808             3             808           811             0   95
455   456        A           811             2             811           813             0   95
456   457        B           812             3             813           816             1   95
457   458        C           815             5             815           820             0   90
458   459        C           816             5             821           826             5  Gas
459   460        C           816             7             820           827             4   90
460   461        C           817             3             826           829             9  Gas
461   462        B           819             3             819           822             0   95
462   463        B           820             3             827           830             7   90
463   464        B           820             2             830           832            10   90
464   465        C           822             3             832           835            10   90
465   466        B           824             2             835           837            11   90
466   467        B           824             3             824           827             0   95
467   468        C           826             3             829           832             3  Gas
468   469        C           828             5             837           842             9   90
469   470        B           829             3             842           845            13   90
470   471        B           831             2             831           833             0   95
471   472        B           834             3             845           848            11   90
472   473        C           837             7             837           844             0  Gas
473   474        C           840             5             844           849             4  Gas
474   475        C           843             5             848           853             5   90
475   476        C           844             7             849           856             5  Gas
476   477        C           846             5             856           861            10  Gas
477   478        C           848             5             853           858             5   90
478   479        C           850             5             858           863             8   90
479   480        C           853             5             861           866             8  Gas
480   481        B           854             2             863           865             9   90
481   482        A           857             3             857           860             0   95
482   483        C           860             5             865           870             5   90
483   484        A           862             2             862           864             0   95
484   485        C           863             5             870           875             7   90
485   486        C           863             5             866           871             3  Gas
486   487        B           866             3             866           869             0   95
487   488        C           868             7             875           882             7   90
488   489        B           868             3             869           872             1   95
489   490        A           871             2             872           874             1   95
490   491        C           872             7             872           879             0  Gas
491   492        C           874             5             879           884             5  Gas
492   493        B           874             1             882           883             8   90
493   494        A           877             3             877           880             0   95
494   495        C           880             5             883           888             3   90
495   496        A           883             3             883           886             0   95
496   497        B           884             2             886           888             2   95
497   498        C           884             7             888           895             4   90
498   499        A           885             2             888           890             3   95
499   500        B           887             2             890           892             3   95
500   501        C           890             7             895           902             5   90
501   502        B           893             2             893           895             0   95
502   503        A           893             3             895           898             2   95
503   504        C           896             7             902           909             6   90
504   505        A           899             3             899           902             0   95
505   506        A           901             3             902           905             1   95
506   507        B           904             2             905           907             1   95
507   508        C           907             5             909           914             2   90
508   509        C           910             5             910           915             0  Gas
509   510        C           910             5             915           920             5  Gas
510   511        C           910             3             920           923            10  Gas
511   512        C           913             5             923           928            10  Gas
512   513        B           916             2             916           918             0   95
513   514        A           917             3             918           921             1   95
514   515        C           920             5             928           933             8  Gas
515   516        B           923             1             923           924             0   90
516   517        B           926             1             926           927             0   95
517   518        B           927             2             927           929             0   95
518   519        A           927             2             929           931             2   95
519   520        A           927             3             931           934             4   95
520   521        C           927             7             933           940             6  Gas
521   522        B           930             1             930           931             0   90
522   523        B           933             3             934           937             1   95
523   524        B           933             1             937           938             4   95
524   525        A           936             3             938           941             2   95
525   526        C           938             7             940           947             2  Gas
526   527        B           939             3             939           942             0   90
527   528        C           940             5             947           952             7  Gas
528   529        C           941             5             952           957            11  Gas
529   530        C           944             7             944           951             0   90
530   531        C           944             5             951           956             7   90
531   532        C           947             5             956           961             9   90
532   533        A           949             2             949           951             0   95
533   534        C           951             5             961           966            10   90
534   535        B           953             2             966           968            13   90
535   536        A           953             3             953           956             0   95
536   537        C           956             7             957           964             1  Gas
537   538        C           959             7             968           975             9   90
538   539        B           962             1             962           963             0   95
539   540        C           963             5             964           969             1  Gas
540   541        C           966             3             969           972             3  Gas
541   542        A           969             3             969           972             0   95
542   543        C           972             3             972           975             0  Gas
543   544        A           973             3             973           976             0   95
544   545        B           975             3             976           979             1   95
545   546        B           975             1             979           980             4   95
546   547        C           978             3             978           981             0   90
547   548        C           980             3             980           983             0  Gas
548   549        B           983             3             983           986             0   95
549   550        A           986             3             986           989             0   95
550   551        C           987             5             987           992             0  Gas
551   552        C           990             5             990           995             0   90
552   553        B           991             2             991           993             0   95
553   554        C           992             7             992           999             0  Gas
554   555        C           993             5             995          1000             2   90
555   556        B           993             1             993           994             0   95
556   557        A           996             3             996           999             0   95
557   558        B           997             2             999          1001             2   95
558   559        C           998             5             999          1004             1  Gas
559   560        B           999             3            1000          1003             1   90
560   561        B          1000             2            1001          1003             1   95
561   562        B          1002             1            1003          1004             1   95
562   563        C          1003             3            1004          1007             1  Gas
563   564        C          1005             5            1005          1010             0   90
564   565        C          1006             5            1007          1012             1  Gas
565   566        C          1008             7            1012          1019             4  Gas
566   567        A          1010             3            1010          1013             0   95
567   568        B          1010             3            1013          1016             3   95
568   569        B          1010             1            1010          1011             0   90
569   570        B          1012             3            1012          1015             0   90
570   571        A          1012             1            1016          1017             4   95
571   572        B          1014             3            1017          1020             3   95
572   573        C          1016             5            1016          1021             0   90
573   574        C          1017             5            1021          1026             4   90
574   575        A          1018             2            1020          1022             2   95
575   576        C          1020             5            1020          1025             0  Gas
576   577        C          1020             3            1025          1028             5  Gas
577   578        C          1022             7            1028          1035             6  Gas
578   579        C          1023             5            1035          1040            12  Gas
579   580        A          1023             2            1023          1025             0   95
580   581        C          1023             5            1026          1031             3   90
581   582        C          1023             7            1040          1047            17  Gas
582   583        C          1024             3            1047          1050            23  Gas
583   584        C          1027             7            1050          1057            23  Gas
584   585        A          1028             1            1028          1029             0   95
585   586        B          1031             3            1031          1034             0   95
586   587        B          1031             3            1034          1037             3   95
587   588        B          1032             3            1037          1040             5   95
588   589        B          1034             1            1034          1035             0   90
589   590        C          1035             7            1035          1042             0   90
590   591        A          1036             3            1040          1043             4   95
591   592        B          1039             3            1043          1046             4   95
592   593        B          1039             1            1046          1047             7   95
593   594        A          1040             2            1047          1049             7   95
594   595        C          1042             5            1042          1047             0   90
595   596        A          1042             3            1049          1052             7   95
596   597        B          1044             3            1052          1055             8   95
597   598        C          1046             7            1057          1064            11  Gas
598   599        C          1047             5            1064          1069            17  Gas
599   600        A          1050             3            1055          1058             5   95
600   601        C          1052             5            1052          1057             0   90
601   602        C          1054             5            1069          1074            15  Gas
602   603        C          1055             7            1057          1064             2   90
603   604        C          1057             5            1064          1069             7   90
604   605        A          1060             3            1060          1063             0   95
605   606        C          1062             5            1069          1074             7   90
606   607        B          1063             1            1063          1064             0   95
607   608        B          1066             3            1066          1069             0   95
608   609        B          1069             1            1074          1075             5   90
609   610        A          1070             2            1070          1072             0   95
610   611        C          1072             5            1075          1080             3   90
611   612        A          1073             3            1073          1076             0   95
612   613        B          1075             2            1076          1078             1   95
613   614        C          1078             5            1078          1083             0  Gas
614   615        C          1078             5            1080          1085             2   90
615   616        B          1081             3            1085          1088             4   90
616   617        B          1082             2            1082          1084             0   95
617   618        A          1083             2            1084          1086             1   95
618   619        A          1085             1            1086          1087             1   95
619   620        C          1088             5            1088          1093             0  Gas
620   621        C          1088             5            1093          1098             5  Gas
621   622        C          1088             3            1098          1101            10  Gas
622   623        B          1091             3            1091          1094             0   90
623   624        B          1092             3            1094          1097             2   90
624   625        C          1093             5            1097          1102             4   90
625   626        C          1096             5            1102          1107             6   90
626   627        C          1098             7            1107          1114             9   90
627   628        A          1100             1            1100          1101             0   95
628   629        A          1103             1            1103          1104             0   95
629   630        A          1106             1            1106          1107             0   95
630   631        B          1107             2            1107          1109             0   95
631   632        B          1107             3            1109          1112             2   95
632   633        B          1107             3            1114          1117             7   90
633   634        A          1110             1            1112          1113             2   95
634   635        C          1113             3            1113          1116             0  Gas
635   636        C          1115             7            1117          1124             2   90
636   637        C          1116             3            1124          1127             8   90
637   638        A          1119             2            1119          1121             0   95
638   639        C          1122             5            1127          1132             5   90
639   640        A          1125             3            1125          1128             0   95
640   641        B          1128             2            1132          1134             4   90
641   642        A          1131             2            1131          1133             0   95
642   643        C          1131             5            1131          1136             0  Gas
643   644        C          1131             5            1136          1141             5  Gas
644   645        C          1133             3            1141          1144             8  Gas
645   646        C          1136             5            1144          1149             8  Gas
646   647        B          1138             2            1138          1140             0   90
647   648        C          1140             3            1149          1152             9  Gas
648   649        C          1141             7            1152          1159            11  Gas
649   650        C          1144             7            1159          1166            15  Gas
650   651        C          1146             5            1146          1151             0   90
651   652        C          1149             5            1166          1171            17  Gas
652   653        A          1151             3            1151          1154             0   95
653   654        B          1153             2            1153          1155             0   90
654   655        B          1156             3            1156          1159             0   90
655   656        A          1158             3            1158          1161             0   95
656   657        A          1161             3            1161          1164             0   95
657   658        A          1163             1            1164          1165             1   95
658   659        B          1166             3            1166          1169             0   90
659   660        C          1168             7            1169          1176             1   90
660   661        B          1168             3            1176          1179             8   90
661   662        C          1168             5            1179          1184            11   90
662   663        A          1169             1            1169          1170             0   95
663   664        B          1169             1            1170          1171             1   95
664   665        C          1172             5            1172          1177             0  Gas
665   666        A          1175             3            1175          1178             0   95
666   667        B          1176             1            1178          1179             2   95
667   668        C          1177             3            1184          1187             7   90
668   669        C          1180             5            1180          1185             0  Gas
669   670        B          1183             3            1183          1186             0   95
670   671        C          1184             5            1187          1192             3   90
671   672        C          1186             7            1186          1193             0  Gas
672   673        B          1186             2            1186          1188             0   95
673   674        C          1187             5            1193          1198             6  Gas
674   675        B          1190             1            1192          1193             2   90
675   676        B          1193             1            1193          1194             0   90
676   677        C          1196             5            1198          1203             2  Gas
677   678        B          1196             3            1196          1199             0   95
678   679        A          1197             2            1199          1201             2   95
679   680        C          1200             5            1203          1208             3  Gas
680   681        A          1203             3            1203          1206             0   95
681   682        C          1206             7            1208          1215             2  Gas
682   683        C          1206             3            1215          1218             9  Gas
683   684        A          1209             2            1209          1211             0   95
684   685        B          1212             1            1212          1213             0   95
685   686        B          1215             2            1215          1217             0   95
686   687        B          1216             3            1216          1219             0   90
687   688        A          1219             3            1219          1222             0   95
688   689        B          1220             2            1222          1224             2   95
689   690        A          1223             2            1224          1226             1   95
690   691        C          1224             7            1224          1231             0   90
691   692        A          1227             3            1227          1230             0   95
692   693        A          1228             3            1230          1233             2   95
693   694        B          1228             2            1231          1233             3   90
694   695        C          1229             7            1233          1240             4   90
695   696        C          1232             5            1240          1245             8   90
696   697        A          1232             1            1233          1234             1   95
697   698        C          1235             7            1235          1242             0  Gas
698   699        A          1236             2            1236          1238             0   95
699   700        B          1238             1            1238          1239             0   95
700   701        C          1238             3            1245          1248             7   90
701   702        C          1240             7            1242          1249             2  Gas
702   703        B          1243             2            1243          1245             0   95
703   704        B          1246             1            1248          1249             2   90
704   705        C          1248             3            1249          1252             1   90
705   706        C          1251             5            1251          1256             0  Gas
706   707        C          1253             5            1256          1261             3  Gas
707   708        B          1256             3            1256          1259             0   90
708   709        C          1258             5            1261          1266             3  Gas
709   710        A          1261             3            1261          1264             0   95
710   711        B          1261             3            1264          1267             3   95
711   712        C          1262             5            1266          1271             4  Gas
712   713        A          1265             2            1267          1269             2   95
713   714        C          1266             7            1271          1278             5  Gas
714   715        B          1269             3            1269          1272             0   90
715   716        C          1271             3            1278          1281             7  Gas
716   717        C          1273             5            1281          1286             8  Gas
717   718        B          1275             1            1275          1276             0   95
718   719        B          1277             3            1277          1280             0   90
719   720        C          1280             5            1280          1285             0   90
720   721        C          1282             7            1286          1293             4  Gas
721   722        C          1282             5            1285          1290             3   90
722   723        A          1283             2            1283          1285             0   95
723   724        C          1283             5            1293          1298            10  Gas
724   725        C          1286             5            1290          1295             4   90
725   726        B          1289             3            1289          1292             0   95
726   727        C          1291             7            1298          1305             7  Gas
727   728        B          1292             3            1292          1295             0   95
728   729        A          1294             2            1295          1297             1   95
729   730        B          1295             2            1297          1299             2   95
730   731        B          1298             2            1299          1301             1   95
731   732        B          1300             3            1301          1304             1   95
732   733        B          1303             2            1304          1306             1   95
733   734        A          1303             3            1306          1309             3   95
734   735        A          1305             2            1309          1311             4   95
735   736        A          1307             2            1311          1313             4   95
736   737        B          1309             2            1313          1315             4   95
737   738        C          1311             3            1311          1314             0  Gas
738   739        A          1314             2            1315          1317             1   95
739   740        C          1317             3            1317          1320             0  Gas
740   741        C          1317             5            1320          1325             3  Gas
741   742        C          1317             7            1317          1324             0   90
742   743        B          1320             3            1324          1327             4   90
743   744        B          1322             3            1327          1330             5   90
744   745        B          1322             1            1330          1331             8   90
745   746        B          1325             3            1325          1328             0   95
746   747        A          1328             2            1328          1330             0   95
747   748        C          1330             5            1330          1335             0  Gas
748   749        A          1332             3            1332          1335             0   95
749   750        C          1332             5            1335          1340             3  Gas
750   751        C          1333             7            1333          1340             0   90
751   752        C          1335             5            1340          1345             5   90
752   753        C          1336             5            1340          1345             4  Gas
753   754        B          1336             2            1336          1338             0   95
754   755        B          1337             3            1338          1341             1   95
755   756        B          1340             3            1341          1344             1   95
756   757        C          1341             7            1345          1352             4  Gas
757   758        C          1344             5            1345          1350             1   90
758   759        C          1347             5            1350          1355             3   90
759   760        C          1348             5            1355          1360             7   90
760   761        A          1350             3            1350          1353             0   95
761   762        C          1351             5            1352          1357             1  Gas
762   763        B          1353             3            1353          1356             0   95
763   764        B          1355             3            1360          1363             5   90
764   765        B          1356             2            1363          1365             7   90
765   766        C          1357             5            1365          1370             8   90
766   767        B          1359             3            1359          1362             0   95
767   768        B          1362             3            1370          1373             8   90
768   769        A          1365             2            1365          1367             0   95
769   770        B          1368             3            1368          1371             0   95
770   771        C          1369             3            1369          1372             0  Gas
771   772        C          1370             5            1372          1377             2  Gas
772   773        A          1372             2            1372          1374             0   95
773   774        B          1373             3            1373          1376             0   90
774   775        B          1376             3            1376          1379             0   95
775   776        A          1379             3            1379          1382             0   95
776   777        B          1380             3            1382          1385             2   95
777   778        C          1382             5            1382          1387             0   90
778   779        A          1383             1            1385          1386             2   95
779   780        A          1385             2            1386          1388             1   95
780   781        A          1386             2            1388          1390             2   95
781   782        C          1389             3            1389          1392             0   90
782   783        C          1392             7            1392          1399             0  Gas
783   784        C          1395             5            1399          1404             4  Gas
784   785        C          1396             5            1404          1409             8  Gas
785   786        B          1397             3            1397          1400             0   95
786   787        B          1399             2            1399          1401             0   90
787   788        B          1402             2            1402          1404             0   95
788   789        C          1405             3            1409          1412             4  Gas
789   790        C          1408             5            1408          1413             0   90
790   791        A          1409             2            1409          1411             0   95
791   792        B          1410             3            1411          1414             1   95
792   793        B          1412             3            1414          1417             2   95
793   794        C          1415             5            1415          1420             0  Gas
794   795        A          1415             3            1417          1420             2   95
795   796        B          1417             3            1420          1423             3   95
796   797        B          1417             3            1423          1426             6   95
797   798        B          1420             3            1420          1423             0   90
798   799        B          1421             3            1426          1429             5   95
799   800        B          1424             3            1429          1432             5   95
800   801        C          1425             5            1425          1430             0  Gas
801   802        A          1428             3            1432          1435             4   95
802   803        B          1431             3            1431          1434             0   90
803   804        A          1431             2            1435          1437             4   95
804   805        B          1432             3            1434          1437             2   90
805   806        B          1435             3            1437          1440             2   95
806   807        B          1436             3            1437          1440             1   90
807   808        B          1438             1            1440          1441             2   95
808   809        C          1441             5            1441          1446             0  Gas
809   810        A          1443             3            1443          1446             0   95
810   811        B          1445             2            1446          1448             1   95
811   812        B          1448             3            1448          1451             0   95
812   813        C          1448             7            1448          1455             0  Gas
813   814        C          1449             7            1449          1456             0   90
814   815        C          1450             5            1455          1460             5  Gas
815   816        B          1452             3            1456          1459             4   90
816   817        C          1454             7            1460          1467             6  Gas
817   818        C          1456             5            1467          1472            11  Gas
818   819        C          1459             5            1472          1477            13  Gas
819   820        A          1459             3            1459          1462             0   95
820   821        A          1462             2            1462          1464             0   95
821   822        C          1465             5            1477          1482            12  Gas
822   823        A          1467             1            1467          1468             0   95
823   824        B          1470             1            1470          1471             0   95
824   825        C          1473             5            1473          1478             0   90
825   826        C          1476             5            1482          1487             6  Gas
826   827        A          1479             3            1479          1482             0   95
827   828        B          1479             3            1482          1485             3   95
828   829        A          1481             2            1485          1487             4   95
829   830        C          1483             5            1487          1492             4  Gas
830   831        C          1486             5            1486          1491             0   90
831   832        C          1488             5            1492          1497             4  Gas
832   833        B          1491             3            1491          1494             0   95
833   834        B          1492             1            1492          1493             0   90
834   835        C          1494             5            1497          1502             3  Gas
835   836        B          1495             1            1495          1496             0   95
836   837        B          1498             2            1498          1500             0   90
837   838        B          1501             3            1501          1504             0   90
838   839        B          1501             3            1501          1504             0   95
839   840        B          1504             1            1504          1505             0   90
840   841        B          1507             1            1507          1508             0   90
841   842        A          1509             3            1509          1512             0   95
842   843        A          1512             3            1512          1515             0   95
843   844        B          1515             3            1515          1518             0   95
844   845        C          1518             5            1518          1523             0   90
845   846        A          1521             2            1521          1523             0   95
846   847        A          1522             3            1523          1526             1   95
847   848        A          1522             2            1526          1528             4   95
848   849        C          1525             5            1525          1530             0  Gas
849   850        B          1528             1            1528          1529             0   95
850   851        B          1531             2            1531          1533             0   90
851   852        C          1532             3            1533          1536             1   90
852   853        B          1535             3            1535          1538             0   95
853   854        C          1537             7            1537          1544             0  Gas
854   855        C          1537             7            1544          1551             7  Gas
855   856        C          1540             5            1540          1545             0   90
856   857        A          1541             2            1541          1543             0   95
857   858        C          1541             7            1545          1552             4   90
858   859        A          1544             3            1544          1547             0   95
859   860        C          1544             5            1552          1557             8   90
860   861        C          1547             7            1557          1564            10   90
861   862        B          1549             3            1549          1552             0   95
862   863        C          1549             5            1551          1556             2  Gas
863   864        C          1550             7            1564          1571            14   90
864   865        C          1552             3            1556          1559             4  Gas
865   866        A          1553             3            1553          1556             0   95
866   867        C          1554             5            1571          1576            17   90
867   868        C          1555             7            1576          1583            21   90
868   869        C          1557             5            1583          1588            26   90
869   870        A          1558             3            1558          1561             0   95
870   871        C          1560             7            1560          1567             0  Gas
871   872        C          1563             5            1567          1572             4  Gas
872   873        C          1566             3            1572          1575             6  Gas
873   874        C          1568             5            1575          1580             7  Gas
874   875        B          1571             3            1571          1574             0   95
875   876        B          1574             1            1574          1575             0   95
876   877        A          1575             1            1575          1576             0   95
877   878        A          1578             2            1578          1580             0   95
878   879        A          1580             3            1580          1583             0   95
879   880        C          1581             5            1581          1586             0  Gas
880   881        C          1583             3            1586          1589             3  Gas
881   882        B          1584             3            1588          1591             4   90
882   883        C          1587             5            1589          1594             2  Gas
883   884        C          1588             3            1591          1594             3   90
884   885        C          1591             5            1594          1599             3  Gas
885   886        C          1592             5            1594          1599             2   90
886   887        C          1595             3            1599          1602             4  Gas
887   888        A          1595             2            1595          1597             0   95
888   889        A          1597             3            1597          1600             0   95
889   890        B          1600             3            1600          1603             0   95
890   891        C          1602             5            1602          1607             0  Gas
891   892        C          1603             5            1607          1612             4  Gas
892   893        C          1604             7            1612          1619             8  Gas
893   894        C          1607             5            1607          1612             0   90
894   895        C          1610             5            1619          1624             9  Gas
895   896        B          1612             2            1612          1614             0   95
896   897        C          1613             3            1624          1627            11  Gas
897   898        B          1614             1            1614          1615             0   95
898   899        C          1615             7            1627          1634            12  Gas
899   900        B          1617             3            1617          1620             0   95
900   901        B          1620             2            1620          1622             0   90
901   902        B          1623             2            1623          1625             0   90
902   903        B          1625             2            1625          1627             0   95
903   904        A          1627             1            1627          1628             0   95
904   905        B          1630             3            1630          1633             0   90
905   906        B          1632             3            1633          1636             1   90
906   907        C          1632             7            1636          1643             4   90
907   908        C          1632             5            1634          1639             2  Gas
908   909        C          1635             3            1639          1642             4  Gas
909   910        C          1635             5            1643          1648             8   90
910   911        C          1636             3            1648          1651            12   90
911   912        B          1637             2            1637          1639             0   95
912   913        B          1640             3            1640          1643             0   95
913   914        C          1642             5            1642          1647             0  Gas
914   915        B          1643             1            1643          1644             0   95
915   916        B          1646             3            1646          1649             0   95
916   917        C          1649             7            1651          1658             2   90
917   918        C          1651             7            1651          1658             0  Gas
918   919        B          1654             3            1654          1657             0   95
919   920        A          1657             2            1657          1659             0   95
920   921        C          1657             5            1658          1663             1   90
921   922        B          1660             2            1660          1662             0   95
922   923        C          1662             5            1662          1667             0  Gas
923   924        A          1664             1            1664          1665             0   95
924   925        C          1666             5            1667          1672             1  Gas
925   926        C          1669             3            1669          1672             0   90
926   927        C          1671             7            1672          1679             1   90
927   928        C          1672             3            1679          1682             7   90
928   929        A          1675             3            1675          1678             0   95
929   930        B          1678             3            1682          1685             4   90
930   931        C          1681             5            1681          1686             0  Gas
931   932        A          1681             1            1681          1682             0   95
932   933        C          1682             3            1686          1689             4  Gas
933   934        C          1685             3            1685          1688             0   90
934   935        B          1685             1            1688          1689             3   90
935   936        B          1688             2            1688          1690             0   95
936   937        C          1689             3            1689          1692             0  Gas
937   938        C          1690             5            1690          1695             0   90
938   939        A          1693             3            1693          1696             0   95
939   940        A          1695             2            1696          1698             1   95
940   941        B          1697             1            1697          1698             0   90
941   942        B          1697             3            1698          1701             1   95
942   943        C          1700             5            1700          1705             0   90
943   944        C          1703             7            1705          1712             2   90
944   945        A          1706             1            1706          1707             0   95
945   946        B          1709             2            1709          1711             0   95
946   947        C          1712             7            1712          1719             0  Gas
947   948        A          1714             2            1714          1716             0   95
948   949        B          1717             1            1717          1718             0   95
949   950        A          1720             3            1720          1723             0   95
950   951        A          1723             3            1723          1726             0   95
951   952        B          1725             1            1726          1727             1   95
952   953        A          1725             3            1727          1730             2   95
953   954        C          1728             7            1728          1735             0  Gas
954   955        B          1729             2            1730          1732             1   95
955   956        A          1732             3            1732          1735             0   95
956   957        C          1735             5            1735          1740             0   90
957   958        C          1738             5            1738          1743             0  Gas
958   959        B          1738             3            1740          1743             2   90
959   960        A          1740             3            1740          1743             0   95
960   961        C          1741             5            1743          1748             2  Gas
961   962        B          1744             1            1744          1745             0   90
962   963        C          1747             3            1748          1751             1  Gas
963   964        C          1749             5            1751          1756             2  Gas
964   965        C          1749             5            1756          1761             7  Gas
965   966        B          1749             2            1749          1751             0   95
966   967        C          1752             5            1752          1757             0   90
967   968        C          1753             7            1757          1764             4   90
968   969        C          1756             7            1761          1768             5  Gas
969   970        A          1758             1            1758          1759             0   95
970   971        B          1760             2            1760          1762             0   95
971   972        B          1763             3            1763          1766             0   95
972   973        B          1766             1            1766          1767             0   95
973   974        B          1768             2            1768          1770             0   90
974   975        B          1769             2            1770          1772             1   90
975   976        A          1772             2            1772          1774             0   95
976   977        C          1775             5            1775          1780             0  Gas
977   978        A          1778             2            1778          1780             0   95
978   979        C          1781             3            1781          1784             0   90
979   980        C          1781             3            1781          1784             0  Gas
980   981        A          1783             2            1783          1785             0   95
981   982        B          1786             3            1786          1789             0   90
982   983        B          1789             2            1789          1791             0   95
983   984        B          1790             2            1791          1793             1   95
984   985        B          1793             2            1793          1795             0   95
985   986        B          1796             1            1796          1797             0   90
986   987        C          1799             5            1799          1804             0  Gas
987   988        B          1802             3            1802          1805             0   95
988   989        C          1803             5            1804          1809             1  Gas
989   990        C          1804             3            1809          1812             5  Gas
990   991        C          1804             5            1804          1809             0   90
991   992        C          1804             5            1809          1814             5   90
992   993        A          1807             3            1807          1810             0   95
993   994        B          1810             3            1810          1813             0   95
994   995        B          1813             2            1813          1815             0   95
995   996        C          1813             3            1813          1816             0  Gas
996   997        C          1813             5            1816          1821             3  Gas
997   998        C          1815             3            1815          1818             0   90
998   999        C          1817             7            1821          1828             4  Gas
999  1000        B          1819             1            1819          1820             0   90