      Car Category  Arrival Time  Service Time  Service Begins  Service Ends  Waiting Time Pump
0       1        B             3             1               3             4             0   90
1       2        B             3             3               4             7             1   90
2       3        A             6             3               6             9             0   95
3       4        A             6             1               9            10             3   95
4       5        C             9             5               9            14             0  Gas
5       6        C            10             3              14            17             4  Gas
6       7        A            10             3              10            13             0   95
7       8        B            13             2              13            15             0   90
8       9        C            14             7              17            24             3  Gas
9      10        A            14             1              14            15             0   95
10     11        A            17             2              17            19             0   95
11     12        C            19             3              24            27             5  Gas
12     13        B            21             3              21            24             0   90
13     14        C            21             7              27            34             6  Gas
14     15        C            23             5              34            39            11  Gas
15     16        C            26             3              39            42            13  Gas
16     17        C            29             7              42            49            13  Gas
17     18        C            29             7              49            56            20  Gas
18     19        B            31             3              31            34             0   95
19     20        B            32             3              32            35             0   90
20     21        A            34             3              34            37             0   95
21     22        B            36             1              37            38             1   95
22     23        B            38             3              38            41             0   90
23     24        C            41             5              41            46             0   90
24     25        B            43             3              46            49             3   90
25     26        C            44             7              49            56             5   90
26     27        C            46             5              56            61            10   90
27     28        C            47             7              56            63             9  Gas
28     29        B            48             3              48            51             0   95
29     30        C            50             3              61            64            11   90
30     31        C            51             7              63            70            12  Gas
31     32        B            53             2              64            66            11   90
32     33        B            56             2              56            58             0   95
33     34        C            56             3              70            73            14  Gas
34     35        A            59             3              59            62             0   95
35     36        B            62             3              62            65             0   95
36     37        B            65             2              65            67             0   95
37     38        C            65             7              66            73             1   90
38     39        C            66             5              73            78             7   90
39     40        C            67             5              73            78             6  Gas
40     41        B            68             1              68            69             0   95
41     42        C            70             7              78            85             8  Gas
42     43        A            71             2              71            73             0   95
43     44        C            74             5              85            90            11  Gas
44     45        C            77             5              90            95            13  Gas
45     46        C            79             7              95           102            16  Gas
46     47        B            80             3              80            83             0   95
47     48        C            83             7              83            90             0   90
48     49        B            84             3              84            87             0   95
49     50        A            87             1              87            88             0   95
50     51        C            88             3             102           105            14  Gas
51     52        A            91             1              91            92             0   95
52     53        C            94             5              94            99             0   90
53     54        C            96             7             105           112             9  Gas
54     55        C            99             5              99           104             0   90
55     56        B           100             2             104           106             4   90
56     57        B           103             2             106           108             3   90
57     58        B           105             3             105           108             0   95
58     59        C           105             3             108           111             3   90
59     60        C           107             7             111           118             4   90
60     61        B           107             2             108           110             1   95
61     62        C           108             5             118           123            10   90
62     63        C           108             7             112           119             4  Gas
63     64        C           111             5             123           128            12   90
64     65        C           113             5             128           133            15   90
65     66        B           115             2             115           117             0   95
66     67        C           116             5             133           138            17   90
67     68        B           119             2             119           121             0   95
68     69        B           121             3             121           124             0   95
69     70        B           124             3             124           127             0   95
70     71        B           125             2             127           129             2   95
71     72        C           126             7             138           145            12   90
72     73        B           129             3             129           132             0   95
73     74        C           132             3             132           135             0  Gas
74     75        B           135             1             135           136             0   95
75     76        B           136             1             145           146             9   90
76     77        C           137             5             146           151             9   90
77     78        B           140             3             151           154            11   90
78     79        C           142             5             142           147             0  Gas
79     80        C           145             7             147           154             2  Gas
80     81        C           148             5             154           159             6  Gas
81     82        A           148             2             148           150             0   95
82     83        A           150             2             150           152             0   95
83     84        C           153             5             154           159             1   90
84     85        A           156             3             156           159             0   95
85     86        B           157             3             159           162             2   95
86     87        C           158             5             159           164             1   90
87     88        A           158             2             162           164             4   95
88     89        C           158             5             159           164             1  Gas
89     90        A           161             2             164           166             3   95
90     91        C           162             5             164           169             2  Gas
91     92        B           165             3             166           169             1   95
92     93        C           165             7             169           176             4  Gas
93     94        C           167             7             167           174             0   90
94     95        C           169             5             174           179             5   90
95     96        A           170             3             170           173             0   95
96     97        C           170             7             176           183             6  Gas
97     98        C           170             7             183           190            13  Gas
98     99        A           173             2             173           175             0   95
99    100        C           174             5             190           195            16  Gas
100   101        A           177             3             177           180             0   95
101   102        C           179             5             179           184             0   90
102   103        C           179             7             195           202            16  Gas
103   104        A           180             2             180           182             0   95
104   105        C           181             5             184           189             3   90
105   106        A           184             2             184           186             0   95
106   107        C           186             5             202           207            16  Gas
107   108        A           187             2             187           189             0   95
108   109        C           190             7             190           197             0   90
109   110        C           190             7             207           214            17  Gas
110   111        C           191             5             214           219            23  Gas
111   112        B           194             2             197           199             3   90
112   113        C           194             7             219           226            25  Gas
113   114        A           195             3             195           198             0   95
114   115        C           195             5             199           204             4   90
115   116        B           198             3             204           207             6   90
116   117        C           201             5             207           212             6   90
117   118        C           203             5             226           231            23  Gas
118   119        A           206             2             206           208             0   95
119   120        B           207             2             208           210             1   95
120   121        C           210             5             212           217             2   90
121   122        C           211             3             217           220             6   90
122   123        A           214             3             214           217             0   95
123   124        C           214             7             231           238            17  Gas
124   125        C           216             3             238           241            22  Gas
125   126        C           217             7             220           227             3   90
126   127        B           217             1             227           228            10   90
127   128        B           217             3             217           220             0   95
128   129        A           220             2             220           222             0   95
129   130        A           223             3             223           226             0   95
130   131        A           224             2             226           228             2   95
131   132        C           225             5             241           246            16  Gas
132   133        C           228             5             228           233             0   90
133   134        B           228             3             228           231             0   95
134   135        C           231             5             246           251            15  Gas
135   136        B           231             3             231           234             0   95
136   137        C           233             3             251           254            18  Gas
137   138        B           235             2             235           237             0   90
138   139        C           238             7             254           261            16  Gas
139   140        B           238             3             238           241             0   95
140   141        B           241             1             241           242             0   90
141   142        B           241             1             242           243             1   90
142   143        C           242             5             261           266            19  Gas
143   144        B           245             3             245           248             0   90
144   145        B           245             1             248           249             3   90
145   146        C           248             5             266           271            18  Gas
146   147        A           250             3             250           253             0   95
147   148        C           253             5             271           276            18  Gas
148   149        B           256             2             256           258             0   95
149   150        C           259             7             259           266             0   90
150   151        A           259             2             259           261             0   95
151   152        C           262             3             266           269             4   90
152   153        B           265             3             265           268             0   95
153   154        A           266             3             268           271             2   95
154   155        A           267             1             271           272             4   95
155   156        A           268             1             272           273             4   95
156   157        C           271             3             271           274             0   90
157   158        B           272             3             273           276             1   95
158   159        B           273             1             276           277             3   95
159   160        C           275             7             275           282             0   90
160   161        C           277             7             277           284             0  Gas
161   162        C           277             3             282           285             5   90
162   163        C           278             3             285           288             7   90
163   164        C           281             5             288           293             7   90
164   165        B           281             3             281           284             0   95
165   166        C           282             3             284           287             2  Gas
166   167        B           284             1             284           285             0   95
167   168        C           285             5             287           292             2  Gas
168   169        B           285             2             285           287             0   95
169   170        C           288             7             293           300             5   90
170   171        C           291             3             292           295             1  Gas
171   172        B           294             3             294           297             0   95
172   173        C           295             5             295           300             0  Gas
173   174        C           298             5             300           305             2  Gas
174   175        A           300             2             300           302             0   95
175   176        A           303             2             303           305             0   95
176   177        C           305             7             305           312             0   90
177   178        A           307             3             307           310             0   95
178   179        A           310             3             310           313             0   95
179   180        C           313             5             313           318             0  Gas
180   181        C           316             5             316           321             0   90
181   182        B           319             3             319           322             0   95
182   183        B           321             3             322           325             1   95
183   184        C           322             5             322           327             0  Gas
184   185        A           325             1             325           326             0   95
185   186        B           326             2             326           328             0   95
186   187        C           329             5             329           334             0  Gas
187   188        B           330             3             330           333             0   95
188   189        B           333             3             333           336             0   95
189   190        C           335             3             335           338             0   90
190   191        C           336             5             336           341             0  Gas
191   192        A           337             2             337           339             0   95
192   193        B           337             2             339           341             2   95
193   194        B           338             3             341           344             3   95
194   195        A           341             3             344           347             3   95
195   196        B           343             1             343           344             0   90
196   197        C           345             7             345           352             0  Gas
197   198        B           348             3             348           351             0   95
198   199        C           349             5             349           354             0   90
199   200        B           352             1             352           353             0   95
200   201        C           352             5             352           357             0  Gas
201   202        C           353             7             357           364             4  Gas
202   203        C           356             3             364           367             8  Gas
203   204        A           357             2             357           359             0   95
204   205        C           359             5             367           372             8  Gas
205   206        C           362             5             362           367             0   90
206   207        C           363             3             372           375             9  Gas
207   208        B           365             2             367           369             2   90
208   209        C           365             5             375           380            10  Gas
209   210        B           368             1             369           370             1   90
210   211        B           370             1             370           371             0   90
211   212        C           370             5             371           376             1   90
212   213        C           373             7             380           387             7  Gas
213   214        B           376             3             376           379             0   95
214   215        C           379             5             379           384             0   90
215   216        B           381             1             384           385             3   90
216   217        C           382             3             387           390             5  Gas
217   218        B           384             3             384           387             0   95
218   219        B           387             1             387           388             0   95
219   220        B           390             3             390           393             0   90
220   221        C           393             5             393           398             0  Gas
221   222        C           395             5             395           400             0   90
222   223        A           398             3             398           401             0   95
223   224        A           400             2             401           403             1   95
224   225        C           403             5             403           408             0   90
225   226        C           404             5             404           409             0  Gas
226   227        B           407             2             407           409             0   95
227   228        A           408             3             409           412             1   95
228   229        C           411             5             411           416             0  Gas
229   230        B           414             1             414           415             0   90
230   231        C           415             5             416           421             1  Gas
231   232        C           417             3             421           424             4  Gas
232   233        A           418             1             418           419             0   95
233   234        B           421             3             421           424             0   90
234   235        B           422             1             424           425             2   90
235   236        C           423             7             425           432             2   90
236   237        B           424             3             424           427             0   95
237   238        B           425             3             427           430             2   95
238   239        B           425             2             430           432             5   95
239   240        C           428             5             432           437             4   90
240   241        C           430             3             430           433             0  Gas
241   242        B           433             3             433           436             0   95
242   243        B           433             3             436           439             3   95
243   244        C           433             7             437           444             4   90
244   245        B           436             2             439           441             3   95
245   246        C           437             5             444           449             7   90
246   247        C           440             5             449           454             9   90
247   248        C           441             3             441           444             0  Gas
248   249        C           444             7             454           461            10   90
249   250        A           447             2             447           449             0   95
250   251        C           450             3             450           453             0  Gas
251   252        B           453             2             461           463             8   90
252   253        C           455             5             455           460             0  Gas
253   254        A           458             3             458           461             0   95
254   255        C           460             5             460           465             0  Gas
255   256        C           463             5             465           470             2  Gas
256   257        C           465             5             465           470             0   90
257   258        C           467             5             470           475             3   90
258   259        B           470             3             470           473             0   95
259   260        C           473             5             473           478             0  Gas
260   261        C           476             5             476           481             0   90
261   262        A           477             2             477           479             0   95
262   263        A           480             1             480           481             0   95
263   264        C           480             3             480           483             0  Gas
264   265        C           482             3             483           486             1  Gas
265   266        C           485             3             486           489             1  Gas
266   267        A           488             1             488           489             0   95
267   268        C           491             5             491           496             0  Gas
268   269        C           492             5             492           497             0   90
269   270        B           494             1             497           498             3   90
270   271        A           497             2             497           499             0   95
271   272        C           499             3             499           502             0  Gas
272   273        C           502             5             502           507             0  Gas
273   274        B           504             2             504           506             0   95
274   275        B           507             2             507           509             0   95
275   276        B           510             2             510           512             0   95
276   277        C           513             5             513           518             0  Gas
277   278        B           515             3             515           518             0   95
278   279        C           517             5             518           523             1  Gas
279   280        C           519             5             519           524             0   90
280   281        B           519             1             519           520             0   95
281   282        C           519             5             523           528             4  Gas
282   283        C           520             5             524           529             4   90
283   284        B           520             2             529           531             9   90
284   285        B           520             3             531           534            11   90
285   286        B           520             1             534           535            14   90
286   287        A           523             3             523           526             0   95
287   288        B           524             2             526           528             2   95
288   289        A           527             1             528           529             1   95
289   290        B           528             3             529           532             1   95
290   291        A           529             1             532           533             3   95
291   292        B           530             3             533           536             3   95
292   293        C           531             5             535           540             4   90
293   294        C           534             7             534           541             0  Gas
294   295        C           534             5             540           545             6   90
295   296        C           537             7             545           552             8   90
296   297        C           539             7             552           559            13   90
297   298        C           542             7             542           549             0  Gas
298   299        C           542             3             559           562            17   90
299   300        C           545             5             562           567            17   90
300   301        B           548             3             548           551             0   95
301   302        A           548             3             551           554             3   95
302   303        A           549             3             554           557             5   95
303   304        A           551             3             557           560             6   95
304   305        B           552             3             567           570            15   90
305   306        B           554             3             560           563             6   95
306   307        B           557             1             563           564             6   95
307   308        A           558             3             564           567             6   95
308   309        B           561             1             570           571             9   90
309   310        A           564             2             567           569             3   95
310   311        B           564             3             569           572             5   95
311   312        A           566             3             572           575             6   95
312   313        A           568             3             575           578             7   95
313   314        A           571             3             578           581             7   95
314   315        B           573             3             573           576             0   90
315   316        A           576             2             581           583             5   95
316   317        C           577             7             577           584             0   90
317   318        C           580             7             580           587             0  Gas
318   319        C           582             5             584           589             2   90
319   320        B           584             1             589           590             5   90
320   321        C           587             5             590           595             3   90
321   322        C           590             7             595           602             5   90
322   323        A           592             3             592           595             0   95
323   324        A           595             2             595           597             0   95
324   325        C           597             5             602           607             5   90
325   326        C           599             3             607           610             8   90
326   327        B           602             3             602           605             0   95
327   328        C           603             5             610           615             7   90
328   329        B           605             3             605           608             0   95
329   330        C           605             5             605           610             0  Gas
330   331        B           607             2             615           617             8   90
331   332        B           610             2             617           619             7   90
332   333        C           613             5             619           624             6   90
333   334        A           613             2             613           615             0   95
334   335        C           616             7             624           631             8   90
335   336        C           619             3             631           634            12   90
336   337        A           619             3             619           622             0   95
337   338        A           621             3             622           625             1   95
338   339        A           623             3             625           628             2   95
339   340        A           625             2             628           630             3   95
340   341        C           625             7             634           641             9   90
341   342        C           627             3             627           630             0  Gas
342   343        C           630             5             641           646            11   90
343   344        C           632             7             646           653            14   90
344   345        B           634             2             653           655            19   90
345   346        C           635             3             635           638             0  Gas
346   347        B           636             3             655           658            19   90
347   348        C           638             3             638           641             0  Gas
348   349        C           639             7             641           648             2  Gas
349   350        B           640             2             658           660            18   90
350   351        A           643             2             643           645             0   95
351   352        B           643             3             660           663            17   90
352   353        A           646             1             646           647             0   95
353   354        B           647             3             647           650             0   95
354   355        C           649             5             649           654             0  Gas
355   356        B           651             2             651           653             0   95
356   357        B           652             3             663           666            11   90
357   358        C           655             5             655           660             0  Gas
358   359        C           658             3             660           663             2  Gas
359   360        C           661             7             663           670             2  Gas
360   361        C           664             5             666           671             2   90
361   362        B           664             1             664           665             0   95
362   363        B           667             3             671           674             4   90
363   364        B           669             2             669           671             0   95
364   365        B           671             1             674           675             3   90
365   366        C           671             5             671           676             0  Gas
366   367        C           673             3             676           679             3  Gas
367   368        A           675             2             675           677             0   95
368   369        B           675             2             675           677             0   90
369   370        B           676             2             677           679             1   95
370   371        A           676             3             679           682             3   95
371   372        B           676             3             682           685             6   95
372   373        C           679             7             679           686             0   90
373   374        C           682             7             686           693             4   90
374   375        C           684             5             684           689             0  Gas
375   376        B           686             3             693           696             7   90
376   377        A           687             1             687           688             0   95
377   378        C           687             3             689           692             2  Gas
378   379        A           690             1             690           691             0   95
379   380        C           693             3             696           699             3   90
380   381        C           695             7             699           706             4   90
381   382        B           697             3             697           700             0   95
382   383        A           700             3             700           703             0   95
383   384        B           702             3             703           706             1   95
384   385        B           705             2             706           708             1   95
385   386        C           705             5             705           710             0  Gas
386   387        B           707             1             708           709             1   95
387   388        C           707             7             707           714             0   90
388   389        A           708             1             709           710             1   95
389   390        A           711             2             711           713             0   95
390   391        C           714             3             714           717             0  Gas
391   392        A           716             1             716           717             0   95
392   393        B           716             3             716           719             0   90
393   394        B           719             2             719           721             0   90
394   395        C           719             5             721           726             2   90
395   396        A           722             1             722           723             0   95
396   397        C           723             3             723           726             0  Gas
397   398        C           724             7             726           733             2  Gas
398   399        C           727             7             733           740             6  Gas
399   400        A           730             1             730           731             0   95
400   401        B           733             3             733           736             0   95
401   402        B           735             1             735           736             0   90
402   403        C           738             3             740           743             2  Gas
403   404        B           741             2             741           743             0   90
404   405        B           742             1             742           743             0   95
405   406        C           745             5             745           750             0   90
406   407        C           748             7             750           757             2   90
407   408        B           748             2             748           750             0   95
408   409        A           749             2             750           752             1   95
409   410        A           752             3             752           755             0   95
410   411        C           753             7             753           760             0  Gas
411   412        B           754             1             757           758             3   90
412   413        C           757             5             760           765             3  Gas
413   414        C           758             7             758           765             0   90
414   415        C           759             7             765           772             6   90
415   416        C           761             5             765           770             4  Gas
416   417        B           764             2             772           774             8   90
417   418        C           765             7             774           781             9   90
418   419        B           768             1             781           782            13   90
419   420        B           768             2             768           770             0   95
420   421        C           771             7             771           778             0  Gas
421   422        C           773             5             778           783             5  Gas
422   423        A           776             1             776           777             0   95
423   424        C           776             3             783           786             7  Gas
424   425        B           778             1             778           779             0   95
425   426        C           780             5             786           791             6  Gas
426   427        B           783             3             783           786             0   90
427   428        C           784             5             786           791             2   90
428   429        B           785             1             785           786             0   95
429   430        A           788             3             788           791             0   95
430   431        B           790             2             791           793             1   90
431   432        C           791             5             791           796             0  Gas
432   433        C           792             7             796           803             4  Gas
433   434        B           792             2             792           794             0   95
434   435        C           795             5             803           808             8  Gas
435   436        C           796             7             796           803             0   90
436   437        A           797             2             797           799             0   95
437   438        B           799             1             803           804             4   90
438   439        B           802             2             802           804             0   95
439   440        C           805             5             805           810             0   90
440   441        C           805             5             808           813             3  Gas
441   442        A           808             3             808           811             0   95
442   443        B           811             3             811           814             0   90
443   444        B           812             1             814           815             2   90
444   445        C           814             7             815           822             1   90
445   446        A           816             1             816           817             0   95
446   447        B           817             3             822           825             5   90
447   448        B           818             2             818           820             0   95
448   449        B           821             3             821           824             0   95
449   450        C           823             5             823           828             0  Gas
450   451        A           826             2             826           828             0   95
451   452        B           828             3             828           831             0   90
452   453        C           831             5             831           836             0   90
453   454        C           833             7             833           840             0  Gas
454   455        C           835             7             840           847             5  Gas
455   456        B           837             1             837           838             0   90
456   457        C           839             5             847           852             8  Gas
457   458        B           839             3             839           842             0   95
458   459        C           841             3             852           855            11  Gas
459   460        B           844             3             844           847             0   90
460   461        B           844             3             847           850             3   90
461   462        B           845             1             845           846             0   95
462   463        A           847             2             847           849             0   95
463   464        B           848             2             850           852             2   90
464   465        A           849             3             849           852             0   95
465   466        C           849             3             855           858             6  Gas
466   467        C           852             5             852           857             0   90
467   468        C           853             5             857           862             4   90
468   469        A           856             3             856           859             0   95
469   470        B           859             3             859           862             0   95
470   471        A           862             3             862           865             0   95
471   472        B           864             1             865           866             1   95
472   473        A           867             1             867           868             0   95
473   474        C           870             5             870           875             0  Gas
474   475        C           873             3             873           876             0   90
475   476        A           874             3             874           877             0   95
476   477        C           876             5             876           881             0  Gas
477   478        B           879             3             879           882             0   95
478   479        C           882             7             882           889             0   90
479   480        A           882             3             882           885             0   95
480   481        C           884             5             884           889             0  Gas
481   482        C           887             5             889           894             2   90
482   483        B           890             1             894           895             4   90
483   484        B           893             3             895           898             2   90
484   485        A           896             3             896           899             0   95
485   486        C           899             3             899           902             0   90
486   487        C           900             5             902           907             2   90
487   488        B           903             3             903           906             0   95
488   489        B           906             2             906           908             0   95
489   490        C           907             3             907           910             0   90
490   491        B           910             2             910           912             0   90
491   492        B           913             1             913           914             0   95
492   493        B           914             3             914           917             0   95
493   494        B           917             2             917           919             0   90
494   495        C           920             5             920           925             0   90
495   496        A           922             3             922           925             0   95
496   497        B           925             3             925           928             0   95
497   498        C           928             5             928           933             0  Gas
498   499        A           931             3             931           934             0   95
499   500        C           932             3             933           936             1  Gas
500   501        C           935             7             936           943             1  Gas
501   502        B           938             2             938           940             0   95
502   503        A           938             1             940           941             2   95
503   504        C           941             5             943           948             2  Gas
504   505        B           944             3             944           947             0   95
505   506        A           945             3             947           950             2   95
506   507        C           947             7             948           955             1  Gas
507   508        B           950             2             950           952             0   90
508   509        A           953             3             953           956             0   95
509   510        A           954             2             956           958             2   95
510   511        C           955             5             955           960             0  Gas
511   512        C           958             7             958           965             0   90
512   513        B           958             2             958           960             0   95
513   514        C           961             7             961           968             0  Gas
514   515        C           964             7             965           972             1   90
515   516        B           967             2             972           974             5   90
516   517        C           970             7             970           977             0  Gas
517   518        C           971             7             974           981             3   90
518   519        C           973             5             977           982             4  Gas
519   520        B           974             3             981           984             7   90
520   521        A           975             1             975           976             0   95
521   522        B           977             1             977           978             0   95
522   523        A           978             3             978           981             0   95
523   524        A           979             3             981           984             2   95
524   525        C           981             5             982           987             1  Gas
525   526        C           984             7             984           991             0   90
526   527        C           987             7             987           994             0  Gas
527   528        C           988             5             994           999             6  Gas
528   529        B           991             3             991           994             0   90
529   530        C           991             7             999          1006             8  Gas
530   531        A           994             2             994           996             0   95
531   532        B           996             3             996           999             0   95
532   533        B           999             2             999          1001             0   90
533   534        B          1000             3            1001          1004             1   90
534   535        C          1001             7            1004          1011             3   90
535   536        C          1001             7            1006          1013             5  Gas
536   537        C          1002             7            1013          1020            11  Gas
537   538        A          1005             1            1005          1006             0   95
538   539        A          1005             2            1006          1008             1   95
539   540        C          1006             5            1020          1025            14  Gas
540   541        C          1009             5            1025          1030            16  Gas
541   542        B          1012             1            1012          1013             0   90
542   543        B          1012             1            1012          1013             0   95
543   544        B          1014             3            1014          1017             0   95
544   545        A          1015             3            1017          1020             2   95
545   546        C          1015             5            1030          1035            15  Gas
546   547        C          1018             5            1035          1040            17  Gas
547   548        B          1020             2            1020          1022             0   95
548   549        C          1023             5            1040          1045            17  Gas
549   550        B          1024             3            1024          1027             0   95
550   551        C          1027             3            1027          1030             0   90
551   552        C          1029             5            1030          1035             1   90
552   553        C          1031             3            1045          1048            14  Gas
553   554        C          1033             5            1048          1053            15  Gas
554   555        B          1034             1            1035          1036             1   90
555   556        C          1036             5            1053          1058            17  Gas
556   557        C          1039             7            1039          1046             0   90
557   558        C          1039             5            1058          1063            19  Gas
558   559        C          1042             7            1063          1070            21  Gas
559   560        B          1045             3            1045          1048             0   95
560   561        B          1048             3            1048          1051             0   95
561   562        C          1049             5            1070          1075            21  Gas
562   563        C          1049             5            1049          1054             0   90
563   564        C          1051             3            1075          1078            24  Gas
564   565        C          1053             5            1078          1083            25  Gas
565   566        B          1056             2            1056          1058             0   95
566   567        B          1056             3            1056          1059             0   90
567   568        C          1058             3            1059          1062             1   90
568   569        C          1060             7            1083          1090            23  Gas
569   570        B          1063             1            1063          1064             0   95
570   571        A          1065             3            1065          1068             0   95
571   572        C          1067             5            1090          1095            23  Gas
572   573        C          1070             7            1070          1077             0   90
573   574        C          1071             5            1077          1082             6   90
574   575        C          1074             5            1095          1100            21  Gas
575   576        C          1077             3            1100          1103            23  Gas
576   577        C          1078             5            1082          1087             4   90
577   578        C          1080             7            1103          1110            23  Gas
578   579        C          1083             5            1110          1115            27  Gas
579   580        C          1086             5            1087          1092             1   90
580   581        B          1088             2            1092          1094             4   90
581   582        A          1088             3            1088          1091             0   95
582   583        A          1091             3            1091          1094             0   95
583   584        A          1092             2            1094          1096             2   95
584   585        B          1094             3            1096          1099             2   95
585   586        A          1095             1            1099          1100             4   95
586   587        C          1096             5            1115          1120            19  Gas
587   588        B          1099             3            1100          1103             1   95
588   589        B          1099             3            1103          1106             4   95
589   590        C          1102             5            1120          1125            18  Gas
590   591        B          1104             3            1106          1109             2   95
591   592        C          1106             5            1106          1111             0   90
592   593        B          1109             3            1111          1114             2   90
593   594        B          1110             2            1114          1116             4   90
594   595        A          1113             1            1113          1114             0   95
595   596        C          1116             7            1125          1132             9  Gas
596   597        B          1118             3            1118          1121             0   95
597   598        C          1121             3            1132          1135            11  Gas
598   599        B          1122             3            1122          1125             0   90
599   600        C          1125             5            1135          1140            10  Gas
600   601        B          1128             2            1128          1130             0   90
601   602        C          1128             5            1140          1145            12  Gas
602   603        C          1131             3            1145          1148            14  Gas
603   604        B          1134             3            1134          1137             0   90
604   605        C          1137             7            1148          1155            11  Gas
605   606        B          1140             2            1140          1142             0   95
606   607        C          1140             7            1140          1147             0   90
607   608        A          1143             2            1143          1145             0   95
608   609        C          1143             7            1147          1154             4   90
609   610        B          1143             3            1154          1157            11   90
610   611        C          1146             5            1155          1160             9  Gas
611   612        C          1147             5            1160          1165            13  Gas
612   613        C          1148             3            1165          1168            17  Gas
613   614        C          1151             7            1157          1164             6   90
614   615        B          1154             1            1154          1155             0   95
615   616        B          1156             3            1156          1159             0   95
616   617        C          1159             5            1164          1169             5   90
617   618        A          1162             3            1162          1165             0   95
618   619        B          1162             1            1165          1166             3   95
619   620        C          1164             5            1169          1174             5   90
620   621        B          1165             3            1174          1177             9   90
621   622        B          1167             2            1177          1179            10   90
622   623        A          1170             1            1170          1171             0   95
623   624        C          1171             5            1179          1184             8   90
624   625        B          1171             2            1171          1173             0   95
625   626        A          1173             3            1173          1176             0   95
626   627        A          1176             3            1176          1179             0   95
627   628        B          1177             3            1184          1187             7   90
628   629        C          1179             3            1187          1190             8   90
629   630        C          1179             3            1179          1182             0  Gas
630   631        B          1181             2            1190          1192             9   90
631   632        C          1184             3            1184          1187             0  Gas
632   633        B          1187             2            1187          1189             0   95
633   634        C          1188             5            1188          1193             0  Gas
634   635        C          1190             7            1193          1200             3  Gas
635   636        C          1190             5            1192          1197             2   90
636   637        B          1193             3            1197          1200             4   90
637   638        C          1195             3            1200          1203             5  Gas
638   639        A          1197             3            1197          1200             0   95
639   640        C          1198             5            1200          1205             2   90
640   641        B          1199             1            1200          1201             1   95
641   642        C          1200             7            1203          1210             3  Gas
642   643        B          1200             3            1201          1204             1   95
643   644        A          1203             3            1204          1207             1   95
644   645        A          1206             3            1207          1210             1   95
645   646        B          1207             2            1210          1212             3   95
646   647        C          1207             5            1210          1215             3  Gas
647   648        A          1209             3            1212          1215             3   95
648   649        B          1209             1            1209          1210             0   90
649   650        B          1210             3            1215          1218             5   95
650   651        B          1211             2            1211          1213             0   90
651   652        C          1214             5            1215          1220             1  Gas
652   653        C          1215             3            1220          1223             5  Gas
653   654        C          1215             3            1215          1218             0   90
654   655        C          1217             5            1218          1223             1   90
655   656        C          1217             3            1223          1226             6  Gas
656   657        B          1220             3            1220          1223             0   95
657   658        A          1223             3            1223          1226             0   95
658   659        C          1224             5            1226          1231             2  Gas
659   660        C          1225             3            1225          1228             0   90
660   661        C          1227             5            1228          1233             1   90
661   662        B          1227             2            1227          1229             0   95
662   663        B          1227             3            1233          1236             6   90
663   664        C          1230             5            1236          1241             6   90
664   665        C          1233             7            1233          1240             0  Gas
665   666        A          1236             3            1236          1239             0   95
666   667        C          1239             5            1240          1245             1  Gas
667   668        C          1240             7            1245          1252             5  Gas
668   669        B          1242             1            1242          1243             0   90
669   670        A          1245             3            1245          1248             0   95
670   671        C          1247             5            1252          1257             5  Gas
671   672        C          1248             5            1257          1262             9  Gas
672   673        C          1249             3            1262          1265            13  Gas
673   674        B          1252             1            1252          1253             0   90
674   675        C          1255             7            1265          1272            10  Gas
675   676        C          1256             5            1272          1277            16  Gas
676   677        B          1256             2            1256          1258             0   95
677   678        C          1257             5            1257          1262             0   90
678   679        C          1260             7            1277          1284            17  Gas
679   680        C          1262             5            1284          1289            22  Gas
680   681        C          1262             3            1289          1292            27  Gas
681   682        B          1265             3            1265          1268             0   95
682   683        C          1266             5            1292          1297            26  Gas
683   684        C          1269             5            1269          1274             0   90
684   685        B          1270             3            1270          1273             0   95
685   686        B          1272             1            1274          1275             2   90
686   687        C          1274             5            1297          1302            23  Gas
687   688        C          1277             5            1277          1282             0   90
688   689        C          1279             5            1302          1307            23  Gas
689   690        A          1281             3            1281          1284             0   95
690   691        C          1281             5            1307          1312            26  Gas
691   692        B          1282             3            1284          1287             2   95
692   693        C          1283             3            1283          1286             0   90
693   694        B          1286             1            1286          1287             0   90
694   695        C          1288             3            1312          1315            24  Gas
695   696        B          1288             3            1288          1291             0   95
696   697        B          1289             2            1291          1293             2   95
697   698        C          1290             7            1290          1297             0   90
698   699        C          1291             3            1297          1300             6   90
699   700        B          1291             2            1293          1295             2   95
700   701        C          1293             5            1315          1320            22  Gas
701   702        A          1294             2            1295          1297             1   95
702   703        B          1294             3            1300          1303             6   90
703   704        A          1294             3            1297          1300             3   95
704   705        A          1297             3            1300          1303             3   95
705   706        B          1299             3            1303          1306             4   95
706   707        C          1301             3            1320          1323            19  Gas
707   708        B          1303             3            1303          1306             0   90
708   709        C          1305             5            1323          1328            18  Gas
709   710        B          1308             3            1308          1311             0   90
710   711        B          1310             2            1311          1313             1   90
711   712        C          1312             5            1313          1318             1   90
712   713        B          1314             1            1314          1315             0   95
713   714        C          1317             3            1318          1321             1   90
714   715        C          1320             5            1321          1326             1   90
715   716        B          1322             3            1322          1325             0   95
716   717        C          1322             7            1328          1335             6  Gas
717   718        A          1324             1            1325          1326             1   95
718   719        B          1327             3            1327          1330             0   95
719   720        A          1330             2            1330          1332             0   95
720   721        B          1330             2            1332          1334             2   95
721   722        C          1330             7            1330          1337             0   90
722   723        A          1332             1            1334          1335             2   95
723   724        C          1333             7            1337          1344             4   90
724   725        A          1336             3            1336          1339             0   95
725   726        B          1337             3            1344          1347             7   90
726   727        B          1340             2            1340          1342             0   95
727   728        B          1341             2            1342          1344             1   95
728   729        C          1344             7            1344          1351             0  Gas
729   730        B          1347             1            1347          1348             0   90
730   731        A          1350             2            1350          1352             0   95
731   732        A          1353             3            1353          1356             0   95
732   733        B          1353             1            1353          1354             0   90
733   734        B          1356             2            1356          1358             0   90
734   735        B          1357             3            1358          1361             1   90
735   736        B          1360             2            1360          1362             0   95
736   737        B          1363             3            1363          1366             0   95
737   738        B          1366             3            1366          1369             0   95
738   739        B          1368             1            1369          1370             1   95
739   740        B          1370             1            1370          1371             0   90
740   741        C          1373             3            1373          1376             0  Gas
741   742        B          1376             2            1376          1378             0   90
742   743        B          1377             3            1377          1380             0   95
743   744        B          1378             2            1378          1380             0   90
744   745        B          1379             2            1380          1382             1   95
745   746        C          1380             7            1380          1387             0  Gas
746   747        B          1382             3            1382          1385             0   90
747   748        B          1385             1            1385          1386             0   95
748   749        A          1387             2            1387          1389             0   95
749   750        C          1388             3            1388          1391             0   90
750   751        C          1391             3            1391          1394             0   90
751   752        A          1394             2            1394          1396             0   95
752   753        A          1397             3            1397          1400             0   95
753   754        B          1399             3            1400          1403             1   95
754   755        A          1402             3            1403          1406             1   95
755   756        C          1405             5            1405          1410             0  Gas
756   757        C          1408             7            1410          1417             2  Gas
757   758        A          1409             3            1409          1412             0   95
758   759        C          1410             3            1417          1420             7  Gas
759   760        C          1413             5            1420          1425             7  Gas
760   761        B          1415             1            1415          1416             0   95
761   762        B          1415             2            1415          1417             0   90
762   763        C          1417             7            1425          1432             8  Gas
763   764        C          1419             7            1419          1426             0   90
764   765        C          1420             3            1426          1429             6   90
765   766        B          1423             3            1429          1432             6   90
766   767        C          1426             5            1432          1437             6  Gas
767   768        B          1427             2            1432          1434             5   90
768   769        C          1430             5            1437          1442             7  Gas
769   770        A          1430             1            1430          1431             0   95
770   771        C          1430             5            1442          1447            12  Gas
771   772        B          1432             1            1434          1435             2   90
772   773        B          1432             3            1432          1435             0   95
773   774        A          1432             3            1435          1438             3   95
774   775        C          1433             7            1447          1454            14  Gas
775   776        C          1436             7            1454          1461            18  Gas
776   777        C          1436             3            1436          1439             0   90
777   778        C          1437             3            1461          1464            24  Gas
778   779        C          1439             5            1439          1444             0   90
779   780        C          1441             5            1464          1469            23  Gas
780   781        A          1443             3            1443          1446             0   95
781   782        C          1443             3            1469          1472            26  Gas
782   783        C          1446             7            1472          1479            26  Gas
783   784        B          1449             3            1449          1452             0   95
784   785        B          1451             1            1451          1452             0   90
785   786        C          1452             5            1452          1457             0   90
786   787        C          1454             5            1457          1462             3   90
787   788        B          1457             3            1457          1460             0   95
788   789        B          1460             3            1462          1465             2   90
789   790        C          1462             5            1465          1470             3   90
790   791        C          1465             7            1479          1486            14  Gas
791   792        B          1466             2            1466          1468             0   95
792   793        C          1468             7            1470          1477             2   90
793   794        C          1471             5            1486          1491            15  Gas
794   795        C          1474             5            1477          1482             3   90
795   796        B          1475             1            1482          1483             7   90
796   797        C          1476             3            1491          1494            15  Gas
797   798        B          1479             2            1483          1485             4   90
798   799        A          1482             3            1482          1485             0   95
799   800        B          1485             2            1485          1487             0   90
800   801        A          1485             2            1485          1487             0   95
801   802        C          1486             5            1494          1499             8  Gas
802   803        B          1488             2            1488          1490             0   90
803   804        C          1490             7            1490          1497             0   90
804   805        C          1490             5            1499          1504             9  Gas
805   806        B          1490             2            1490          1492             0   95
806   807        A          1491             3            1492          1495             1   95
807   808        B          1491             3            1497          1500             6   90
808   809        B          1492             3            1495          1498             3   95
809   810        B          1494             2            1500          1502             6   90
810   811        C          1497             3            1504          1507             7  Gas
811   812        B          1497             3            1498          1501             1   95
812   813        A          1499             3            1501          1504             2   95
813   814        C          1501             5            1507          1512             6  Gas
814   815        C          1502             7            1512          1519            10  Gas
815   816        C          1505             5            1505          1510             0   90
816   817        A          1506             2            1506          1508             0   95
817   818        B          1509             3            1509          1512             0   95
818   819        B          1511             2            1511          1513             0   90
819   820        C          1513             5            1519          1524             6  Gas
820   821        A          1513             3            1513          1516             0   95
821   822        A          1515             2            1516          1518             1   95
822   823        C          1518             7            1518          1525             0   90
823   824        C          1519             7            1524          1531             5  Gas
824   825        B          1521             3            1521          1524             0   95
825   826        B          1524             2            1524          1526             0   95
826   827        B          1527             2            1527          1529             0   95
827   828        B          1530             3            1530          1533             0   95
828   829        B          1533             2            1533          1535             0   95
829   830        B          1534             3            1534          1537             0   90
830   831        A          1536             3            1536          1539             0   95
831   832        B          1537             1            1537          1538             0   90
832   833        B          1540             3            1540          1543             0   90
833   834        B          1542             1            1543          1544             1   90
834   835        A          1542             3            1542          1545             0   95
835   836        B          1544             3            1544          1547             0   90
836   837        C          1547             3            1547          1550             0   90
837   838        B          1550             2            1550          1552             0   95
838   839        C          1553             7            1553          1560             0  Gas
839   840        C          1554             5            1554          1559             0   90
840   841        B          1557             2            1557          1559             0   95
841   842        B          1559             3            1559          1562             0   95
842   843        A          1561             1            1562          1563             1   95
843   844        C          1563             3            1563          1566             0  Gas
844   845        B          1564             2            1564          1566             0   95
845   846        B          1564             2            1564          1566             0   90
846   847        A          1567             3            1567          1570             0   95
847   848        B          1569             2            1570          1572             1   95
848   849        A          1570             3            1572          1575             2   95
849   850        C          1570             3            1570          1573             0  Gas
850   851        A          1572             3            1575          1578             3   95
851   852        B          1574             1            1578          1579             4   95
852   853        C          1577             5            1577          1582             0  Gas
853   854        B          1578             1            1578          1579             0   90
854   855        C          1580             5            1582          1587             2  Gas
855   856        A          1581             2            1581          1583             0   95
856   857        B          1584             1            1584          1585             0   95
857   858        C          1586             5            1587          1592             1  Gas
858   859        C          1589             3            1589          1592             0   90
859   860        B          1589             3            1589          1592             0   95
860   861        B          1589             3            1592          1595             3   95
861   862        C          1590             5            1592          1597             2   90
862   863        C          1593             7            1593          1600             0  Gas
863   864        B          1596             3            1596          1599             0   95
864   865        C          1599             3            1600          1603             1  Gas
865   866        C          1602             7            1602          1609             0   90
866   867        B          1604             3            1604          1607             0   95
867   868        C          1605             3            1609          1612             4   90
868   869        B          1605             1            1612          1613             7   90
869   870        B          1608             3            1608          1611             0   95
870   871        C          1608             7            1613          1620             5   90
871   872        C          1611             7            1611          1618             0  Gas
872   873        C          1613             5            1618          1623             5  Gas
873   874        C          1614             7            1620          1627             6   90
874   875        B          1616             3            1627          1630            11   90
875   876        B          1618             2            1618          1620             0   95
876   877        B          1621             3            1630          1633             9   90
877   878        C          1624             3            1633          1636             9   90
878   879        B          1625             2            1636          1638            11   90
879   880        A          1628             1            1628          1629             0   95
880   881        C          1630             3            1638          1641             8   90
881   882        A          1633             3            1633          1636             0   95
882   883        A          1633             2            1636          1638             3   95
883   884        A          1636             1            1638          1639             2   95
884   885        C          1639             5            1641          1646             2   90
885   886        C          1639             7            1646          1653             7   90
886   887        C          1641             3            1641          1644             0  Gas
887   888        A          1644             3            1644          1647             0   95
888   889        B          1647             1            1647          1648             0   95
889   890        C          1648             5            1648          1653             0  Gas
890   891        B          1649             2            1649          1651             0   95
891   892        A          1652             3            1652          1655             0   95
892   893        A          1654             1            1655          1656             1   95
893   894        C          1657             7            1657          1664             0  Gas
894   895        A          1660             2            1660          1662             0   95
895   896        C          1662             7            1664          1671             2  Gas
896   897        A          1663             3            1663          1666             0   95
897   898        C          1663             5            1671          1676             8  Gas
898   899        A          1664             3            1666          1669             2   95
899   900        C          1667             5            1667          1672             0   90
900   901        C          1669             5            1672          1677             3   90
901   902        C          1672             5            1677          1682             5   90
902   903        C          1673             5            1676          1681             3  Gas
903   904        B          1674             2            1682          1684             8   90
904   905        B          1677             1            1677          1678             0   95
905   906        A          1677             1            1678          1679             1   95
906   907        C          1680             7            1681          1688             1  Gas
907   908        C          1681             5            1684          1689             3   90
908   909        B          1684             3            1684          1687             0   95
909   910        A          1687             2            1687          1689             0   95
910   911        B          1689             3            1689          1692             0   95
911   912        B          1691             3            1691          1694             0   90
912   913        C          1691             5            1694          1699             3   90
913   914        C          1691             5            1691          1696             0  Gas
914   915        C          1693             5            1696          1701             3  Gas
915   916        C          1693             5            1699          1704             6   90
916   917        C          1695             7            1701          1708             6  Gas
917   918        C          1698             3            1704          1707             6   90
918   919        B          1701             3            1707          1710             6   90
919   920        C          1703             5            1708          1713             5  Gas
920   921        A          1703             1            1703          1704             0   95
921   922        A          1703             3            1704          1707             1   95
922   923        C          1704             5            1713          1718             9  Gas
923   924        B          1704             2            1710          1712             6   90
924   925        C          1704             5            1712          1717             8   90
925   926        B          1707             2            1717          1719            10   90
926   927        A          1710             3            1710          1713             0   95
927   928        C          1711             5            1719          1724             8   90
928   929        C          1712             5            1718          1723             6  Gas
929   930        B          1715             1            1724          1725             9   90
930   931        A          1716             3            1716          1719             0   95
931   932        A          1718             3            1719          1722             1   95
932   933        B          1719             2            1725          1727             6   90
933   934        B          1722             1            1727          1728             5   90
934   935        A          1725             3            1725          1728             0   95
935   936        A          1728             2            1728          1730             0   95
936   937        C          1728             7            1728          1735             0   90
937   938        B          1729             2            1730          1732             1   95
938   939        C          1732             5            1732          1737             0  Gas
939   940        A          1735             2            1735          1737             0   95
940   941        C          1737             5            1737          1742             0  Gas
941   942        C          1737             7            1742          1749             5  Gas
942   943        B          1737             3            1737          1740             0   95
943   944        B          1738             2            1738          1740             0   90
944   945        B          1738             1            1740          1741             2   95
945   946        C          1740             7            1740          1747             0   90
946   947        C          1743             7            1749          1756             6  Gas
947   948        C          1746             7            1756          1763            10  Gas
948   949        C          1749             7            1763          1770            14  Gas
949   950        B          1752             3            1752          1755             0   95
950   951        C          1753             7            1770          1777            17  Gas
951   952        C          1756             7            1777          1784            21  Gas
952   953        C          1758             7            1784          1791            26  Gas
953   954        C          1758             5            1791          1796            33  Gas
954   955        C          1760             5            1796          1801            36  Gas
955   956        C          1760             5            1760          1765             0   90
956   957        C          1763             7            1765          1772             2   90
957   958        C          1766             5            1801          1806            35  Gas
958   959        A          1769             3            1769          1772             0   95
959   960        A          1770             3            1772          1775             2   95
960   961        B          1772             3            1775          1778             3   95
961   962        A          1772             3            1778          1781             6   95
962   963        C          1775             3            1775          1778             0   90
963   964        A          1778             2            1781          1783             3   95
964   965        C          1778             7            1806          1813            28  Gas
965   966        C          1779             7            1813          1820            34  Gas
966   967        C          1782             7            1782          1789             0   90
967   968        B          1784             1            1784          1785             0   95
968   969        A          1787             2            1787          1789             0   95
969   970        B          1789             2            1789          1791             0   95
970   971        A          1789             2            1791          1793             2   95
971   972        A          1791             2            1793          1795             2   95
972   973        A          1791             2            1795          1797             4   95
973   974        B          1794             3            1797          1800             3   95
974   975        C          1797             3            1820          1823            23  Gas
975   976        C          1798             7            1823          1830            25  Gas
976   977        C          1798             5            1830          1835            32  Gas
977   978        C          1798             5            1798          1803             0   90
978   979        A          1800             2            1800          1802             0   95
979   980        C          1802             3            1835          1838            33  Gas
980   981        A          1805             3            1805          1808             0   95
981   982        C          1806             7            1806          1813             0   90
982   983        C          1808             5            1838          1843            30  Gas
983   984        B          1811             1            1811          1812             0   95
984   985        B          1814             2            1814          1816             0   95
985   986        B          1814             3            1814          1817             0   90
986   987        C          1817             5            1817          1822             0   90
987   988        B          1820             2            1820          1822             0   95
988   989        A          1823             3            1823          1826             0   95
989   990        C          1824             5            1843          1848            19  Gas
990   991        A          1827             2            1827          1829             0   95
991   992        A          1830             2            1830          1832             0   95
992   993        C          1833             5            1833          1838             0   90
993   994        B          1835             2            1835          1837             0   95
994   995        B          1837             3            1837          1840             0   95
995   996        B          1839             3            1839          1842             0   90
996   997        C          1839             7            1842          1849             3   90
997   998        B          1841             3            1841          1844             0   95
998   999        A          1844             3            1844          1847             0   95
999  1000        C          1846             5            1848          1853             2  Gas