      Car Category  Arrival Time  Service Time  Service Begins  Service Ends  Waiting Time Pump
0       1        A             1             1               1             2             0   95
1       2        C             3             7               3            10             0  Gas
2       3        A             4             3               4             7             0   95
3       4        C             5             5              10            15             5  Gas
4       5        C             7             3              15            18             8  Gas
5       6        C             7             7              18            25            11  Gas
6       7        A             9             2               9            11             0   95
7       8        C            12             5              25            30            13  Gas
8       9        C            15             3              15            18             0   90
9      10        B            18             3              18            21             0   90
10     11        B            19             1              21            22             2   90
11     12        B            21             2              22            24             1   90
12     13        B            22             1              22            23             0   95
13     14        C            23             5              24            29             1   90
14     15        B            25             3              25            28             0   95
15     16        A            25             3              28            31             3   95
16     17        B            26             3              31            34             5   95
17     18        B            27             1              34            35             7   95
18     19        A            30             1              35            36             5   95
19     20        B            32             3              36            39             4   95
20     21        B            35             3              39            42             4   95
21     22        A            38             1              42            43             4   95
22     23        C            39             7              39            46             0   90
23     24        C            42             5              46            51             4   90
24     25        A            42             1              43            44             1   95
25     26        A            43             3              44            47             1   95
26     27        C            45             7              45            52             0  Gas
27     28        A            46             3              47            50             1   95
28     29        C            49             7              51            58             2   90
29     30        C            52             5              58            63             6   90
30     31        C            53             3              53            56             0  Gas
31     32        C            56             5              56            61             0  Gas
32     33        C            56             7              63            70             7   90
33     34        B            59             1              59            60             0   95
34     35        A            62             2              62            64             0   95
35     36        B            63             3              64            67             1   95
36     37        C            65             5              65            70             0  Gas
37     38        A            67             3              67            70             0   95
38     39        C            70             5              70            75             0   90
39     40        A            70             1              70            71             0   95
40     41        C            72             7              72            79             0  Gas
41     42        C            72             5              75            80             3   90
42     43        C            73             5              80            85             7   90
43     44        B            76             3              85            88             9   90
44     45        C            79             5              79            84             0  Gas
45     46        C            80             5              88            93             8   90
46     47        A            80             3              80            83             0   95
47     48        B            80             3              83            86             3   95
48     49        A            83             2              86            88             3   95
49     50        B            84             3              88            91             4   95
50     51        A            86             2              91            93             5   95
51     52        C            89             3              89            92             0  Gas
52     53        C            92             3              92            95             0  Gas
53     54        B            94             3              94            97             0   90
54     55        B            96             3              96            99             0   95
55     56        A            98             3              99           102             1   95
56     57        C           101             5             101           106             0  Gas
57     58        B           103             3             103           106             0   90
58     59        C           104             5             106           111             2   90
59     60        C           105             3             106           109             1  Gas
60     61        C           105             7             109           116             4  Gas
61     62        C           108             7             111           118             3   90
62     63        B           110             1             118           119             8   90
63     64        B           112             2             112           114             0   95
64     65        C           113             7             119           126             6   90
65     66        B           114             1             114           115             0   95
66     67        C           116             7             116           123             0  Gas
67     68        C           118             5             123           128             5  Gas
68     69        C           121             5             126           131             5   90
69     70        A           123             3             123           126             0   95
70     71        A           125             2             126           128             1   95
71     72        C           128             5             128           133             0  Gas
72     73        B           131             3             131           134             0   95
73     74        C           134             7             134           141             0   90
74     75        B           136             3             136           139             0   95
75     76        C           137             7             137           144             0  Gas
76     77        B           140             3             141           144             1   90
77     78        C           142             3             144           147             2  Gas
78     79        C           144             5             147           152             3  Gas
79     80        C           144             5             152           157             8  Gas
80     81        C           147             5             157           162            10  Gas
81     82        C           148             7             162           169            14  Gas
82     83        A           151             2             151           153             0   95
83     84        A           153             2             153           155             0   95
84     85        C           154             5             169           174            15  Gas
85     86        A           157             3             157           160             0   95
86     87        A           158             3             160           163             2   95
87     88        C           160             5             160           165             0   90
88     89        B           160             2             163           165             3   95
89     90        C           161             5             165           170             4   90
90     91        C           164             5             174           179            10  Gas
91     92        C           164             5             170           175             6   90
92     93        B           167             2             175           177             8   90
93     94        C           170             3             179           182             9  Gas
94     95        B           172             1             172           173             0   95
95     96        A           173             3             173           176             0   95
96     97        C           175             5             182           187             7  Gas
97     98        C           175             7             177           184             2   90
98     99        B           178             3             178           181             0   95
99    100        B           181             3             181           184             0   95
100   101        C           182             5             184           189             2   90
101   102        B           185             3             189           192             4   90
102   103        B           188             1             192           193             4   90
103   104        B           188             2             188           190             0   95
104   105        C           191             7             193           200             2   90
105   106        C           194             7             200           207             6   90
106   107        C           197             5             207           212            10   90
107   108        B           200             2             200           202             0   95
108   109        A           202             3             202           205             0   95
109   110        C           205             7             205           212             0  Gas
110   111        C           206             5             212           217             6   90
111   112        C           207             7             212           219             5  Gas
112   113        C           209             7             217           224             8   90
113   114        B           212             2             212           214             0   95
114   115        B           213             1             224           225            11   90
115   116        C           214             3             219           222             5  Gas
116   117        B           217             3             225           228             8   90
117   118        A           217             1             217           218             0   95
118   119        B           220             2             228           230             8   90
119   120        C           222             5             230           235             8   90
120   121        C           225             5             235           240            10   90
121   122        B           227             1             227           228             0   95
122   123        C           228             7             228           235             0  Gas
123   124        B           229             3             229           232             0   95
124   125        C           231             5             240           245             9   90
125   126        B           232             2             245           247            13   90
126   127        B           235             3             235           238             0   95
127   128        C           238             3             238           241             0  Gas
128   129        C           241             5             247           252             6   90
129   130        C           241             7             241           248             0  Gas
130   131        B           244             3             252           255             8   90
131   132        C           246             5             248           253             2  Gas
132   133        B           249             3             255           258             6   90
133   134        B           249             1             258           259             9   90
134   135        B           251             1             251           252             0   95
135   136        B           251             2             252           254             1   95
136   137        B           252             2             254           256             2   95
137   138        C           255             3             255           258             0  Gas
138   139        B           256             2             256           258             0   95
139   140        C           259             7             259           266             0  Gas
140   141        B           260             3             260           263             0   90
141   142        C           261             3             266           269             5  Gas
142   143        C           263             3             263           266             0   90
143   144        B           266             3             266           269             0   90
144   145        A           267             3             267           270             0   95
145   146        C           269             5             269           274             0  Gas
146   147        C           271             5             274           279             3  Gas
147   148        C           273             5             273           278             0   90
148   149        C           274             5             278           283             4   90
149   150        A           277             3             277           280             0   95
150   151        B           278             3             280           283             2   95
151   152        B           281             3             283           286             2   90
152   153        A           281             3             283           286             2   95
153   154        C           281             5             286           291             5   90
154   155        A           283             1             286           287             3   95
155   156        A           284             3             287           290             3   95
156   157        C           287             7             291           298             4   90
157   158        B           289             1             290           291             1   95
158   159        A           289             3             291           294             2   95
159   160        C           290             7             290           297             0  Gas
160   161        A           293             3             294           297             1   95
161   162        C           294             5             298           303             4   90
162   163        B           295             3             297           300             2   95
163   164        A           295             3             300           303             5   95
164   165        B           296             3             303           306             7   90
165   166        C           298             5             298           303             0  Gas
166   167        B           300             3             306           309             6   90
167   168        B           302             3             303           306             1   95
168   169        B           304             2             306           308             2   95
169   170        B           306             1             308           309             2   95
170   171        C           308             5             308           313             0  Gas
171   172        C           310             7             310           317             0   90
172   173        A           312             3             312           315             0   95
173   174        A           313             2             315           317             2   95
174   175        B           313             3             317           320             4   90
175   176        B           314             2             320           322             6   90
176   177        C           316             5             322           327             6   90
177   178        A           317             3             317           320             0   95
178   179        A           319             3             320           323             1   95
179   180        C           322             5             327           332             5   90
180   181        A           325             3             325           328             0   95
181   182        A           325             2             328           330             3   95
182   183        C           328             5             332           337             4   90
183   184        C           330             5             337           342             7   90
184   185        A           333             3             333           336             0   95
185   186        A           336             3             336           339             0   95
186   187        C           338             5             338           343             0  Gas
187   188        B           338             1             342           343             4   90
188   189        C           341             7             343           350             2  Gas
189   190        C           344             3             344           347             0   90
190   191        C           346             5             350           355             4  Gas
191   192        B           347             1             347           348             0   90
192   193        B           349             1             349           350             0   95
193   194        C           352             7             352           359             0   90
194   195        C           353             3             359           362             6   90
195   196        C           356             7             356           363             0  Gas
196   197        C           356             5             362           367             6   90
197   198        C           359             5             367           372             8   90
198   199        C           359             7             372           379            13   90
199   200        A           360             3             360           363             0   95
200   201        B           361             3             363           366             2   95
201   202        B           364             3             366           369             2   95
202   203        C           365             7             365           372             0  Gas
203   204        A           366             3             369           372             3   95
204   205        B           367             3             372           375             5   95
205   206        C           367             5             372           377             5  Gas
206   207        B           370             3             375           378             5   95
207   208        C           373             7             379           386             6   90
208   209        C           375             5             377           382             2  Gas
209   210        B           377             1             378           379             1   95
210   211        B           379             3             386           389             7   90
211   212        C           381             5             382           387             1  Gas
212   213        C           384             5             387           392             3  Gas
213   214        B           384             3             384           387             0   95
214   215        B           385             3             389           392             4   90
215   216        C           388             7             392           399             4   90
216   217        C           391             5             399           404             8   90
217   218        C           394             7             394           401             0  Gas
218   219        C           396             5             401           406             5  Gas
219   220        A           398             3             398           401             0   95
220   221        C           401             7             406           413             5  Gas
221   222        B           404             2             404           406             0   95
222   223        B           405             2             406           408             1   95
223   224        A           407             2             408           410             1   95
224   225        C           409             3             409           412             0   90
225   226        B           412             3             412           415             0   90
226   227        B           412             1             412           413             0   95
227   228        B           413             3             413           416             0   95
228   229        C           413             5             413           418             0  Gas
229   230        B           415             2             416           418             1   95
230   231        C           417             5             418           423             1  Gas
231   232        C           420             7             423           430             3  Gas
232   233        B           421             3             421           424             0   95
233   234        B           424             1             424           425             0   95
234   235        B           424             3             425           428             1   95
235   236        B           426             3             428           431             2   95
236   237        C           427             5             427           432             0   90
237   238        B           428             3             432           435             4   90
238   239        A           429             2             431           433             2   95
239   240        C           432             3             432           435             0  Gas
240   241        C           435             7             435           442             0  Gas
241   242        A           436             3             436           439             0   95
242   243        C           438             3             438           441             0   90
243   244        A           439             3             439           442             0   95
244   245        B           441             3             442           445             1   95
245   246        C           442             7             442           449             0  Gas
246   247        C           442             3             442           445             0   90
247   248        B           445             1             445           446             0   95
248   249        C           448             5             448           453             0   90
249   250        B           451             2             451           453             0   95
250   251        A           451             3             453           456             2   95
251   252        B           453             3             456           459             3   95
252   253        B           455             3             459           462             4   95
253   254        B           456             3             462           465             6   95
254   255        C           458             5             458           463             0  Gas
255   256        B           460             1             460           461             0   90
256   257        C           463             7             463           470             0  Gas
257   258        C           465             5             470           475             5  Gas
258   259        B           467             2             467           469             0   90
259   260        C           470             5             470           475             0   90
260   261        B           472             3             472           475             0   95
261   262        B           475             2             475           477             0   95
262   263        B           478             3             478           481             0   95
263   264        B           481             3             481           484             0   95
264   265        C           484             7             484           491             0   90
265   266        B           484             1             491           492             7   90
266   267        A           487             2             487           489             0   95
267   268        C           489             7             492           499             3   90
268   269        B           492             3             492           495             0   95
269   270        B           495             3             499           502             4   90
270   271        B           498             3             502           505             4   90
271   272        C           501             5             501           506             0  Gas
272   273        A           501             2             501           503             0   95
273   274        A           503             2             503           505             0   95
274   275        B           505             2             505           507             0   95
275   276        A           507             3             507           510             0   95
276   277        A           510             1             510           511             0   95
277   278        B           510             3             510           513             0   90
278   279        C           513             7             513           520             0  Gas
279   280        A           516             3             516           519             0   95
280   281        B           518             3             519           522             1   95
281   282        C           518             7             520           527             2  Gas
282   283        A           521             2             522           524             1   95
283   284        B           524             3             524           527             0   95
284   285        C           526             7             527           534             1  Gas
285   286        B           528             3             528           531             0   90
286   287        A           531             1             531           532             0   95
287   288        A           533             3             533           536             0   95
288   289        B           533             2             533           535             0   90
289   290        A           535             2             536           538             1   95
290   291        B           536             3             538           541             2   95
291   292        C           539             7             539           546             0   90
292   293        B           539             2             541           543             2   95
293   294        C           542             7             542           549             0  Gas
294   295        C           545             3             546           549             1   90
295   296        B           548             2             549           551             1   90
296   297        A           549             3             549           552             0   95
297   298        C           552             7             552           559             0  Gas
298   299        B           554             2             554           556             0   95
299   300        A           554             3             556           559             2   95
300   301        C           556             5             556           561             0   90
301   302        B           559             2             561           563             2   90
302   303        B           560             3             563           566             3   90
303   304        C           563             5             566           571             3   90
304   305        C           565             5             565           570             0  Gas
305   306        C           568             7             571           578             3   90
306   307        C           569             5             570           575             1  Gas
307   308        B           570             3             570           573             0   95
308   309        A           572             2             573           575             1   95
309   310        A           575             2             575           577             0   95
310   311        A           578             1             578           579             0   95
311   312        C           580             5             580           585             0  Gas
312   313        B           582             1             582           583             0   95
313   314        B           582             1             583           584             1   95
314   315        B           585             3             585           588             0   95
315   316        B           585             1             585           586             0   90
316   317        C           587             5             587           592             0  Gas
317   318        B           587             3             587           590             0   90
318   319        C           588             5             592           597             4  Gas
319   320        C           591             5             597           602             6  Gas
320   321        A           591             3             591           594             0   95
321   322        C           593             7             602           609             9  Gas
322   323        C           596             5             609           614            13  Gas
323   324        C           596             3             614           617            18  Gas
324   325        B           597             3             597           600             0   95
325   326        C           597             3             597           600             0   90
326   327        C           597             3             600           603             3   90
327   328        C           600             5             603           608             3   90
328   329        C           602             7             617           624            15  Gas
329   330        B           605             3             605           608             0   95
330   331        B           608             2             608           610             0   95
331   332        B           611             2             611           613             0   90
332   333        C           613             5             624           629            11  Gas
333   334        C           616             3             629           632            13  Gas
334   335        B           617             3             617           620             0   95
335   336        B           620             3             620           623             0   95
336   337        C           621             5             632           637            11  Gas
337   338        C           622             7             622           629             0   90
338   339        B           625             1             629           630             4   90
339   340        B           626             2             626           628             0   95
340   341        C           629             7             630           637             1   90
341   342        B           630             1             630           631             0   95
342   343        B           633             1             633           634             0   95
343   344        B           635             1             635           636             0   95
344   345        B           637             3             637           640             0   90
345   346        A           640             2             640           642             0   95
346   347        A           643             2             643           645             0   95
347   348        B           646             2             646           648             0   95
348   349        B           648             3             648           651             0   90
349   350        C           650             3             651           654             1   90
350   351        A           653             3             653           656             0   95
351   352        A           654             3             656           659             2   95
352   353        C           655             7             655           662             0  Gas
353   354        B           655             3             659           662             4   95
354   355        C           658             3             662           665             4  Gas
355   356        C           660             5             660           665             0   90
356   357        C           663             3             665           668             2  Gas
357   358        A           665             3             665           668             0   95
358   359        C           666             5             666           671             0   90
359   360        B           669             2             669           671             0   95
360   361        C           672             5             672           677             0   90
361   362        C           674             5             674           679             0  Gas
362   363        C           674             5             677           682             3   90
363   364        C           677             5             679           684             2  Gas
364   365        C           678             5             682           687             4   90
365   366        A           681             1             681           682             0   95
366   367        B           682             3             687           690             5   90
367   368        B           683             3             690           693             7   90
368   369        A           685             3             685           688             0   95
369   370        B           688             1             688           689             0   95
370   371        C           691             7             691           698             0  Gas
371   372        B           692             2             693           695             1   90
372   373        B           693             3             695           698             2   90
373   374        B           696             3             698           701             2   90
374   375        B           699             1             699           700             0   95
375   376        C           700             5             700           705             0  Gas
376   377        C           700             5             701           706             1   90
377   378        C           702             3             705           708             3  Gas
378   379        B           703             3             703           706             0   95
379   380        C           706             5             706           711             0   90
380   381        C           708             3             711           714             3   90
381   382        B           711             3             714           717             3   90
382   383        C           711             7             711           718             0  Gas
383   384        C           713             5             718           723             5  Gas
384   385        C           715             5             717           722             2   90
385   386        B           715             3             722           725             7   90
386   387        B           717             2             717           719             0   95
387   388        B           718             3             725           728             7   90
388   389        B           719             3             728           731             9   90
389   390        C           722             5             723           728             1  Gas
390   391        B           722             2             722           724             0   95
391   392        B           724             3             731           734             7   90
392   393        C           725             7             734           741             9   90
393   394        B           726             1             741           742            15   90
394   395        B           726             2             726           728             0   95
395   396        C           728             3             728           731             0  Gas
396   397        B           728             3             728           731             0   95
397   398        B           730             3             742           745            12   90
398   399        C           733             5             733           738             0  Gas
399   400        C           733             7             745           752            12   90
400   401        C           734             5             738           743             4  Gas
401   402        C           737             7             752           759            15   90
402   403        C           738             5             759           764            21   90
403   404        C           741             5             743           748             2  Gas
404   405        A           741             3             741           744             0   95
405   406        C           742             5             748           753             6  Gas
406   407        B           745             2             764           766            19   90
407   408        C           748             5             753           758             5  Gas
408   409        B           749             2             766           768            17   90
409   410        B           750             3             768           771            18   90
410   411        B           751             3             751           754             0   95
411   412        B           754             3             771           774            17   90
412   413        B           757             3             757           760             0   95
413   414        C           758             5             774           779            16   90
414   415        A           760             3             760           763             0   95
415   416        C           761             7             779           786            18   90
416   417        A           762             3             763           766             1   95
417   418        A           764             3             766           769             2   95
418   419        C           767             5             786           791            19   90
419   420        C           770             5             791           796            21   90
420   421        C           773             5             796           801            23   90
421   422        B           776             3             776           779             0   95
422   423        C           776             5             776           781             0  Gas
423   424        B           778             3             779           782             1   95
424   425        C           781             5             781           786             0  Gas
425   426        C           782             5             786           791             4  Gas
426   427        C           785             7             801           808            16   90
427   428        B           788             2             788           790             0   95
428   429        B           790             1             790           791             0   95
429   430        A           793             3             793           796             0   95
430   431        B           795             2             796           798             1   95
431   432        B           796             3             798           801             2   95
432   433        C           798             5             808           813            10   90
433   434        B           799             3             801           804             2   95
434   435        C           799             3             813           816            14   90
435   436        A           802             3             804           807             2   95
436   437        C           805             7             805           812             0  Gas
437   438        B           808             1             808           809             0   95
438   439        A           811             1             811           812             0   95
439   440        A           813             3             813           816             0   95
440   441        C           816             5             816           821             0   90
441   442        C           819             5             821           826             2   90
442   443        C           822             7             826           833             4   90
443   444        A           825             3             825           828             0   95
444   445        B           828             3             828           831             0   95
445   446        B           830             3             833           836             3   90
446   447        C           830             5             830           835             0  Gas
447   448        B           830             1             836           837             6   90
448   449        B           833             3             833           836             0   95
449   450        B           836             2             836           838             0   95
450   451        A           839             3             839           842             0   95
451   452        C           840             7             840           847             0  Gas
452   453        A           843             3             843           846             0   95
453   454        A           843             3             846           849             3   95
454   455        B           846             1             849           850             3   95
455   456        C           846             5             846           851             0   90
456   457        B           846             1             850           851             4   95
457   458        A           846             2             851           853             5   95
458   459        C           849             7             851           858             2   90
459   460        A           850             2             853           855             3   95
460   461        C           852             3             852           855             0  Gas
461   462        B           855             3             855           858             0   95
462   463        B           857             2             858           860             1   95
463   464        B           857             3             858           861             1   90
464   465        C           860             3             860           863             0  Gas
465   466        A           861             3             861           864             0   95
466   467        A           864             3             864           867             0   95
467   468        C           864             3             864           867             0  Gas
468   469        B           864             3             864           867             0   90
469   470        B           865             2             867           869             2   90
470   471        C           867             5             867           872             0  Gas
471   472        A           868             3             868           871             0   95
472   473        A           868             3             871           874             3   95
473   474        C           870             3             870           873             0   90
474   475        A           873             1             874           875             1   95
475   476        C           873             5             873           878             0   90
476   477        C           875             3             878           881             3   90
477   478        A           878             2             878           880             0   95
478   479        B           881             2             881           883             0   95
479   480        C           883             7             883           890             0  Gas
480   481        C           885             5             885           890             0   90
481   482        C           886             5             890           895             4   90
482   483        C           889             5             895           900             6   90
483   484        B           890             3             890           893             0   95
484   485        B           892             3             900           903             8   90
485   486        A           892             3             893           896             1   95
486   487        C           892             5             892           897             0  Gas
487   488        A           892             3             896           899             4   95
488   489        C           892             5             897           902             5  Gas
489   490        B           893             3             899           902             6   95
490   491        C           895             3             902           905             7  Gas
491   492        C           895             5             903           908             8   90
492   493        B           896             3             908           911            12   90
493   494        B           897             1             902           903             5   95
494   495        A           900             3             903           906             3   95
495   496        C           900             5             905           910             5  Gas
496   497        C           901             5             910           915             9  Gas
497   498        C           903             5             911           916             8   90
498   499        C           904             5             915           920            11  Gas
499   500        C           904             3             920           923            16  Gas
500   501        C           904             3             916           919            12   90
501   502        C           906             3             923           926            17  Gas
502   503        B           908             3             919           922            11   90
503   504        C           911             5             926           931            15  Gas
504   505        A           914             1             914           915             0   95
505   506        A           915             2             915           917             0   95
506   507        B           917             3             917           920             0   95
507   508        C           919             5             931           936            12  Gas
508   509        C           922             7             922           929             0   90
509   510        B           922             3             929           932             7   90
510   511        A           923             1             923           924             0   95
511   512        B           925             1             932           933             7   90
512   513        A           928             3             928           931             0   95
513   514        A           928             3             931           934             3   95
514   515        A           931             1             934           935             3   95
515   516        C           931             7             933           940             2   90
516   517        B           934             3             935           938             1   95
517   518        C           937             7             937           944             0  Gas
518   519        A           940             3             940           943             0   95
519   520        C           942             7             944           951             2  Gas
520   521        B           944             2             944           946             0   90
521   522        B           946             3             946           949             0   95
522   523        C           949             7             949           956             0   90
523   524        C           950             3             951           954             1  Gas
524   525        C           951             7             954           961             3  Gas
525   526        B           953             3             953           956             0   95
526   527        B           953             1             956           957             3   90
527   528        C           954             5             957           962             3   90
528   529        C           957             5             962           967             5   90
529   530        B           960             3             967           970             7   90
530   531        A           961             2             961           963             0   95
531   532        C           963             5             970           975             7   90
532   533        C           965             5             965           970             0  Gas
533   534        C           968             7             970           977             2  Gas
534   535        C           969             5             977           982             8  Gas
535   536        C           971             7             982           989            11  Gas
536   537        B           973             1             975           976             2   90
537   538        C           975             5             989           994            14  Gas
538   539        B           976             2             976           978             0   90
539   540        C           977             3             994           997            17  Gas
540   541        B           978             3             978           981             0   95
541   542        C           978             5             997          1002            19  Gas
542   543        C           981             7             981           988             0   90
543   544        B           984             1             984           985             0   95
544   545        B           986             2             988           990             2   90
545   546        A           989             3             989           992             0   95
546   547        C           990             5            1002          1007            12  Gas
547   548        B           992             3             992           995             0   95
548   549        C           995             5            1007          1012            12  Gas
549   550        B           997             2             997           999             0   90
550   551        C          1000             3            1000          1003             0   90
551   552        B          1001             3            1003          1006             2   90
552   553        C          1004             7            1006          1013             2   90
553   554        B          1004             2            1013          1015             9   90
554   555        A          1006             2            1006          1008             0   95
555   556        C          1007             7            1015          1022             8   90
556   557        B          1008             3            1008          1011             0   95
557   558        B          1011             3            1011          1014             0   95
558   559        B          1014             2            1022          1024             8   90
559   560        C          1017             5            1017          1022             0  Gas
560   561        B          1019             2            1024          1026             5   90
561   562        B          1019             2            1026          1028             7   90
562   563        C          1021             3            1028          1031             7   90
563   564        B          1022             3            1031          1034             9   90
564   565        B          1025             2            1034          1036             9   90
565   566        B          1028             1            1028          1029             0   95
566   567        C          1029             3            1036          1039             7   90
567   568        B          1030             3            1039          1042             9   90
568   569        C          1031             3            1031          1034             0  Gas
569   570        A          1031             3            1031          1034             0   95
570   571        C          1031             3            1034          1037             3  Gas
571   572        C          1032             5            1042          1047            10   90
572   573        C          1035             7            1037          1044             2  Gas
573   574        B          1038             2            1047          1049             9   90
574   575        C          1041             5            1049          1054             8   90
575   576        C          1043             7            1044          1051             1  Gas
576   577        C          1046             5            1051          1056             5  Gas
577   578        C          1049             3            1056          1059             7  Gas
578   579        B          1049             2            1054          1056             5   90
579   580        B          1052             3            1052          1055             0   95
580   581        B          1055             3            1055          1058             0   95
581   582        C          1057             5            1059          1064             2  Gas
582   583        B          1059             3            1059          1062             0   95
583   584        C          1062             5            1062          1067             0   90
584   585        C          1064             7            1067          1074             3   90
585   586        C          1065             5            1074          1079             9   90
586   587        B          1066             3            1066          1069             0   95
587   588        B          1067             3            1079          1082            12   90
588   589        C          1070             5            1070          1075             0  Gas
589   590        B          1073             3            1073          1076             0   95
590   591        C          1073             5            1075          1080             2  Gas
591   592        B          1076             1            1082          1083             6   90
592   593        C          1077             3            1080          1083             3  Gas
593   594        B          1079             3            1083          1086             4   90
594   595        B          1082             2            1082          1084             0   95
595   596        B          1083             2            1084          1086             1   95
596   597        B          1086             3            1086          1089             0   95
597   598        C          1089             5            1089          1094             0  Gas
598   599        A          1089             3            1089          1092             0   95
599   600        C          1092             3            1094          1097             2  Gas
600   601        A          1093             2            1093          1095             0   95
601   602        C          1093             5            1093          1098             0   90
602   603        A          1094             2            1095          1097             1   95
603   604        C          1097             7            1098          1105             1   90
604   605        C          1097             5            1097          1102             0  Gas
605   606        B          1097             3            1097          1100             0   95
606   607        B          1100             3            1100          1103             0   95
607   608        C          1103             5            1105          1110             2   90
608   609        C          1105             5            1105          1110             0  Gas
609   610        C          1105             7            1110          1117             5  Gas
610   611        B          1108             3            1108          1111             0   95
611   612        C          1111             3            1117          1120             6  Gas
612   613        B          1113             3            1113          1116             0   90
613   614        C          1116             5            1116          1121             0   90
614   615        A          1118             3            1118          1121             0   95
615   616        A          1119             2            1121          1123             2   95
616   617        C          1120             3            1120          1123             0  Gas
617   618        A          1120             3            1123          1126             3   95
618   619        C          1121             3            1123          1126             2  Gas
619   620        C          1123             5            1126          1131             3  Gas
620   621        C          1125             5            1131          1136             6  Gas
621   622        A          1128             3            1128          1131             0   95
622   623        C          1129             7            1136          1143             7  Gas
623   624        C          1132             3            1132          1135             0   90
624   625        A          1135             3            1135          1138             0   95
625   626        C          1135             5            1135          1140             0   90
626   627        B          1136             2            1138          1140             2   95
627   628        C          1138             7            1140          1147             2   90
628   629        C          1139             5            1147          1152             8   90
629   630        B          1142             3            1152          1155            10   90
630   631        C          1144             5            1144          1149             0  Gas
631   632        C          1145             3            1149          1152             4  Gas
632   633        C          1147             5            1152          1157             5  Gas
633   634        C          1149             3            1155          1158             6   90
634   635        B          1151             3            1158          1161             7   90
635   636        B          1151             3            1151          1154             0   95
636   637        A          1154             3            1154          1157             0   95
637   638        C          1155             7            1157          1164             2  Gas
638   639        B          1156             3            1161          1164             5   90
639   640        C          1157             7            1164          1171             7   90
640   641        C          1157             5            1164          1169             7  Gas
641   642        C          1157             5            1169          1174            12  Gas
642   643        C          1160             7            1174          1181            14  Gas
643   644        C          1160             5            1171          1176            11   90
644   645        A          1161             1            1161          1162             0   95
645   646        B          1161             3            1176          1179            15   90
646   647        C          1164             5            1179          1184            15   90
647   648        C          1166             5            1184          1189            18   90
648   649        B          1169             2            1189          1191            20   90
649   650        B          1169             3            1169          1172             0   95
650   651        B          1170             2            1191          1193            21   90
651   652        C          1171             5            1181          1186            10  Gas
652   653        C          1172             5            1186          1191            14  Gas
653   654        A          1174             3            1174          1177             0   95
654   655        B          1174             3            1193          1196            19   90
655   656        C          1175             7            1196          1203            21   90
656   657        C          1177             3            1203          1206            26   90
657   658        C          1179             5            1191          1196            12  Gas
658   659        A          1181             2            1181          1183             0   95
659   660        B          1182             3            1206          1209            24   90
660   661        B          1184             2            1184          1186             0   95
661   662        B          1184             1            1186          1187             2   95
662   663        B          1187             1            1209          1210            22   90
663   664        C          1190             7            1210          1217            20   90
664   665        C          1193             7            1196          1203             3  Gas
665   666        C          1195             3            1203          1206             8  Gas
666   667        C          1195             7            1206          1213            11  Gas
667   668        C          1197             3            1213          1216            16  Gas
668   669        C          1199             7            1217          1224            18   90
669   670        A          1199             2            1199          1201             0   95
670   671        B          1201             1            1224          1225            23   90
671   672        A          1203             3            1203          1206             0   95
672   673        A          1204             1            1206          1207             2   95
673   674        C          1205             7            1216          1223            11  Gas
674   675        B          1206             1            1225          1226            19   90
675   676        C          1208             5            1223          1228            15  Gas
676   677        C          1210             5            1228          1233            18  Gas
677   678        B          1213             3            1213          1216             0   95
678   679        B          1215             3            1216          1219             1   95
679   680        B          1218             1            1219          1220             1   95
680   681        C          1220             5            1226          1231             6   90
681   682        C          1222             7            1233          1240            11  Gas
682   683        A          1223             3            1223          1226             0   95
683   684        C          1226             5            1231          1236             5   90
684   685        B          1227             2            1236          1238             9   90
685   686        A          1228             3            1228          1231             0   95
686   687        C          1231             5            1238          1243             7   90
687   688        B          1231             1            1231          1232             0   95
688   689        B          1232             2            1243          1245            11   90
689   690        C          1235             7            1245          1252            10   90
690   691        B          1237             3            1252          1255            15   90
691   692        B          1240             1            1255          1256            15   90
692   693        C          1243             3            1256          1259            13   90
693   694        B          1245             1            1245          1246             0   95
694   695        B          1246             3            1259          1262            13   90
695   696        C          1249             3            1249          1252             0  Gas
696   697        C          1252             5            1262          1267            10   90
697   698        A          1252             2            1252          1254             0   95
698   699        C          1253             5            1253          1258             0  Gas
699   700        C          1255             3            1258          1261             3  Gas
700   701        B          1256             3            1267          1270            11   90
701   702        C          1259             7            1261          1268             2  Gas
702   703        B          1262             2            1262          1264             0   95
703   704        A          1265             1            1265          1266             0   95
704   705        B          1268             3            1270          1273             2   90
705   706        B          1270             1            1273          1274             3   90
706   707        A          1272             3            1272          1275             0   95
707   708        B          1273             3            1274          1277             1   90
708   709        C          1275             7            1275          1282             0  Gas
709   710        C          1278             5            1282          1287             4  Gas
710   711        C          1280             5            1287          1292             7  Gas
711   712        C          1283             5            1283          1288             0   90
712   713        C          1285             5            1292          1297             7  Gas
713   714        B          1285             1            1288          1289             3   90
714   715        C          1288             5            1297          1302             9  Gas
715   716        C          1290             3            1302          1305            12  Gas
716   717        B          1293             3            1293          1296             0   90
717   718        A          1294             3            1294          1297             0   95
718   719        C          1297             7            1305          1312             8  Gas
719   720        B          1300             2            1300          1302             0   95
720   721        A          1301             2            1302          1304             1   95
721   722        B          1301             3            1301          1304             0   90
722   723        B          1303             3            1304          1307             1   95
723   724        A          1306             3            1307          1310             1   95
724   725        B          1309             3            1310          1313             1   95
725   726        C          1311             3            1311          1314             0   90
726   727        C          1314             7            1314          1321             0  Gas
727   728        A          1316             2            1316          1318             0   95
728   729        B          1319             3            1319          1322             0   95
729   730        C          1321             3            1321          1324             0  Gas
730   731        A          1322             2            1322          1324             0   95
731   732        C          1325             7            1325          1332             0  Gas
732   733        C          1327             7            1332          1339             5  Gas
733   734        A          1330             1            1330          1331             0   95
734   735        C          1332             3            1332          1335             0   90
735   736        A          1334             3            1334          1337             0   95
736   737        A          1335             2            1337          1339             2   95
737   738        C          1338             5            1339          1344             1  Gas
738   739        C          1341             5            1341          1346             0   90
739   740        C          1344             5            1346          1351             2   90
740   741        C          1347             7            1351          1358             4   90
741   742        B          1348             3            1348          1351             0   95
742   743        B          1349             3            1351          1354             2   95
743   744        A          1350             2            1354          1356             4   95
744   745        B          1351             1            1358          1359             7   90
745   746        C          1353             5            1353          1358             0  Gas
746   747        B          1354             3            1356          1359             2   95
747   748        B          1355             1            1359          1360             4   95
748   749        C          1357             5            1358          1363             1  Gas
749   750        C          1360             5            1360          1365             0   90
750   751        B          1362             1            1362          1363             0   95
751   752        C          1364             5            1365          1370             1   90
752   753        C          1366             5            1366          1371             0  Gas
753   754        C          1368             7            1371          1378             3  Gas
754   755        C          1370             5            1378          1383             8  Gas
755   756        B          1373             3            1373          1376             0   90
756   757        B          1376             3            1376          1379             0   95
757   758        A          1379             3            1379          1382             0   95
758   759        C          1380             3            1380          1383             0   90
759   760        C          1381             3            1383          1386             2   90
760   761        C          1384             7            1386          1393             2   90
761   762        C          1386             3            1393          1396             7   90
762   763        B          1387             3            1387          1390             0   95
763   764        C          1389             7            1396          1403             7   90
764   765        B          1392             3            1403          1406            11   90
765   766        A          1393             2            1393          1395             0   95
766   767        A          1394             3            1395          1398             1   95
767   768        C          1396             7            1406          1413            10   90
768   769        B          1399             1            1399          1400             0   95
769   770        A          1402             2            1402          1404             0   95
770   771        C          1405             5            1413          1418             8   90
771   772        C          1408             5            1408          1413             0  Gas
772   773        B          1409             3            1409          1412             0   95
773   774        B          1412             1            1418          1419             6   90
774   775        B          1413             3            1413          1416             0   95
775   776        B          1416             3            1416          1419             0   95
776   777        A          1419             2            1419          1421             0   95
777   778        A          1420             3            1421          1424             1   95
778   779        C          1422             5            1422          1427             0   90
779   780        C          1424             3            1427          1430             3   90
780   781        C          1426             3            1426          1429             0  Gas
781   782        B          1428             3            1430          1433             2   90
782   783        C          1430             7            1433          1440             3   90
783   784        C          1431             5            1440          1445             9   90
784   785        A          1434             3            1434          1437             0   95
785   786        C          1435             5            1435          1440             0  Gas
786   787        C          1436             5            1445          1450             9   90
787   788        C          1439             7            1450          1457            11   90
788   789        B          1442             2            1442          1444             0   95
789   790        C          1444             5            1444          1449             0  Gas
790   791        B          1447             3            1447          1450             0   95
791   792        B          1448             3            1450          1453             2   95
792   793        C          1451             5            1451          1456             0  Gas
793   794        A          1454             2            1454          1456             0   95
794   795        C          1455             5            1457          1462             2   90
795   796        B          1457             3            1457          1460             0   95
796   797        C          1460             5            1460          1465             0  Gas
797   798        A          1462             2            1462          1464             0   95
798   799        C          1462             3            1465          1468             3  Gas
799   800        A          1465             3            1465          1468             0   95
800   801        C          1466             3            1466          1469             0   90
801   802        A          1468             1            1468          1469             0   95
802   803        B          1470             1            1470          1471             0   95
803   804        B          1473             3            1473          1476             0   95
804   805        B          1475             3            1476          1479             1   95
805   806        C          1475             5            1475          1480             0  Gas
806   807        B          1476             2            1479          1481             3   95
807   808        B          1478             1            1481          1482             3   95
808   809        A          1479             1            1482          1483             3   95
809   810        C          1480             7            1480          1487             0  Gas
810   811        B          1483             3            1483          1486             0   95
811   812        C          1485             7            1487          1494             2  Gas
812   813        C          1487             3            1494          1497             7  Gas
813   814        C          1488             5            1497          1502             9  Gas
814   815        B          1491             2            1491          1493             0   90
815   816        A          1493             3            1493          1496             0   95
816   817        B          1493             2            1496          1498             3   95
817   818        C          1494             5            1494          1499             0   90
818   819        C          1497             3            1499          1502             2   90
819   820        B          1498             3            1498          1501             0   95
820   821        B          1498             3            1501          1504             3   95
821   822        B          1501             3            1504          1507             3   95
822   823        A          1501             1            1507          1508             6   95
823   824        A          1503             1            1508          1509             5   95
824   825        C          1505             5            1505          1510             0   90
825   826        B          1506             3            1509          1512             3   95
826   827        B          1507             3            1510          1513             3   90
827   828        C          1509             7            1509          1516             0  Gas
828   829        C          1510             7            1513          1520             3   90
829   830        B          1513             2            1513          1515             0   95
830   831        C          1516             5            1516          1521             0  Gas
831   832        B          1516             1            1516          1517             0   95
832   833        C          1518             7            1521          1528             3  Gas
833   834        C          1519             3            1528          1531             9  Gas
834   835        C          1521             5            1521          1526             0   90
835   836        C          1522             5            1526          1531             4   90
836   837        C          1525             5            1531          1536             6  Gas
837   838        B          1528             3            1528          1531             0   95
838   839        C          1531             7            1531          1538             0   90
839   840        A          1531             3            1531          1534             0   95
840   841        C          1532             5            1536          1541             4  Gas
841   842        A          1534             3            1534          1537             0   95
842   843        B          1537             2            1537          1539             0   95
843   844        A          1540             3            1540          1543             0   95
844   845        B          1543             2            1543          1545             0   95
845   846        B          1545             3            1545          1548             0   95
846   847        C          1547             5            1547          1552             0   90
847   848        C          1547             5            1547          1552             0  Gas
848   849        C          1549             3            1552          1555             3  Gas
849   850        A          1550             3            1550          1553             0   95
850   851        B          1551             2            1553          1555             2   95
851   852        C          1551             5            1552          1557             1   90
852   853        C          1553             5            1555          1560             2  Gas
853   854        B          1556             1            1556          1557             0   95
854   855        C          1559             7            1559          1566             0   90
855   856        C          1562             5            1562          1567             0  Gas
856   857        B          1563             3            1563          1566             0   95
857   858        A          1563             1            1566          1567             3   95
858   859        A          1565             3            1567          1570             2   95
859   860        C          1566             7            1566          1573             0   90
860   861        C          1569             5            1573          1578             4   90
861   862        C          1570             7            1578          1585             8   90
862   863        C          1573             5            1573          1578             0  Gas
863   864        C          1574             3            1578          1581             4  Gas
864   865        C          1577             5            1581          1586             4  Gas
865   866        C          1580             5            1585          1590             5   90
866   867        A          1583             2            1583          1585             0   95
867   868        C          1585             5            1590          1595             5   90
868   869        C          1588             7            1588          1595             0  Gas
869   870        C          1591             3            1595          1598             4   90
870   871        B          1593             3            1593          1596             0   95
871   872        C          1595             7            1595          1602             0  Gas
872   873        C          1598             5            1602          1607             4  Gas
873   874        C          1600             5            1607          1612             7  Gas
874   875        C          1603             3            1612          1615             9  Gas
875   876        C          1606             5            1606          1611             0   90
876   877        B          1607             3            1607          1610             0   95
877   878        B          1607             3            1610          1613             3   95
878   879        C          1609             7            1615          1622             6  Gas
879   880        A          1612             3            1613          1616             1   95
880   881        C          1612             7            1622          1629            10  Gas
881   882        C          1614             7            1614          1621             0   90
882   883        C          1615             7            1629          1636            14  Gas
883   884        B          1618             3            1618          1621             0   95
884   885        A          1621             1            1621          1622             0   95
885   886        C          1621             7            1621          1628             0   90
886   887        A          1623             1            1623          1624             0   95
887   888        C          1625             7            1628          1635             3   90
888   889        A          1625             3            1625          1628             0   95
889   890        C          1626             3            1636          1639            10  Gas
890   891        C          1628             5            1639          1644            11  Gas
891   892        A          1631             1            1631          1632             0   95
892   893        B          1633             3            1633          1636             0   95
893   894        A          1636             2            1636          1638             0   95
894   895        B          1639             3            1639          1642             0   95
895   896        C          1642             3            1644          1647             2  Gas
896   897        C          1642             5            1647          1652             5  Gas
897   898        B          1645             2            1645          1647             0   95
898   899        A          1645             2            1647          1649             2   95
899   900        C          1645             7            1652          1659             7  Gas
900   901        B          1646             3            1646          1649             0   90
901   902        C          1646             3            1649          1652             3   90
902   903        C          1649             5            1652          1657             3   90
903   904        C          1649             3            1657          1660             8   90
904   905        B          1652             2            1652          1654             0   95
905   906        C          1655             7            1659          1666             4  Gas
906   907        B          1656             2            1656          1658             0   95
907   908        A          1656             1            1658          1659             2   95
908   909        C          1658             5            1666          1671             8  Gas
909   910        C          1660             7            1660          1667             0   90
910   911        A          1662             3            1662          1665             0   95
911   912        B          1664             3            1665          1668             1   95
912   913        A          1667             1            1668          1669             1   95
913   914        C          1669             5            1671          1676             2  Gas
914   915        B          1671             3            1671          1674             0   90
915   916        A          1672             2            1672          1674             0   95
916   917        B          1674             3            1674          1677             0   90
917   918        A          1677             1            1677          1678             0   95
918   919        B          1678             3            1678          1681             0   90
919   920        B          1679             2            1679          1681             0   95
920   921        C          1680             5            1681          1686             1   90
921   922        B          1680             1            1681          1682             1   95
922   923        C          1681             5            1681          1686             0  Gas
923   924        C          1682             5            1686          1691             4   90
924   925        B          1684             3            1691          1694             7   90
925   926        A          1687             1            1687          1688             0   95
926   927        C          1690             5            1694          1699             4   90
927   928        A          1692             2            1692          1694             0   95
928   929        C          1693             5            1699          1704             6   90
929   930        A          1696             3            1696          1699             0   95
930   931        C          1697             5            1697          1702             0  Gas
931   932        B          1698             2            1699          1701             1   95
932   933        A          1701             3            1701          1704             0   95
933   934        B          1703             3            1704          1707             1   95
934   935        C          1705             5            1705          1710             0  Gas
935   936        B          1707             3            1707          1710             0   90
936   937        A          1709             1            1709          1710             0   95
937   938        B          1711             1            1711          1712             0   90
938   939        C          1713             7            1713          1720             0  Gas
939   940        B          1716             2            1716          1718             0   95
940   941        A          1716             2            1718          1720             2   95
941   942        C          1717             3            1717          1720             0   90
942   943        C          1720             5            1720          1725             0   90
943   944        A          1720             3            1720          1723             0   95
944   945        B          1723             3            1723          1726             0   95
945   946        C          1726             7            1726          1733             0   90
946   947        B          1729             3            1729          1732             0   95
947   948        A          1729             3            1732          1735             3   95
948   949        C          1730             5            1730          1735             0  Gas
949   950        A          1731             1            1735          1736             4   95
950   951        B          1733             1            1736          1737             3   95
951   952        C          1736             5            1736          1741             0   90
952   953        B          1738             1            1738          1739             0   95
953   954        C          1740             7            1741          1748             1   90
954   955        C          1742             3            1742          1745             0  Gas
955   956        B          1745             3            1748          1751             3   90
956   957        A          1748             2            1748          1750             0   95
957   958        C          1748             7            1748          1755             0  Gas
958   959        C          1751             7            1755          1762             4  Gas
959   960        B          1752             3            1752          1755             0   95
960   961        C          1752             5            1752          1757             0   90
961   962        B          1753             3            1755          1758             2   95
962   963        C          1753             5            1762          1767             9  Gas
963   964        B          1756             2            1757          1759             1   90
964   965        C          1757             5            1759          1764             2   90
965   966        B          1760             1            1760          1761             0   95
966   967        B          1761             3            1761          1764             0   95
967   968        C          1761             5            1764          1769             3   90
968   969        C          1762             5            1767          1772             5  Gas
969   970        B          1765             3            1765          1768             0   95
970   971        C          1768             5            1772          1777             4  Gas
971   972        B          1770             3            1770          1773             0   90
972   973        C          1770             3            1777          1780             7  Gas
973   974        C          1771             5            1780          1785             9  Gas
974   975        B          1774             3            1774          1777             0   95
975   976        C          1776             5            1776          1781             0   90
976   977        C          1778             3            1781          1784             3   90
977   978        B          1781             3            1784          1787             3   90
978   979        C          1784             5            1787          1792             3   90
979   980        C          1786             5            1792          1797             6   90
980   981        C          1789             5            1789          1794             0  Gas
981   982        C          1792             7            1794          1801             2  Gas
982   983        B          1794             3            1797          1800             3   90
983   984        B          1794             3            1800          1803             6   90
984   985        C          1797             5            1803          1808             6   90
985   986        B          1797             3            1797          1800             0   95
986   987        C          1800             5            1801          1806             1  Gas
987   988        B          1803             2            1808          1810             5   90
988   989        B          1806             3            1810          1813             4   90
989   990        A          1807             2            1807          1809             0   95
990   991        C          1809             3            1809          1812             0  Gas
991   992        B          1812             3            1812          1815             0   95
992   993        A          1814             3            1815          1818             1   95
993   994        B          1816             2            1816          1818             0   90
994   995        B          1816             1            1818          1819             2   95
995   996        A          1816             3            1819          1822             3   95
996   997        C          1816             5            1816          1821             0  Gas
997   998        C          1816             5            1818          1823             2   90
998   999        C          1819             5            1821          1826             2  Gas
999  1000        B          1822             3            1822          1825             0   95