      Car Category  Arrival Time  Service Time  Service Begins  Service Ends  Waiting Time Pump
0       1        B             3             3               3             6             0   90
1       2        A             4             3               4             7             0   95
2       3        C             6             3               6             9             0  Gas
3       4        C             9             5               9            14             0  Gas
4       5        C            12             3              14            17             2  Gas
5       6        C            15             7              17            24             2  Gas
6       7        B            16             3              16            19             0   90
7       8        C            19             5              24            29             5  Gas
8       9        C            21             5              29            34             8  Gas
9      10        C            24             5              24            29             0   90
10     11        A            27             3              27            30             0   95
11     12        C            29             5              29            34             0   90
12     13        C            30             3              34            37             4   90
13     14        C            32             7              34            41             2  Gas
14     15        C            33             3              37            40             4   90
15     16        A            36             3              36            39             0   95
16     17        C            39             5              40            45             1   90
17     18        C            41             3              45            48             4   90
18     19        B            41             3              41            44             0   95
19     20        C            43             3              48            51             5   90
20     21        A            44             2              44            46             0   95
21     22        A            45             3              46            49             1   95
22     23        B            48             2              49            51             1   95
23     24        C            48             7              51            58             3   90
24     25        C            50             7              50            57             0  Gas
25     26        C            50             3              58            61             8   90
26     27        A            50             3              51            54             1   95
27     28        B            53             3              54            57             1   95
28     29        C            54             5              61            66             7   90
29     30        C            55             5              66            71            11   90
30     31        A            58             3              58            61             0   95
31     32        C            58             7              71            78            13   90
32     33        C            59             3              59            62             0  Gas
33     34        C            60             3              62            65             2  Gas
34     35        A            61             3              61            64             0   95
35     36        B            64             2              78            80            14   90
36     37        C            64             5              65            70             1  Gas
37     38        C            65             5              80            85            15   90
38     39        A            65             3              65            68             0   95
39     40        C            68             3              85            88            17   90
40     41        A            71             3              71            74             0   95
41     42        C            73             3              73            76             0  Gas
42     43        A            76             3              76            79             0   95
43     44        B            78             3              88            91            10   90
44     45        B            78             2              79            81             1   95
45     46        C            80             5              80            85             0  Gas
46     47        C            81             3              85            88             4  Gas
47     48        A            82             2              82            84             0   95
48     49        C            84             7              88            95             4  Gas
49     50        A            86             2              86            88             0   95
50     51        B            86             2              91            93             5   90
51     52        A            87             3              88            91             1   95
52     53        C            89             3              93            96             4   90
53     54        A            89             3              91            94             2   95
54     55        A            92             3              94            97             2   95
55     56        A            93             3              97           100             4   95
56     57        C            96             3              96            99             0   90
57     58        B            97             2             100           102             3   95
58     59        A           100             1             102           103             2   95
59     60        B           103             1             103           104             0   95
60     61        C           103             5             103           108             0  Gas
61     62        C           103             5             108           113             5  Gas
62     63        A           105             3             105           108             0   95
63     64        C           106             7             113           120             7  Gas
64     65        C           107             3             120           123            13  Gas
65     66        B           110             2             110           112             0   90
66     67        A           112             2             112           114             0   95
67     68        B           113             2             114           116             1   95
68     69        B           114             3             116           119             2   95
69     70        C           115             5             115           120             0   90
70     71        A           115             3             119           122             4   95
71     72        C           116             5             123           128             7  Gas
72     73        A           116             3             122           125             6   95
73     74        A           116             3             125           128             9   95
74     75        C           117             5             128           133            11  Gas
75     76        A           120             2             128           130             8   95
76     77        C           121             3             121           124             0   90
77     78        C           122             7             133           140            11  Gas
78     79        C           124             7             140           147            16  Gas
79     80        C           126             5             147           152            21  Gas
80     81        A           127             2             130           132             3   95
81     82        C           129             3             129           132             0   90
82     83        C           132             5             152           157            20  Gas
83     84        B           133             3             133           136             0   95
84     85        B           135             3             135           138             0   90
85     86        B           137             1             138           139             1   90
86     87        B           140             3             140           143             0   95
87     88        B           141             1             143           144             2   95
88     89        A           141             3             144           147             3   95
89     90        C           144             5             157           162            13  Gas
90     91        C           144             5             162           167            18  Gas
91     92        B           144             2             147           149             3   95
92     93        A           144             1             149           150             5   95
93     94        C           147             3             167           170            20  Gas
94     95        C           150             3             150           153             0   90
95     96        C           150             7             170           177            20  Gas
96     97        B           150             3             153           156             3   90
97     98        B           152             3             156           159             4   90
98     99        A           155             2             155           157             0   95
99    100        B           158             2             158           160             0   95
100   101        C           160             3             177           180            17  Gas
101   102        C           160             5             160           165             0   90
102   103        B           160             1             160           161             0   95
103   104        B           161             2             161           163             0   95
104   105        B           163             3             163           166             0   95
105   106        C           163             5             180           185            17  Gas
106   107        C           166             7             185           192            19  Gas
107   108        C           166             7             192           199            26  Gas
108   109        B           169             3             169           172             0   95
109   110        B           172             3             172           175             0   95
110   111        C           173             7             173           180             0   90
111   112        C           173             5             199           204            26  Gas
112   113        B           176             3             176           179             0   95
113   114        C           176             5             204           209            28  Gas
114   115        C           177             5             209           214            32  Gas
115   116        B           179             3             180           183             1   90
116   117        B           179             2             179           181             0   95
117   118        B           182             3             182           185             0   95
118   119        C           182             5             214           219            32  Gas
119   120        A           183             1             185           186             2   95
120   121        A           186             2             186           188             0   95
121   122        B           188             3             188           191             0   95
122   123        B           189             3             191           194             2   95
123   124        A           189             1             194           195             5   95
124   125        B           192             2             195           197             3   95
125   126        C           193             5             193           198             0   90
126   127        B           196             2             198           200             2   90
127   128        B           197             3             197           200             0   95
128   129        B           200             3             200           203             0   95
129   130        C           200             3             219           222            19  Gas
130   131        C           201             5             222           227            21  Gas
131   132        C           204             5             204           209             0   90
132   133        A           207             2             207           209             0   95
133   134        C           208             5             209           214             1   90
134   135        C           211             5             227           232            16  Gas
135   136        A           214             2             214           216             0   95
136   137        C           216             5             216           221             0   90
137   138        B           217             3             221           224             4   90
138   139        A           220             3             220           223             0   95
139   140        A           220             3             223           226             3   95
140   141        B           221             3             224           227             3   90
141   142        B           223             2             227           229             4   90
142   143        C           226             5             229           234             3   90
143   144        A           228             3             228           231             0   95
144   145        C           229             5             232           237             3  Gas
145   146        C           230             7             234           241             4   90
146   147        C           230             3             241           244            11   90
147   148        B           231             1             231           232             0   95
148   149        B           234             1             234           235             0   95
149   150        B           237             3             237           240             0   95
150   151        C           239             3             239           242             0  Gas
151   152        A           240             3             240           243             0   95
152   153        B           243             2             244           246             1   90
153   154        A           244             2             244           246             0   95
154   155        B           247             2             247           249             0   95
155   156        C           248             7             248           255             0  Gas
156   157        C           251             7             255           262             4  Gas
157   158        B           251             1             251           252             0   95
158   159        B           252             3             252           255             0   90
159   160        B           253             3             253           256             0   95
160   161        B           256             3             256           259             0   95
161   162        B           256             2             259           261             3   95
162   163        B           257             1             257           258             0   90
163   164        C           260             3             262           265             2  Gas
164   165        C           262             7             265           272             3  Gas
165   166        A           262             2             262           264             0   95
166   167        B           265             3             265           268             0   90
167   168        C           266             5             268           273             2   90
168   169        B           268             3             273           276             5   90
169   170        B           268             2             268           270             0   95
170   171        A           271             3             271           274             0   95
171   172        C           272             7             272           279             0  Gas
172   173        B           273             3             274           277             1   95
173   174        A           276             3             277           280             1   95
174   175        B           278             2             280           282             2   95
175   176        C           279             3             279           282             0  Gas
176   177        A           281             3             282           285             1   95
177   178        B           284             1             285           286             1   95
178   179        C           287             7             287           294             0   90
179   180        B           290             3             290           293             0   95
180   181        C           291             5             291           296             0  Gas
181   182        B           292             1             293           294             1   95
182   183        A           295             3             295           298             0   95
183   184        C           295             3             296           299             1  Gas
184   185        B           296             2             296           298             0   90
185   186        B           297             2             298           300             1   95
186   187        C           300             7             300           307             0  Gas
187   188        B           303             3             303           306             0   95
188   189        B           305             3             306           309             1   95
189   190        B           306             3             309           312             3   95
190   191        B           309             1             309           310             0   90
191   192        C           311             7             311           318             0  Gas
192   193        B           314             2             314           316             0   95
193   194        A           316             1             316           317             0   95
194   195        C           316             7             318           325             2  Gas
195   196        B           319             1             319           320             0   90
196   197        C           322             5             322           327             0   90
197   198        C           322             5             325           330             3  Gas
198   199        B           323             3             323           326             0   95
199   200        B           324             3             326           329             2   95
200   201        B           324             1             329           330             5   95
201   202        B           325             3             330           333             5   95
202   203        C           327             7             330           337             3  Gas
203   204        A           330             3             333           336             3   95
204   205        C           333             3             333           336             0   90
205   206        B           336             3             336           339             0   95
206   207        C           338             7             338           345             0  Gas
207   208        A           339             3             339           342             0   95
208   209        B           340             2             340           342             0   90
209   210        C           341             3             345           348             4  Gas
210   211        C           344             5             348           353             4  Gas
211   212        C           347             5             347           352             0   90
212   213        C           348             5             352           357             4   90
213   214        C           350             5             357           362             7   90
214   215        A           353             1             353           354             0   95
215   216        B           354             2             354           356             0   95
216   217        B           355             3             356           359             1   95
217   218        B           358             1             362           363             4   90
218   219        A           359             3             359           362             0   95
219   220        C           361             5             361           366             0  Gas
220   221        A           363             2             363           365             0   95
221   222        B           366             3             366           369             0   95
222   223        C           367             7             367           374             0   90
223   224        C           368             7             368           375             0  Gas
224   225        B           368             1             369           370             1   95
225   226        B           370             3             374           377             4   90
226   227        C           370             3             375           378             5  Gas
227   228        C           372             5             377           382             5   90
228   229        B           375             2             382           384             7   90
229   230        C           377             5             378           383             1  Gas
230   231        C           379             7             383           390             4  Gas
231   232        C           380             3             390           393            10  Gas
232   233        B           381             2             384           386             3   90
233   234        A           384             1             384           385             0   95
234   235        B           387             3             387           390             0   90
235   236        C           390             5             393           398             3  Gas
236   237        C           390             5             390           395             0   90
237   238        B           390             3             390           393             0   95
238   239        C           392             5             398           403             6  Gas
239   240        C           395             5             403           408             8  Gas
240   241        B           396             2             396           398             0   90
241   242        C           398             5             408           413            10  Gas
242   243        A           398             2             398           400             0   95
243   244        B           401             2             401           403             0   95
244   245        C           403             7             413           420            10  Gas
245   246        C           405             5             405           410             0   90
246   247        C           408             7             420           427            12  Gas
247   248        C           411             5             427           432            16  Gas
248   249        C           414             7             414           421             0   90
249   250        C           417             7             421           428             4   90
250   251        C           418             5             432           437            14  Gas
251   252        C           419             5             428           433             9   90
252   253        B           419             3             419           422             0   95
253   254        C           420             3             437           440            17  Gas
254   255        C           422             5             433           438            11   90
255   256        A           423             3             423           426             0   95
256   257        C           424             7             440           447            16  Gas
257   258        C           427             7             447           454            20  Gas
258   259        A           428             3             428           431             0   95
259   260        C           430             3             438           441             8   90
260   261        C           431             5             454           459            23  Gas
261   262        C           432             5             459           464            27  Gas
262   263        B           432             3             441           444             9   90
263   264        B           432             3             432           435             0   95
264   265        A           432             2             435           437             3   95
265   266        B           433             1             437           438             4   95
266   267        B           436             2             438           440             2   95
267   268        C           439             5             444           449             5   90
268   269        B           442             2             442           444             0   95
269   270        B           444             1             449           450             5   90
270   271        B           444             2             444           446             0   95
271   272        A           446             2             446           448             0   95
272   273        C           448             5             464           469            16  Gas
273   274        A           449             2             449           451             0   95
274   275        C           452             7             469           476            17  Gas
275   276        B           454             2             454           456             0   95
276   277        B           457             3             457           460             0   90
277   278        B           459             3             459           462             0   95
278   279        C           461             5             461           466             0   90
279   280        A           462             3             462           465             0   95
280   281        B           465             2             466           468             1   90
281   282        B           466             2             466           468             0   95
282   283        B           466             3             468           471             2   90
283   284        B           469             2             469           471             0   95
284   285        C           469             3             476           479             7  Gas
285   286        C           471             7             471           478             0   90
286   287        C           474             3             478           481             4   90
287   288        A           474             3             474           477             0   95
288   289        B           474             2             477           479             3   95
289   290        A           474             3             479           482             5   95
290   291        C           477             7             479           486             2  Gas
291   292        C           479             3             481           484             2   90
292   293        B           481             3             482           485             1   95
293   294        C           483             5             484           489             1   90
294   295        B           483             3             489           492             6   90
295   296        A           486             3             486           489             0   95
296   297        C           489             7             489           496             0  Gas
297   298        A           489             2             489           491             0   95
298   299        B           492             3             492           495             0   95
299   300        A           493             3             495           498             2   95
300   301        C           493             3             496           499             3  Gas
301   302        C           496             3             499           502             3  Gas
302   303        B           499             2             499           501             0   90
303   304        A           499             3             499           502             0   95
304   305        C           500             7             501           508             1   90
305   306        B           503             2             503           505             0   95
306   307        C           504             5             504           509             0  Gas
307   308        B           504             3             508           511             4   90
308   309        A           506             2             506           508             0   95
309   310        C           509             7             509           516             0  Gas
310   311        A           511             3             511           514             0   95
311   312        A           514             3             514           517             0   95
312   313        A           517             3             517           520             0   95
313   314        C           520             7             520           527             0  Gas
314   315        B           521             1             521           522             0   95
315   316        A           523             3             523           526             0   95
316   317        B           525             3             526           529             1   95
317   318        A           528             3             529           532             1   95
318   319        C           528             5             528           533             0  Gas
319   320        C           531             7             533           540             2  Gas
320   321        B           533             2             533           535             0   90
321   322        C           536             5             540           545             4  Gas
322   323        C           536             7             545           552             9  Gas
323   324        C           538             7             552           559            14  Gas
324   325        B           538             2             538           540             0   90
325   326        C           540             7             540           547             0   90
326   327        A           543             2             543           545             0   95
327   328        C           543             7             559           566            16  Gas
328   329        C           543             7             566           573            23  Gas
329   330        A           546             3             546           549             0   95
330   331        C           548             5             548           553             0   90
331   332        B           549             3             549           552             0   95
332   333        B           552             3             552           555             0   95
333   334        C           553             7             573           580            20  Gas
334   335        B           555             3             555           558             0   95
335   336        A           555             2             558           560             3   95
336   337        C           556             5             580           585            24  Gas
337   338        B           558             2             558           560             0   90
338   339        B           559             3             560           563             1   95
339   340        A           560             2             563           565             3   95
340   341        A           562             3             565           568             3   95
341   342        A           565             3             568           571             3   95
342   343        C           565             5             585           590            20  Gas
343   344        B           566             3             571           574             5   95
344   345        B           566             2             566           568             0   90
345   346        C           566             7             568           575             2   90
346   347        C           568             5             590           595            22  Gas
347   348        B           569             2             574           576             5   95
348   349        A           570             3             576           579             6   95
349   350        C           572             7             595           602            23  Gas
350   351        B           575             3             579           582             4   95
351   352        A           576             2             582           584             6   95
352   353        A           578             1             584           585             6   95
353   354        A           579             3             585           588             6   95
354   355        C           580             7             602           609            22  Gas
355   356        B           581             2             588           590             7   95
356   357        C           582             5             609           614            27  Gas
357   358        C           585             5             585           590             0   90
358   359        C           586             7             590           597             4   90
359   360        C           588             5             597           602             9   90
360   361        C           591             5             602           607            11   90
361   362        C           592             7             607           614            15   90
362   363        A           595             3             595           598             0   95
363   364        C           597             7             614           621            17   90
364   365        B           598             3             598           601             0   95
365   366        C           599             5             614           619            15  Gas
366   367        B           599             2             601           603             2   95
367   368        C           599             7             621           628            22   90
368   369        C           599             7             619           626            20  Gas
369   370        C           602             5             626           631            24  Gas
370   371        B           605             3             605           608             0   95
371   372        A           607             3             608           611             1   95
372   373        C           610             5             631           636            21  Gas
373   374        B           612             2             612           614             0   95
374   375        A           613             2             614           616             1   95
375   376        B           614             3             628           631            14   90
376   377        C           617             5             636           641            19  Gas
377   378        C           620             7             641           648            21  Gas
378   379        C           622             7             631           638             9   90
379   380        B           625             3             625           628             0   95
380   381        A           625             3             628           631             3   95
381   382        C           625             7             648           655            23  Gas
382   383        C           626             3             655           658            29  Gas
383   384        B           626             2             631           633             5   95
384   385        B           629             2             638           640             9   90
385   386        A           629             3             633           636             4   95
386   387        C           629             7             640           647            11   90
387   388        C           631             5             658           663            27  Gas
388   389        C           632             3             663           666            31  Gas
389   390        C           633             3             647           650            14   90
390   391        C           636             3             666           669            30  Gas
391   392        B           637             2             637           639             0   95
392   393        C           639             5             650           655            11   90
393   394        C           641             7             669           676            28  Gas
394   395        B           643             3             643           646             0   95
395   396        C           643             3             676           679            33  Gas
396   397        A           645             2             646           648             1   95
397   398        B           646             1             648           649             2   95
398   399        C           646             5             679           684            33  Gas
399   400        C           649             5             655           660             6   90
400   401        A           649             3             649           652             0   95
401   402        B           652             2             652           654             0   95
402   403        A           654             3             654           657             0   95
403   404        C           654             3             660           663             6   90
404   405        B           656             1             657           658             1   95
405   406        A           656             1             658           659             2   95
406   407        B           658             3             659           662             1   95
407   408        B           661             3             662           665             1   95
408   409        B           661             1             665           666             4   95
409   410        B           663             3             666           669             3   95
410   411        C           665             5             684           689            19  Gas
411   412        C           668             5             668           673             0   90
412   413        B           671             3             673           676             2   90
413   414        B           672             1             676           677             4   90
414   415        A           675             1             675           676             0   95
415   416        A           677             3             677           680             0   95
416   417        C           680             3             689           692             9  Gas
417   418        C           681             5             681           686             0   90
418   419        C           683             5             692           697             9  Gas
419   420        A           686             3             686           689             0   95
420   421        A           689             2             689           691             0   95
421   422        C           689             5             697           702             8  Gas
422   423        C           690             7             690           697             0   90
423   424        B           693             3             693           696             0   95
424   425        C           693             3             697           700             4   90
425   426        C           696             5             700           705             4   90
426   427        C           698             5             705           710             7   90
427   428        C           699             7             710           717            11   90
428   429        B           699             2             699           701             0   95
429   430        B           701             3             717           720            16   90
430   431        A           703             2             703           705             0   95
431   432        C           704             5             720           725            16   90
432   433        C           704             5             704           709             0  Gas
433   434        C           706             7             725           732            19   90
434   435        C           708             7             709           716             1  Gas
435   436        C           709             3             716           719             7  Gas
436   437        B           709             2             732           734            23   90
437   438        A           712             3             712           715             0   95
438   439        C           714             7             719           726             5  Gas
439   440        C           717             7             734           741            17   90
440   441        C           718             7             726           733             8  Gas
441   442        C           720             3             733           736            13  Gas
442   443        A           723             1             723           724             0   95
443   444        C           724             5             741           746            17   90
444   445        A           726             1             726           727             0   95
445   446        C           728             5             736           741             8  Gas
446   447        C           731             5             746           751            15   90
447   448        C           733             5             741           746             8  Gas
448   449        B           734             1             751           752            17   90
449   450        C           737             3             746           749             9  Gas
450   451        C           737             5             749           754            12  Gas
451   452        C           740             5             752           757            12   90
452   453        B           742             2             742           744             0   95
453   454        C           745             5             754           759             9  Gas
454   455        C           746             7             759           766            13  Gas
455   456        A           749             2             749           751             0   95
456   457        C           751             7             757           764             6   90
457   458        A           751             3             751           754             0   95
458   459        B           752             2             754           756             2   95
459   460        B           754             1             764           765            10   90
460   461        C           757             5             766           771             9  Gas
461   462        C           760             7             771           778            11  Gas
462   463        C           763             7             765           772             2   90
463   464        C           766             5             778           783            12  Gas
464   465        C           767             7             772           779             5   90
465   466        A           770             2             770           772             0   95
466   467        B           773             1             773           774             0   95
467   468        A           775             3             775           778             0   95
468   469        C           776             5             783           788             7  Gas
469   470        B           778             1             778           779             0   95
470   471        B           779             2             779           781             0   95
471   472        A           779             3             781           784             2   95
472   473        B           782             2             784           786             2   95
473   474        C           785             5             785           790             0   90
474   475        B           786             3             786           789             0   95
475   476        B           788             2             790           792             2   90
476   477        C           790             3             792           795             2   90
477   478        B           793             3             795           798             2   90
478   479        C           795             5             798           803             3   90
479   480        A           798             2             798           800             0   95
480   481        B           801             2             801           803             0   95
481   482        B           803             3             803           806             0   95
482   483        B           805             1             805           806             0   90
483   484        B           807             3             807           810             0   95
484   485        A           809             3             810           813             1   95
485   486        C           811             7             811           818             0  Gas
486   487        C           811             7             818           825             7  Gas
487   488        B           812             3             813           816             1   95
488   489        C           815             5             825           830            10  Gas
489   490        C           818             7             830           837            12  Gas
490   491        C           819             5             819           824             0   90
491   492        A           819             2             819           821             0   95
492   493        B           822             3             822           825             0   95
493   494        C           824             7             824           831             0   90
494   495        A           825             2             825           827             0   95
495   496        A           828             3             828           831             0   95
496   497        C           830             7             831           838             1   90
497   498        C           833             7             837           844             4  Gas
498   499        B           835             2             838           840             3   90
499   500        C           835             3             840           843             5   90
500   501        B           838             2             838           840             0   95
501   502        B           841             3             843           846             2   90
502   503        C           844             3             846           849             2   90
503   504        B           845             3             845           848             0   95
504   505        C           845             7             845           852             0  Gas
505   506        B           848             1             849           850             1   90
506   507        C           850             3             852           855             2  Gas
507   508        B           850             3             850           853             0   95
508   509        B           851             1             851           852             0   90
509   510        A           852             2             853           855             1   95
510   511        A           853             1             855           856             2   95
511   512        B           856             3             856           859             0   95
512   513        B           859             3             859           862             0   95
513   514        B           861             2             862           864             1   95
514   515        C           864             5             864           869             0   90
515   516        C           866             7             869           876             3   90
516   517        B           867             3             867           870             0   95
517   518        A           869             1             870           871             1   95
518   519        C           871             5             871           876             0  Gas
519   520        C           871             5             876           881             5  Gas
520   521        C           874             5             876           881             2   90
521   522        B           876             2             881           883             5   90
522   523        A           878             2             878           880             0   95
523   524        B           881             1             883           884             2   90
524   525        C           883             3             883           886             0  Gas
525   526        B           886             2             886           888             0   90
526   527        B           888             1             888           889             0   95
527   528        B           889             2             889           891             0   90
528   529        C           892             7             892           899             0  Gas
529   530        C           895             5             895           900             0   90
530   531        A           896             2             896           898             0   95
531   532        A           898             2             898           900             0   95
532   533        C           901             5             901           906             0  Gas
533   534        B           904             3             904           907             0   90
534   535        A           907             2             907           909             0   95
535   536        C           908             5             908           913             0  Gas
536   537        C           910             7             913           920             3  Gas
537   538        C           911             5             911           916             0   90
538   539        C           913             3             920           923             7  Gas
539   540        B           916             1             916           917             0   90
540   541        B           919             3             919           922             0   95
541   542        B           921             3             921           924             0   90
542   543        A           921             3             922           925             1   95
543   544        B           922             3             924           927             2   90
544   545        A           923             3             925           928             2   95
545   546        C           923             3             923           926             0  Gas
546   547        C           925             5             927           932             2   90
547   548        A           926             3             928           931             2   95
548   549        C           928             7             928           935             0  Gas
549   550        A           931             1             931           932             0   95
550   551        C           934             7             935           942             1  Gas
551   552        C           936             7             942           949             6  Gas
552   553        C           937             5             937           942             0   90
553   554        C           940             5             949           954             9  Gas
554   555        A           942             3             942           945             0   95
555   556        C           945             5             954           959             9  Gas
556   557        B           948             3             948           951             0   95
557   558        C           951             3             959           962             8  Gas
558   559        A           953             2             953           955             0   95
559   560        B           956             2             956           958             0   95
560   561        B           956             3             956           959             0   90
561   562        C           959             7             962           969             3  Gas
562   563        B           962             3             962           965             0   95
563   564        A           965             3             965           968             0   95
564   565        B           967             1             967           968             0   90
565   566        C           967             5             968           973             1   90
566   567        C           970             5             970           975             0  Gas
567   568        A           973             3             973           976             0   95
568   569        B           976             3             976           979             0   95
569   570        C           977             5             977           982             0  Gas
570   571        C           978             5             978           983             0   90
571   572        C           980             5             983           988             3   90
572   573        C           981             5             982           987             1  Gas
573   574        C           983             3             987           990             4  Gas
574   575        A           986             3             986           989             0   95
575   576        C           989             7             989           996             0   90
576   577        A           992             2             992           994             0   95
577   578        C           994             5             994           999             0  Gas
578   579        C           997             5             999          1004             2  Gas
579   580        B           997             2             997           999             0   90
580   581        C           997             7            1004          1011             7  Gas
581   582        B           997             2             999          1001             2   90
582   583        C           997             3            1011          1014            14  Gas
583   584        C           997             7            1001          1008             4   90
584   585        B          1000             3            1008          1011             8   90
585   586        A          1000             2            1000          1002             0   95
586   587        A          1003             1            1003          1004             0   95
587   588        C          1006             5            1011          1016             5   90
588   589        C          1008             3            1014          1017             6  Gas
589   590        C          1009             7            1016          1023             7   90
590   591        C          1012             5            1017          1022             5  Gas
591   592        C          1013             5            1023          1028            10   90
592   593        C          1016             5            1028          1033            12   90
593   594        C          1016             5            1033          1038            17   90
594   595        B          1018             3            1018          1021             0   95
595   596        A          1018             1            1021          1022             3   95
596   597        C          1021             3            1038          1041            17   90
597   598        C          1021             7            1022          1029             1  Gas
598   599        B          1023             3            1023          1026             0   95
599   600        B          1025             3            1026          1029             1   95
600   601        B          1027             3            1041          1044            14   90
601   602        A          1030             2            1030          1032             0   95
602   603        C          1032             7            1044          1051            12   90
603   604        C          1035             5            1035          1040             0  Gas
604   605        C          1037             5            1051          1056            14   90
605   606        B          1037             3            1056          1059            19   90
606   607        B          1038             3            1038          1041             0   95
607   608        B          1041             3            1041          1044             0   95
608   609        B          1044             2            1059          1061            15   90
609   610        A          1044             3            1044          1047             0   95
610   611        C          1044             5            1061          1066            17   90
611   612        B          1045             3            1047          1050             2   95
612   613        B          1048             3            1066          1069            18   90
613   614        C          1050             5            1069          1074            19   90
614   615        B          1053             2            1053          1055             0   95
615   616        A          1056             1            1056          1057             0   95
616   617        C          1059             7            1059          1066             0  Gas
617   618        B          1062             2            1062          1064             0   95
618   619        C          1065             5            1066          1071             1  Gas
619   620        C          1068             7            1071          1078             3  Gas
620   621        C          1070             5            1078          1083             8  Gas
621   622        C          1072             3            1083          1086            11  Gas
622   623        B          1075             3            1075          1078             0   95
623   624        B          1075             2            1075          1077             0   90
624   625        B          1078             2            1078          1080             0   90
625   626        B          1078             2            1078          1080             0   95
626   627        B          1081             1            1081          1082             0   95
627   628        A          1082             1            1082          1083             0   95
628   629        C          1083             3            1086          1089             3  Gas
629   630        A          1086             1            1086          1087             0   95
630   631        A          1086             3            1087          1090             1   95
631   632        C          1087             5            1087          1092             0   90
632   633        C          1090             5            1090          1095             0  Gas
633   634        A          1092             3            1092          1095             0   95
634   635        B          1094             2            1095          1097             1   95
635   636        B          1095             2            1095          1097             0   90
636   637        B          1097             3            1097          1100             0   95
637   638        C          1098             7            1098          1105             0  Gas
638   639        C          1101             7            1105          1112             4  Gas
639   640        B          1102             3            1102          1105             0   90
640   641        C          1104             5            1105          1110             1   90
641   642        B          1106             1            1106          1107             0   95
642   643        A          1109             3            1109          1112             0   95
643   644        A          1112             2            1112          1114             0   95
644   645        B          1113             2            1114          1116             1   95
645   646        B          1114             3            1116          1119             2   95
646   647        C          1116             5            1116          1121             0  Gas
647   648        A          1119             1            1119          1120             0   95
648   649        B          1122             2            1122          1124             0   90
649   650        B          1125             1            1125          1126             0   90
650   651        B          1126             3            1126          1129             0   90
651   652        C          1128             7            1128          1135             0  Gas
652   653        A          1130             3            1130          1133             0   95
653   654        C          1132             5            1135          1140             3  Gas
654   655        B          1134             3            1134          1137             0   90
655   656        C          1134             7            1140          1147             6  Gas
656   657        A          1137             3            1137          1140             0   95
657   658        A          1140             3            1140          1143             0   95
658   659        B          1141             3            1143          1146             2   95
659   660        B          1141             3            1141          1144             0   90
660   661        B          1144             3            1146          1149             2   95
661   662        B          1147             2            1149          1151             2   95
662   663        C          1148             5            1148          1153             0   90
663   664        B          1150             1            1151          1152             1   95
664   665        B          1151             2            1153          1155             2   90
665   666        A          1153             1            1153          1154             0   95
666   667        B          1156             3            1156          1159             0   95
667   668        C          1159             5            1159          1164             0  Gas
668   669        C          1162             5            1162          1167             0   90
669   670        B          1162             1            1162          1163             0   95
670   671        B          1165             2            1165          1167             0   95
671   672        C          1168             5            1168          1173             0   90
672   673        C          1169             5            1169          1174             0  Gas
673   674        B          1172             3            1172          1175             0   95
674   675        B          1173             3            1175          1178             2   95
675   676        A          1176             2            1178          1180             2   95
676   677        C          1179             7            1179          1186             0   90
677   678        B          1181             2            1186          1188             5   90
678   679        B          1181             3            1181          1184             0   95
679   680        B          1184             1            1184          1185             0   95
680   681        B          1184             1            1185          1186             1   95
681   682        B          1185             3            1188          1191             3   90
682   683        C          1188             7            1191          1198             3   90
683   684        B          1191             3            1191          1194             0   95
684   685        C          1194             3            1194          1197             0  Gas
685   686        C          1196             7            1198          1205             2   90
686   687        B          1199             3            1199          1202             0   95
687   688        B          1201             3            1205          1208             4   90
688   689        B          1203             2            1203          1205             0   95
689   690        C          1205             5            1208          1213             3   90
690   691        A          1206             3            1206          1209             0   95
691   692        C          1206             7            1206          1213             0  Gas
692   693        C          1208             5            1213          1218             5  Gas
693   694        A          1211             3            1211          1214             0   95
694   695        A          1212             2            1214          1216             2   95
695   696        B          1214             3            1216          1219             2   95
696   697        B          1215             3            1215          1218             0   90
697   698        C          1217             5            1218          1223             1  Gas
698   699        B          1220             3            1220          1223             0   90
699   700        C          1222             3            1223          1226             1  Gas
700   701        C          1224             7            1226          1233             2  Gas
701   702        A          1227             3            1227          1230             0   95
702   703        B          1230             1            1230          1231             0   95
703   704        A          1233             2            1233          1235             0   95
704   705        A          1236             2            1236          1238             0   95
705   706        C          1238             5            1238          1243             0  Gas
706   707        B          1240             1            1240          1241             0   90
707   708        C          1241             7            1243          1250             2  Gas
708   709        C          1243             7            1250          1257             7  Gas
709   710        B          1246             3            1246          1249             0   95
710   711        C          1249             7            1257          1264             8  Gas
711   712        A          1250             2            1250          1252             0   95
712   713        B          1250             2            1252          1254             2   95
713   714        A          1250             2            1254          1256             4   95
714   715        B          1250             3            1250          1253             0   90
715   716        C          1250             7            1253          1260             3   90
716   717        B          1250             2            1256          1258             6   95
717   718        B          1253             1            1260          1261             7   90
718   719        B          1255             1            1258          1259             3   95
719   720        C          1258             5            1264          1269             6  Gas
720   721        B          1261             3            1261          1264             0   95
721   722        C          1264             5            1269          1274             5  Gas
722   723        C          1265             5            1265          1270             0   90
723   724        A          1268             1            1268          1269             0   95
724   725        C          1271             3            1274          1277             3  Gas
725   726        B          1274             2            1274          1276             0   95
726   727        C          1276             5            1277          1282             1  Gas
727   728        C          1278             5            1282          1287             4  Gas
728   729        B          1280             2            1280          1282             0   90
729   730        A          1283             3            1283          1286             0   95
730   731        B          1283             3            1283          1286             0   90
731   732        A          1283             1            1286          1287             3   95
732   733        B          1285             3            1286          1289             1   90
733   734        B          1287             2            1287          1289             0   95
734   735        B          1287             1            1289          1290             2   95
735   736        B          1289             1            1289          1290             0   90
736   737        B          1292             3            1292          1295             0   90
737   738        B          1292             3            1292          1295             0   95
738   739        A          1295             2            1295          1297             0   95
739   740        A          1298             3            1298          1301             0   95
740   741        A          1299             1            1301          1302             2   95
741   742        A          1300             1            1302          1303             2   95
742   743        B          1303             3            1303          1306             0   90
743   744        B          1306             2            1306          1308             0   95
744   745        C          1309             3            1309          1312             0   90
745   746        A          1310             1            1310          1311             0   95
746   747        A          1312             1            1312          1313             0   95
747   748        A          1315             2            1315          1317             0   95
748   749        C          1317             5            1317          1322             0  Gas
749   750        C          1318             5            1318          1323             0   90
750   751        A          1318             1            1318          1319             0   95
751   752        A          1319             3            1319          1322             0   95
752   753        B          1319             1            1322          1323             3   95
753   754        C          1322             3            1322          1325             0  Gas
754   755        B          1324             2            1324          1326             0   95
755   756        C          1327             5            1327          1332             0   90
756   757        A          1329             2            1329          1331             0   95
757   758        A          1331             3            1331          1334             0   95
758   759        A          1331             3            1334          1337             3   95
759   760        B          1332             1            1337          1338             5   95
760   761        A          1335             3            1338          1341             3   95
761   762        C          1338             7            1338          1345             0  Gas
762   763        B          1338             1            1341          1342             3   95
763   764        A          1340             3            1342          1345             2   95
764   765        B          1341             1            1341          1342             0   90
765   766        C          1342             5            1345          1350             3  Gas
766   767        C          1344             7            1344          1351             0   90
767   768        C          1347             7            1350          1357             3  Gas
768   769        C          1349             5            1351          1356             2   90
769   770        C          1351             5            1357          1362             6  Gas
770   771        C          1352             5            1362          1367            10  Gas
771   772        C          1352             5            1367          1372            15  Gas
772   773        B          1354             1            1354          1355             0   95
773   774        C          1356             5            1372          1377            16  Gas
774   775        A          1359             3            1359          1362             0   95
775   776        C          1361             7            1377          1384            16  Gas
776   777        C          1363             5            1384          1389            21  Gas
777   778        C          1364             7            1364          1371             0   90
778   779        C          1365             5            1389          1394            24  Gas
779   780        C          1367             5            1394          1399            27  Gas
780   781        C          1369             7            1399          1406            30  Gas
781   782        A          1369             2            1369          1371             0   95
782   783        C          1372             5            1406          1411            34  Gas
783   784        B          1375             2            1375          1377             0   90
784   785        C          1375             3            1377          1380             2   90
785   786        A          1376             3            1376          1379             0   95
786   787        C          1376             7            1380          1387             4   90
787   788        A          1379             1            1379          1380             0   95
788   789        B          1382             3            1382          1385             0   95
789   790        A          1382             2            1385          1387             3   95
790   791        B          1385             3            1387          1390             2   95
791   792        A          1387             1            1390          1391             3   95
792   793        C          1387             3            1387          1390             0   90
793   794        C          1387             7            1411          1418            24  Gas
794   795        C          1387             7            1418          1425            31  Gas
795   796        B          1389             3            1390          1393             1   90
796   797        A          1390             3            1391          1394             1   95
797   798        A          1393             1            1394          1395             1   95
798   799        C          1393             5            1425          1430            32  Gas
799   800        A          1393             2            1395          1397             2   95
800   801        A          1394             2            1397          1399             3   95
801   802        B          1396             3            1396          1399             0   90
802   803        A          1399             3            1399          1402             0   95
803   804        A          1400             1            1402          1403             2   95
804   805        A          1403             2            1403          1405             0   95
805   806        C          1403             7            1430          1437            27  Gas
806   807        C          1406             7            1406          1413             0   90
807   808        A          1409             3            1409          1412             0   95
808   809        C          1412             5            1437          1442            25  Gas
809   810        C          1414             5            1442          1447            28  Gas
810   811        A          1414             3            1414          1417             0   95
811   812        B          1415             3            1417          1420             2   95
812   813        C          1417             7            1417          1424             0   90
813   814        A          1418             1            1420          1421             2   95
814   815        A          1421             1            1421          1422             0   95
815   816        B          1424             3            1424          1427             0   90
816   817        B          1427             1            1427          1428             0   95
817   818        C          1429             7            1447          1454            18  Gas
818   819        A          1431             2            1431          1433             0   95
819   820        B          1432             2            1432          1434             0   90
820   821        B          1433             2            1433          1435             0   95
821   822        B          1434             3            1434          1437             0   90
822   823        B          1435             3            1435          1438             0   95
823   824        A          1435             3            1438          1441             3   95
824   825        B          1438             3            1438          1441             0   90
825   826        C          1441             7            1441          1448             0   90
826   827        A          1443             3            1443          1446             0   95
827   828        C          1445             5            1448          1453             3   90
828   829        C          1448             5            1454          1459             6  Gas
829   830        A          1451             2            1451          1453             0   95
830   831        C          1454             5            1459          1464             5  Gas
831   832        A          1455             3            1455          1458             0   95
832   833        C          1458             5            1464          1469             6  Gas
833   834        C          1459             5            1459          1464             0   90
834   835        C          1460             5            1469          1474             9  Gas
835   836        B          1463             2            1463          1465             0   95
836   837        C          1465             7            1474          1481             9  Gas
837   838        B          1465             3            1465          1468             0   90
838   839        B          1465             2            1465          1467             0   95
839   840        B          1466             2            1468          1470             2   90
840   841        C          1466             5            1481          1486            15  Gas
841   842        C          1468             5            1486          1491            18  Gas
842   843        B          1471             2            1471          1473             0   90
843   844        A          1473             3            1473          1476             0   95
844   845        B          1476             1            1476          1477             0   90
845   846        C          1479             3            1491          1494            12  Gas
846   847        C          1479             3            1494          1497            15  Gas
847   848        C          1481             7            1481          1488             0   90
848   849        C          1481             5            1497          1502            16  Gas
849   850        C          1484             5            1488          1493             4   90
850   851        C          1485             7            1493          1500             8   90
851   852        C          1487             7            1500          1507            13   90
852   853        B          1490             1            1507          1508            17   90
853   854        B          1491             3            1508          1511            17   90
854   855        C          1493             5            1511          1516            18   90
855   856        C          1494             5            1502          1507             8  Gas
856   857        B          1497             1            1516          1517            19   90
857   858        A          1497             1            1497          1498             0   95
858   859        B          1500             1            1500          1501             0   95
859   860        C          1500             3            1517          1520            17   90
860   861        C          1502             5            1507          1512             5  Gas
861   862        B          1505             2            1505          1507             0   95
862   863        B          1508             1            1508          1509             0   95
863   864        A          1510             3            1510          1513             0   95
864   865        B          1513             2            1513          1515             0   95
865   866        C          1516             7            1516          1523             0  Gas
866   867        B          1517             3            1517          1520             0   95
867   868        A          1517             1            1520          1521             3   95
868   869        C          1520             5            1523          1528             3  Gas
869   870        B          1521             2            1521          1523             0   90
870   871        B          1522             3            1522          1525             0   95
871   872        C          1524             5            1524          1529             0   90
872   873        A          1525             1            1525          1526             0   95
873   874        C          1528             7            1528          1535             0  Gas
874   875        B          1530             3            1530          1533             0   90
875   876        B          1532             1            1532          1533             0   95
876   877        B          1533             3            1533          1536             0   95
877   878        C          1536             3            1536          1539             0  Gas
878   879        B          1539             3            1539          1542             0   90
879   880        A          1542             2            1542          1544             0   95
880   881        B          1544             1            1544          1545             0   95
881   882        B          1546             3            1546          1549             0   90
882   883        B          1548             1            1549          1550             1   90
883   884        C          1550             5            1550          1555             0  Gas
884   885        B          1551             3            1551          1554             0   90
885   886        B          1552             3            1554          1557             2   90
886   887        B          1553             3            1553          1556             0   95
887   888        B          1555             3            1556          1559             1   95
888   889        A          1557             2            1559          1561             2   95
889   890        C          1557             5            1557          1562             0  Gas
890   891        B          1558             3            1558          1561             0   90
891   892        C          1560             5            1561          1566             1   90
892   893        B          1560             2            1561          1563             1   95
893   894        C          1561             3            1562          1565             1  Gas
894   895        A          1564             3            1564          1567             0   95
895   896        B          1567             3            1567          1570             0   95
896   897        C          1570             3            1570          1573             0  Gas
897   898        B          1573             2            1573          1575             0   95
898   899        B          1574             1            1574          1575             0   90
899   900        B          1577             3            1577          1580             0   95
900   901        B          1579             3            1580          1583             1   95
901   902        B          1581             3            1583          1586             2   95
902   903        C          1582             3            1582          1585             0  Gas
903   904        A          1583             2            1586          1588             3   95
904   905        C          1586             5            1586          1591             0  Gas
905   906        C          1586             5            1586          1591             0   90
906   907        C          1588             7            1591          1598             3  Gas
907   908        B          1590             1            1590          1591             0   95
908   909        A          1593             3            1593          1596             0   95
909   910        C          1595             5            1595          1600             0   90
910   911        C          1595             3            1598          1601             3  Gas
911   912        C          1598             7            1601          1608             3  Gas
912   913        B          1600             3            1600          1603             0   95
913   914        A          1601             3            1603          1606             2   95
914   915        C          1604             7            1608          1615             4  Gas
915   916        A          1607             1            1607          1608             0   95
916   917        A          1607             2            1608          1610             1   95
917   918        A          1609             1            1610          1611             1   95
918   919        C          1612             5            1615          1620             3  Gas
919   920        C          1615             7            1615          1622             0   90
920   921        B          1617             2            1617          1619             0   95
921   922        A          1620             3            1620          1623             0   95
922   923        A          1622             2            1623          1625             1   95
923   924        B          1623             2            1625          1627             2   95
924   925        C          1625             5            1625          1630             0   90
925   926        B          1625             3            1630          1633             5   90
926   927        A          1625             2            1627          1629             2   95
927   928        C          1628             5            1628          1633             0  Gas
928   929        C          1631             7            1633          1640             2  Gas
929   930        B          1631             3            1631          1634             0   95
930   931        B          1631             1            1634          1635             3   95
931   932        C          1634             5            1640          1645             6  Gas
932   933        C          1636             5            1645          1650             9  Gas
933   934        C          1639             5            1650          1655            11  Gas
934   935        A          1642             1            1642          1643             0   95
935   936        A          1645             2            1645          1647             0   95
936   937        C          1648             5            1655          1660             7  Gas
937   938        A          1650             3            1650          1653             0   95
938   939        C          1653             7            1660          1667             7  Gas
939   940        B          1656             2            1656          1658             0   95
940   941        C          1658             5            1667          1672             9  Gas
941   942        A          1660             1            1660          1661             0   95
942   943        C          1662             7            1662          1669             0   90
943   944        C          1665             7            1669          1676             4   90
944   945        A          1668             1            1668          1669             0   95
945   946        C          1671             7            1672          1679             1  Gas
946   947        C          1674             7            1679          1686             5  Gas
947   948        B          1677             1            1677          1678             0   95
948   949        C          1679             5            1686          1691             7  Gas
949   950        C          1682             7            1682          1689             0   90
950   951        C          1683             7            1691          1698             8  Gas
951   952        A          1686             2            1686          1688             0   95
952   953        C          1686             7            1689          1696             3   90
953   954        C          1687             7            1698          1705            11  Gas
954   955        C          1690             5            1705          1710            15  Gas
955   956        C          1691             5            1696          1701             5   90
956   957        A          1692             3            1692          1695             0   95
957   958        C          1694             5            1710          1715            16  Gas
958   959        B          1697             3            1697          1700             0   95
959   960        B          1700             1            1701          1702             1   90
960   961        C          1702             5            1715          1720            13  Gas
961   962        A          1705             3            1705          1708             0   95
962   963        C          1707             7            1720          1727            13  Gas
963   964        A          1708             3            1708          1711             0   95
964   965        A          1710             3            1711          1714             1   95
965   966        C          1712             7            1727          1734            15  Gas
966   967        A          1713             2            1714          1716             1   95
967   968        C          1715             5            1734          1739            19  Gas
968   969        C          1718             3            1718          1721             0   90
969   970        C          1721             3            1739          1742            18  Gas
970   971        A          1723             2            1723          1725             0   95
971   972        B          1726             2            1726          1728             0   90
972   973        A          1727             3            1727          1730             0   95
973   974        B          1730             3            1730          1733             0   95
974   975        A          1731             3            1733          1736             2   95
975   976        B          1732             3            1732          1735             0   90
976   977        C          1735             3            1742          1745             7  Gas
977   978        C          1738             5            1745          1750             7  Gas
978   979        C          1738             3            1750          1753            12  Gas
979   980        C          1741             5            1753          1758            12  Gas
980   981        C          1744             3            1744          1747             0   90
981   982        C          1747             5            1758          1763            11  Gas
982   983        C          1750             7            1750          1757             0   90
983   984        A          1753             2            1753          1755             0   95
984   985        A          1755             3            1755          1758             0   95
985   986        A          1757             3            1758          1761             1   95
986   987        C          1758             7            1763          1770             5  Gas
987   988        C          1761             5            1770          1775             9  Gas
988   989        A          1764             3            1764          1767             0   95
989   990        C          1766             7            1775          1782             9  Gas
990   991        C          1768             3            1782          1785            14  Gas
991   992        B          1769             2            1769          1771             0   90
992   993        C          1772             7            1772          1779             0   90
993   994        B          1773             2            1773          1775             0   95
994   995        C          1776             3            1785          1788             9  Gas
995   996        C          1778             5            1788          1793            10  Gas
996   997        A          1781             3            1781          1784             0   95
997   998        C          1782             3            1782          1785             0   90
998   999        C          1785             3            1785          1788             0   90
999  1000        C          1787             7            1788          1795             1   90