      Car Category  Arrival Time  Service Time  Service Begins  Service Ends  Waiting Time Pump
0       1        C             0             5               0             5             0  Gas
1       2        B             0             1               0             1             0   90
2       3        A             0             3               0             3             0   95
3       4        A             3             3               3             6             0   95
4       5        C             6             7               6            13             0  Gas
5       6        B             7             2               7             9             0   90
6       7        B            10             3              10            13             0   90
7       8        C            10             5              13            18             3  Gas
8       9        A            13             3              13            16             0   95
9      10        C            13             7              18            25             5  Gas
10     11        A            14             1              16            17             2   95
11     12        B            17             2              17            19             0   90
12     13        B            17             1              17            18             0   95
13     14        C            19             7              25            32             6  Gas
14     15        B            19             3              19            22             0   90
15     16        B            20             1              20            21             0   95
16     17        A            21             2              21            23             0   95
17     18        A            23             3              23            26             0   95
18     19        A            24             2              26            28             2   95
19     20        C            26             3              32            35             6  Gas
20     21        C            29             5              35            40             6  Gas
21     22        C            29             5              40            45            11  Gas
22     23        C            31             3              45            48            14  Gas
23     24        A            33             3              33            36             0   95
24     25        C            36             5              48            53            12  Gas
25     26        C            37             5              53            58            16  Gas
26     27        B            38             2              38            40             0   90
27     28        C            40             3              58            61            18  Gas
28     29        C            42             7              61            68            19  Gas
29     30        A            43             2              43            45             0   95
30     31        A            45             3              45            48             0   95
31     32        B            45             2              45            47             0   90
32     33        A            48             2              48            50             0   95
33     34        C            51             5              68            73            17  Gas
34     35        C            51             5              51            56             0   90
35     36        A            52             2              52            54             0   95
36     37        C            54             7              73            80            19  Gas
37     38        C            55             3              80            83            25  Gas
38     39        A            56             3              56            59             0   95
39     40        B            59             3              59            62             0   95
40     41        C            62             7              62            69             0   90
41     42        B            63             3              63            66             0   95
42     43        B            66             1              66            67             0   95
43     44        C            69             3              83            86            14  Gas
44     45        A            72             1              72            73             0   95
45     46        C            73             3              73            76             0   90
46     47        B            76             3              76            79             0   90
47     48        C            78             5              86            91             8  Gas
48     49        C            79             3              91            94            12  Gas
49     50        B            82             2              82            84             0   95
50     51        A            83             1              84            85             1   95
51     52        A            84             2              85            87             1   95
52     53        A            86             1              87            88             1   95
53     54        B            89             3              89            92             0   95
54     55        A            92             1              92            93             0   95
55     56        B            94             2              94            96             0   95
56     57        C            97             5              97           102             0  Gas
57     58        C            99             3             102           105             3  Gas
58     59        C            99             3              99           102             0   90
59     60        C           100             7             105           112             5  Gas
60     61        C           100             5             112           117            12  Gas
61     62        C           102             7             117           124            15  Gas
62     63        C           104             7             124           131            20  Gas
63     64        B           107             3             107           110             0   95
64     65        B           108             1             110           111             2   95
65     66        C           110             7             131           138            21  Gas
66     67        C           111             5             111           116             0   90
67     68        C           114             5             138           143            24  Gas
68     69        C           116             5             116           121             0   90
69     70        C           119             5             143           148            24  Gas
70     71        B           120             3             121           124             1   90
71     72        C           121             5             148           153            27  Gas
72     73        B           123             3             123           126             0   95
73     74        C           124             5             153           158            29  Gas
74     75        C           127             7             127           134             0   90
75     76        B           127             2             127           129             0   95
76     77        C           128             5             134           139             6   90
77     78        A           129             1             129           130             0   95
78     79        B           132             2             132           134             0   95
79     80        A           135             3             135           138             0   95
80     81        A           137             1             138           139             1   95
81     82        B           138             2             139           141             1   95
82     83        C           139             3             158           161            19  Gas
83     84        C           140             5             161           166            21  Gas
84     85        C           141             5             166           171            25  Gas
85     86        C           142             3             171           174            29  Gas
86     87        C           145             3             145           148             0   90
87     88        A           146             3             146           149             0   95
88     89        C           149             5             149           154             0   90
89     90        B           149             2             154           156             5   90
90     91        C           150             7             156           163             6   90
91     92        C           151             5             163           168            12   90
92     93        C           153             3             168           171            15   90
93     94        C           154             3             174           177            20  Gas
94     95        A           154             2             154           156             0   95
95     96        B           157             3             171           174            14   90
96     97        B           160             3             174           177            14   90
97     98        A           161             2             161           163             0   95
98     99        B           162             2             177           179            15   90
99    100        A           162             1             163           164             1   95
100   101        C           165             7             179           186            14   90
101   102        A           168             2             168           170             0   95
102   103        B           170             3             170           173             0   95
103   104        B           171             3             173           176             2   95
104   105        C           171             7             177           184             6  Gas
105   106        A           171             3             176           179             5   95
106   107        A           174             2             179           181             5   95
107   108        C           176             7             184           191             8  Gas
108   109        B           179             2             181           183             2   95
109   110        A           182             2             183           185             1   95
110   111        C           184             5             191           196             7  Gas
111   112        C           186             7             196           203            10  Gas
112   113        B           189             2             189           191             0   90
113   114        C           189             7             203           210            14  Gas
114   115        C           189             3             191           194             2   90
115   116        C           190             5             194           199             4   90
116   117        C           190             7             199           206             9   90
117   118        A           192             3             192           195             0   95
118   119        C           195             5             210           215            15  Gas
119   120        C           198             3             206           209             8   90
120   121        A           201             1             201           202             0   95
121   122        B           204             3             204           207             0   95
122   123        B           207             2             209           211             2   90
123   124        C           208             5             211           216             3   90
124   125        B           208             3             208           211             0   95
125   126        B           211             1             216           217             5   90
126   127        A           214             1             214           215             0   95
127   128        B           217             3             217           220             0   90
128   129        C           218             3             218           221             0  Gas
129   130        B           220             2             220           222             0   95
130   131        C           222             7             222           229             0  Gas
131   132        C           222             3             229           232             7  Gas
132   133        C           225             5             225           230             0   90
133   134        B           227             3             230           233             3   90
134   135        C           229             5             233           238             4   90
135   136        C           229             5             238           243             9   90
136   137        C           231             5             243           248            12   90
137   138        C           233             7             248           255            15   90
138   139        C           233             3             233           236             0  Gas
139   140        B           235             3             235           238             0   95
140   141        C           238             7             255           262            17   90
141   142        B           239             2             239           241             0   95
142   143        B           242             2             262           264            20   90
143   144        C           244             7             264           271            20   90
144   145        C           246             5             271           276            25   90
145   146        C           249             7             249           256             0  Gas
146   147        B           249             3             249           252             0   95
147   148        C           251             7             256           263             5  Gas
148   149        C           254             7             263           270             9  Gas
149   150        C           256             5             270           275            14  Gas
150   151        B           256             2             276           278            20   90
151   152        A           258             3             258           261             0   95
152   153        B           260             2             261           263             1   95
153   154        C           263             5             278           283            15   90
154   155        A           266             3             266           269             0   95
155   156        C           269             5             283           288            14   90
156   157        C           270             5             288           293            18   90
157   158        C           272             5             275           280             3  Gas
158   159        C           274             7             293           300            19   90
159   160        A           274             1             274           275             0   95
160   161        C           276             7             300           307            24   90
161   162        C           279             5             280           285             1  Gas
162   163        A           280             3             280           283             0   95
163   164        A           280             3             283           286             3   95
164   165        C           280             7             285           292             5  Gas
165   166        C           280             3             292           295            12  Gas
166   167        A           280             1             286           287             6   95
167   168        C           281             7             295           302            14  Gas
168   169        A           284             2             287           289             3   95
169   170        A           286             3             289           292             3   95
170   171        A           289             3             292           295             3   95
171   172        B           289             3             307           310            18   90
172   173        B           290             2             295           297             5   95
173   174        A           292             3             297           300             5   95
174   175        B           295             2             300           302             5   95
175   176        B           296             2             302           304             6   95
176   177        C           296             5             310           315            14   90
177   178        B           298             3             315           318            17   90
178   179        A           301             3             304           307             3   95
179   180        A           302             3             307           310             5   95
180   181        B           303             3             318           321            15   90
181   182        C           305             7             305           312             0  Gas
182   183        C           306             5             312           317             6  Gas
183   184        A           309             3             310           313             1   95
184   185        B           309             3             313           316             4   95
185   186        B           312             1             321           322             9   90
186   187        A           314             2             316           318             2   95
187   188        C           316             5             317           322             1  Gas
188   189        C           318             7             322           329             4   90
189   190        B           319             1             319           320             0   95
190   191        B           320             1             329           330             9   90
191   192        B           320             3             320           323             0   95
192   193        C           320             5             330           335            10   90
193   194        C           323             5             335           340            12   90
194   195        B           326             2             326           328             0   95
195   196        C           326             3             326           329             0  Gas
196   197        B           327             3             340           343            13   90
197   198        C           327             3             329           332             2  Gas
198   199        C           329             7             332           339             3  Gas
199   200        A           330             2             330           332             0   95
200   201        B           331             2             332           334             1   95
201   202        B           334             3             334           337             0   95
202   203        C           334             7             339           346             5  Gas
203   204        C           337             5             346           351             9  Gas
204   205        C           338             7             351           358            13  Gas
205   206        B           341             3             343           346             2   90
206   207        C           344             7             358           365            14  Gas
207   208        A           347             1             347           348             0   95
208   209        A           347             2             348           350             1   95
209   210        A           349             1             350           351             1   95
210   211        A           350             3             351           354             1   95
211   212        C           353             5             365           370            12  Gas
212   213        C           354             7             370           377            16  Gas
213   214        C           356             3             377           380            21  Gas
214   215        A           357             1             357           358             0   95
215   216        B           360             3             360           363             0   90
216   217        B           362             1             363           364             1   90
217   218        B           363             2             363           365             0   95
218   219        C           366             7             380           387            14  Gas
219   220        B           369             2             369           371             0   95
220   221        C           370             5             370           375             0   90
221   222        B           372             3             375           378             3   90
222   223        B           374             1             378           379             4   90
223   224        A           377             3             377           380             0   95
224   225        A           380             3             380           383             0   95
225   226        C           383             5             387           392             4  Gas
226   227        C           386             5             386           391             0   90
227   228        A           386             2             386           388             0   95
228   229        B           386             2             388           390             2   95
229   230        B           386             2             390           392             4   95
230   231        C           387             3             391           394             4   90
231   232        C           387             3             392           395             5  Gas
232   233        C           388             5             394           399             6   90
233   234        B           388             2             392           394             4   95
234   235        A           389             3             394           397             5   95
235   236        B           390             1             397           398             7   95
236   237        C           390             5             399           404             9   90
237   238        C           393             7             404           411            11   90
238   239        C           396             7             396           403             0  Gas
239   240        B           399             2             399           401             0   95
240   241        C           402             5             403           408             1  Gas
241   242        C           404             7             408           415             4  Gas
242   243        C           407             5             411           416             4   90
243   244        C           408             7             415           422             7  Gas
244   245        C           409             7             416           423             7   90
245   246        A           412             2             412           414             0   95
246   247        C           414             7             422           429             8  Gas
247   248        C           417             3             429           432            12  Gas
248   249        C           420             3             423           426             3   90
249   250        B           422             3             422           425             0   95
250   251        C           424             5             426           431             2   90
251   252        B           425             1             425           426             0   95
252   253        C           428             7             432           439             4  Gas
253   254        C           429             5             439           444            10  Gas
254   255        B           429             3             429           432             0   95
255   256        B           431             1             431           432             0   90
256   257        C           434             7             434           441             0   90
257   258        B           436             2             441           443             5   90
258   259        A           438             3             438           441             0   95
259   260        B           438             3             441           444             3   95
260   261        B           439             2             444           446             5   95
261   262        C           439             3             444           447             5  Gas
262   263        B           442             3             443           446             1   90
263   264        C           443             5             447           452             4  Gas
264   265        B           443             3             446           449             3   95
265   266        B           445             3             449           452             4   95
266   267        B           445             3             452           455             7   95
267   268        C           445             7             452           459             7  Gas
268   269        A           448             3             455           458             7   95
269   270        A           449             3             458           461             9   95
270   271        C           452             3             452           455             0   90
271   272        B           454             1             455           456             1   90
272   273        C           457             7             459           466             2  Gas
273   274        B           460             2             461           463             1   95
274   275        C           461             3             466           469             5  Gas
275   276        B           461             3             463           466             2   95
276   277        C           461             3             469           472             8  Gas
277   278        C           463             7             472           479             9  Gas
278   279        B           466             3             466           469             0   90
279   280        C           469             5             479           484            10  Gas
280   281        C           470             3             470           473             0   90
281   282        C           470             7             484           491            14  Gas
282   283        C           470             5             473           478             3   90
283   284        B           472             3             478           481             6   90
284   285        A           474             3             474           477             0   95
285   286        C           474             3             491           494            17  Gas
286   287        B           477             3             477           480             0   95
287   288        A           477             1             480           481             3   95
288   289        C           479             5             481           486             2   90
289   290        C           479             7             494           501            15  Gas
290   291        B           482             3             482           485             0   95
291   292        B           483             2             486           488             3   90
292   293        A           485             2             485           487             0   95
293   294        A           486             1             487           488             1   95
294   295        B           489             3             489           492             0   95
295   296        B           491             3             491           494             0   90
296   297        C           492             5             501           506             9  Gas
297   298        C           494             7             494           501             0   90
298   299        B           497             3             501           504             4   90
299   300        C           499             5             504           509             5   90
300   301        A           501             2             501           503             0   95
301   302        A           503             3             503           506             0   95
302   303        B           505             1             509           510             4   90
303   304        C           507             3             510           513             3   90
304   305        A           510             2             510           512             0   95
305   306        B           510             2             512           514             2   95
306   307        A           511             2             514           516             3   95
307   308        C           511             3             511           514             0  Gas
308   309        C           514             7             514           521             0  Gas
309   310        C           517             5             521           526             4  Gas
310   311        B           519             1             519           520             0   95
311   312        C           521             5             526           531             5  Gas
312   313        B           522             3             522           525             0   95
313   314        C           525             5             525           530             0   90
314   315        C           525             7             531           538             6  Gas
315   316        C           528             7             530           537             2   90
316   317        C           529             7             538           545             9  Gas
317   318        C           531             5             545           550            14  Gas
318   319        C           532             7             550           557            18  Gas
319   320        A           534             1             534           535             0   95
320   321        C           537             5             557           562            20  Gas
321   322        A           538             3             538           541             0   95
322   323        C           538             7             562           569            24  Gas
323   324        C           540             7             569           576            29  Gas
324   325        A           541             1             541           542             0   95
325   326        C           542             3             576           579            34  Gas
326   327        A           544             3             544           547             0   95
327   328        C           547             5             547           552             0   90
328   329        B           550             3             552           555             2   90
329   330        C           552             3             579           582            27  Gas
330   331        A           555             1             555           556             0   95
331   332        C           558             5             582           587            24  Gas
332   333        B           560             2             560           562             0   95
333   334        B           561             3             562           565             1   95
334   335        B           562             1             562           563             0   90
335   336        A           565             3             565           568             0   95
336   337        C           566             5             587           592            21  Gas
337   338        B           566             3             568           571             2   95
338   339        C           568             3             568           571             0   90
339   340        A           570             3             571           574             1   95
340   341        B           572             2             572           574             0   90
341   342        C           575             5             592           597            17  Gas
342   343        A           578             3             578           581             0   95
343   344        A           580             3             581           584             1   95
344   345        C           583             7             597           604            14  Gas
345   346        C           586             5             604           609            18  Gas
346   347        C           587             7             587           594             0   90
347   348        C           590             5             594           599             4   90
348   349        C           591             5             609           614            18  Gas
349   350        A           594             3             594           597             0   95
350   351        B           597             3             597           600             0   95
351   352        A           600             1             600           601             0   95
352   353        C           602             5             614           619            12  Gas
353   354        B           605             3             605           608             0   95
354   355        C           608             5             619           624            11  Gas
355   356        B           610             2             610           612             0   95
356   357        C           613             3             624           627            11  Gas
357   358        B           613             1             613           614             0   95
358   359        C           614             7             627           634            13  Gas
359   360        C           615             5             634           639            19  Gas
360   361        A           615             2             615           617             0   95
361   362        C           618             5             639           644            21  Gas
362   363        C           621             5             644           649            23  Gas
363   364        C           622             5             649           654            27  Gas
364   365        C           623             5             623           628             0   90
365   366        C           626             7             628           635             2   90
366   367        C           626             5             654           659            28  Gas
367   368        B           627             3             627           630             0   95
368   369        C           630             7             659           666            29  Gas
369   370        B           633             1             635           636             2   90
370   371        B           634             3             636           639             2   90
371   372        C           636             5             666           671            30  Gas
372   373        C           639             5             639           644             0   90
373   374        A           641             3             641           644             0   95
374   375        B           644             2             644           646             0   95
375   376        A           647             3             647           650             0   95
376   377        A           650             3             650           653             0   95
377   378        A           653             1             653           654             0   95
378   379        B           655             3             655           658             0   90
379   380        C           656             5             658           663             2   90
380   381        B           657             2             657           659             0   95
381   382        C           660             5             663           668             3   90
382   383        C           660             7             671           678            11  Gas
383   384        A           662             2             662           664             0   95
384   385        B           665             3             665           668             0   95
385   386        B           667             3             668           671             1   95
386   387        C           670             7             670           677             0   90
387   388        A           672             2             672           674             0   95
388   389        A           675             2             675           677             0   95
389   390        C           675             7             678           685             3  Gas
390   391        B           676             2             677           679             1   90
391   392        A           678             3             678           681             0   95
392   393        B           680             1             681           682             1   95
393   394        A           682             3             682           685             0   95
394   395        C           685             7             685           692             0  Gas
395   396        C           688             7             688           695             0   90
396   397        B           691             3             695           698             4   90
397   398        C           692             5             692           697             0  Gas
398   399        C           693             5             697           702             4  Gas
399   400        A           696             3             696           699             0   95
400   401        C           699             7             699           706             0   90
401   402        C           702             5             702           707             0  Gas
402   403        C           704             5             707           712             3  Gas
403   404        C           707             7             712           719             5  Gas
404   405        C           709             7             719           726            10  Gas
405   406        B           712             3             712           715             0   90
406   407        C           713             7             726           733            13  Gas
407   408        C           716             7             733           740            17  Gas
408   409        C           718             3             740           743            22  Gas
409   410        A           718             2             718           720             0   95
410   411        B           721             3             721           724             0   90
411   412        C           723             5             724           729             1   90
412   413        A           725             2             725           727             0   95
413   414        B           725             2             729           731             4   90
414   415        A           727             3             727           730             0   95
415   416        B           730             2             731           733             1   90
416   417        B           733             3             733           736             0   90
417   418        C           736             5             743           748             7  Gas
418   419        B           736             3             736           739             0   95
419   420        C           739             5             748           753             9  Gas
420   421        B           740             1             740           741             0   95
421   422        C           741             7             741           748             0   90
422   423        C           744             5             748           753             4   90
423   424        B           747             1             747           748             0   95
424   425        C           750             3             753           756             3  Gas
425   426        C           753             7             756           763             3  Gas
426   427        B           755             1             755           756             0   95
427   428        C           755             5             755           760             0   90
428   429        A           758             3             758           761             0   95
429   430        C           760             3             763           766             3  Gas
430   431        C           762             7             766           773             4  Gas
431   432        A           765             3             765           768             0   95
432   433        A           768             3             768           771             0   95
433   434        C           771             7             773           780             2  Gas
434   435        B           772             1             772           773             0   90
435   436        B           774             3             774           777             0   90
436   437        B           777             2             777           779             0   95
437   438        C           779             7             779           786             0   90
438   439        C           782             5             786           791             4   90
439   440        C           784             3             791           794             7   90
440   441        C           787             7             787           794             0  Gas
441   442        C           787             5             794           799             7   90
442   443        C           790             5             799           804             9   90
443   444        B           793             3             793           796             0   95
444   445        A           793             1             796           797             3   95
445   446        B           796             3             797           800             1   95
446   447        B           798             3             804           807             6   90
447   448        B           801             2             807           809             6   90
448   449        B           803             3             803           806             0   95
449   450        C           805             7             809           816             4   90
450   451        C           808             7             808           815             0  Gas
451   452        C           811             3             815           818             4  Gas
452   453        B           813             2             816           818             3   90
453   454        C           816             3             818           821             2  Gas
454   455        A           819             2             819           821             0   95
455   456        A           822             1             822           823             0   95
456   457        C           825             5             825           830             0  Gas
457   458        C           828             7             828           835             0   90
458   459        C           830             5             830           835             0  Gas
459   460        C           833             5             835           840             2  Gas
460   461        B           833             3             833           836             0   95
461   462        A           835             3             836           839             1   95
462   463        C           835             3             835           838             0   90
463   464        B           838             3             838           841             0   90
464   465        B           840             3             841           844             1   90
465   466        C           843             3             843           846             0  Gas
466   467        C           846             5             846           851             0  Gas
467   468        B           848             3             848           851             0   90
468   469        C           848             7             851           858             3   90
469   470        B           849             3             858           861             9   90
470   471        C           852             7             852           859             0  Gas
471   472        B           853             3             853           856             0   95
472   473        C           853             3             861           864             8   90
473   474        C           854             5             859           864             5  Gas
474   475        C           856             5             864           869             8  Gas
475   476        A           857             2             857           859             0   95
476   477        C           860             5             869           874             9  Gas
477   478        C           861             5             874           879            13  Gas
478   479        A           862             3             862           865             0   95
479   480        B           863             3             864           867             1   90
480   481        C           863             5             867           872             4   90
481   482        C           866             7             879           886            13  Gas
482   483        B           866             3             872           875             6   90
483   484        B           869             3             875           878             6   90
484   485        C           870             3             886           889            16  Gas
485   486        B           870             1             878           879             8   90
486   487        C           871             5             879           884             8   90
487   488        C           874             5             889           894            15  Gas
488   489        B           875             3             884           887             9   90
489   490        C           877             5             894           899            17  Gas
490   491        C           877             5             887           892            10   90
491   492        C           878             5             899           904            21  Gas
492   493        C           880             3             904           907            24  Gas
493   494        B           883             2             883           885             0   95
494   495        C           883             7             892           899             9   90
495   496        C           885             5             899           904            14   90
496   497        C           888             7             904           911            16   90
497   498        A           890             3             890           893             0   95
498   499        B           893             3             893           896             0   95
499   500        C           894             7             907           914            13  Gas
500   501        C           897             7             914           921            17  Gas
501   502        C           900             7             921           928            21  Gas
502   503        B           901             3             901           904             0   95
503   504        C           904             5             911           916             7   90
504   505        C           907             5             928           933            21  Gas
505   506        C           909             5             916           921             7   90
506   507        B           912             3             921           924             9   90
507   508        B           913             2             913           915             0   95
508   509        C           914             3             933           936            19  Gas
509   510        A           915             1             915           916             0   95
510   511        B           918             2             918           920             0   95
511   512        C           920             3             936           939            16  Gas
512   513        C           922             5             939           944            17  Gas
513   514        C           924             7             944           951            20  Gas
514   515        B           925             3             925           928             0   90
515   516        C           925             3             928           931             3   90
516   517        B           926             1             926           927             0   95
517   518        C           927             5             931           936             4   90
518   519        C           929             3             951           954            22  Gas
519   520        B           931             3             931           934             0   95
520   521        B           933             1             934           935             1   95
521   522        C           936             5             936           941             0   90
522   523        B           939             1             941           942             2   90
523   524        A           941             2             941           943             0   95
524   525        B           944             1             944           945             0   90
525   526        B           946             2             946           948             0   90
526   527        C           946             5             954           959             8  Gas
527   528        B           949             1             949           950             0   95
528   529        B           950             3             950           953             0   90
529   530        C           951             7             959           966             8  Gas
530   531        A           952             2             952           954             0   95
531   532        C           955             3             966           969            11  Gas
532   533        C           958             3             969           972            11  Gas
533   534        B           960             2             960           962             0   95
534   535        C           961             5             961           966             0   90
535   536        C           964             5             972           977             8  Gas
536   537        B           964             1             964           965             0   95
537   538        B           964             3             965           968             1   95
538   539        C           966             3             966           969             0   90
539   540        A           969             1             969           970             0   95
540   541        C           970             7             977           984             7  Gas
541   542        A           972             3             972           975             0   95
542   543        C           972             5             984           989            12  Gas
543   544        C           975             7             989           996            14  Gas
544   545        B           976             2             976           978             0   95
545   546        B           978             1             978           979             0   90
546   547        B           980             2             980           982             0   90
547   548        C           982             5             996          1001            14  Gas
548   549        A           984             3             984           987             0   95
549   550        C           987             5            1001          1006            14  Gas
550   551        C           989             5            1006          1011            17  Gas
551   552        C           990             7             990           997             0   90
552   553        C           990             5            1011          1016            21  Gas
553   554        C           993             5             997          1002             4   90
554   555        B           996             3             996           999             0   95
555   556        C           999             7            1002          1009             3   90
556   557        B           999             1             999          1000             0   95
557   558        B           999             3            1000          1003             1   95
558   559        C          1001             5            1016          1021            15  Gas
559   560        B          1003             2            1003          1005             0   95
560   561        C          1006             3            1021          1024            15  Gas
561   562        C          1006             5            1024          1029            18  Gas
562   563        A          1006             2            1006          1008             0   95
563   564        C          1008             7            1029          1036            21  Gas
564   565        C          1009             3            1009          1012             0   90
565   566        B          1009             3            1012          1015             3   90
566   567        C          1011             5            1015          1020             4   90
567   568        C          1011             7            1036          1043            25  Gas
568   569        C          1014             3            1020          1023             6   90
569   570        B          1016             3            1016          1019             0   95
570   571        C          1018             7            1043          1050            25  Gas
571   572        B          1021             2            1021          1023             0   95
572   573        B          1022             1            1023          1024             1   95
573   574        B          1024             1            1024          1025             0   95
574   575        C          1027             5            1050          1055            23  Gas
575   576        B          1027             3            1027          1030             0   95
576   577        B          1030             3            1030          1033             0   95
577   578        C          1033             7            1055          1062            22  Gas
578   579        A          1035             1            1035          1036             0   95
579   580        B          1038             3            1038          1041             0   95
580   581        A          1041             2            1041          1043             0   95
581   582        B          1042             3            1043          1046             1   95
582   583        C          1045             3            1062          1065            17  Gas
583   584        C          1048             5            1065          1070            17  Gas
584   585        A          1048             1            1048          1049             0   95
585   586        B          1051             1            1051          1052             0   95
586   587        B          1054             3            1054          1057             0   90
587   588        B          1057             3            1057          1060             0   95
588   589        C          1060             5            1070          1075            10  Gas
589   590        C          1063             5            1075          1080            12  Gas
590   591        B          1066             2            1066          1068             0   90
591   592        B          1069             1            1069          1070             0   95
592   593        A          1070             2            1070          1072             0   95
593   594        C          1072             5            1072          1077             0   90
594   595        B          1074             3            1074          1077             0   95
595   596        B          1077             2            1077          1079             0   95
596   597        B          1079             3            1079          1082             0   95
597   598        B          1079             3            1082          1085             3   95
598   599        C          1080             3            1080          1083             0  Gas
599   600        C          1080             5            1080          1085             0   90
600   601        C          1080             3            1085          1088             5   90
601   602        A          1083             3            1085          1088             2   95
602   603        C          1086             5            1086          1091             0  Gas
603   604        C          1089             5            1091          1096             2  Gas
604   605        B          1090             2            1090          1092             0   95
605   606        A          1092             3            1092          1095             0   95
606   607        C          1094             5            1096          1101             2  Gas
607   608        A          1096             3            1096          1099             0   95
608   609        C          1097             5            1097          1102             0   90
609   610        C          1099             5            1101          1106             2  Gas
610   611        C          1102             7            1106          1113             4  Gas
611   612        B          1105             1            1105          1106             0   90
612   613        B          1108             2            1108          1110             0   90
613   614        B          1109             1            1109          1110             0   95
614   615        B          1109             1            1110          1111             1   95
615   616        C          1112             7            1113          1120             1  Gas
616   617        A          1114             2            1114          1116             0   95
617   618        B          1116             3            1116          1119             0   95
618   619        C          1118             3            1118          1121             0   90
619   620        B          1119             2            1121          1123             2   90
620   621        C          1121             5            1123          1128             2   90
621   622        B          1124             2            1128          1130             4   90
622   623        B          1125             3            1125          1128             0   95
623   624        B          1126             3            1128          1131             2   95
624   625        C          1128             5            1130          1135             2   90
625   626        A          1131             2            1131          1133             0   95
626   627        B          1134             3            1135          1138             1   90
627   628        B          1135             3            1135          1138             0   95
628   629        B          1135             2            1138          1140             3   90
629   630        B          1135             3            1140          1143             5   90
630   631        A          1138             1            1138          1139             0   95
631   632        C          1138             5            1138          1143             0  Gas
632   633        A          1138             3            1139          1142             1   95
633   634        B          1141             3            1142          1145             1   95
634   635        C          1144             7            1144          1151             0   90
635   636        C          1146             7            1151          1158             5   90
636   637        C          1147             5            1158          1163            11   90
637   638        C          1148             5            1148          1153             0  Gas
638   639        C          1149             3            1163          1166            14   90
639   640        C          1150             5            1153          1158             3  Gas
640   641        A          1152             1            1152          1153             0   95
641   642        C          1155             5            1158          1163             3  Gas
642   643        C          1158             7            1163          1170             5  Gas
643   644        C          1158             5            1166          1171             8   90
644   645        C          1161             7            1171          1178            10   90
645   646        A          1164             2            1164          1166             0   95
646   647        B          1164             3            1166          1169             2   95
647   648        C          1165             3            1170          1173             5  Gas
648   649        C          1166             3            1173          1176             7  Gas
649   650        C          1166             5            1178          1183            12   90
650   651        C          1166             7            1176          1183            10  Gas
651   652        C          1168             7            1183          1190            15   90
652   653        B          1169             2            1169          1171             0   95
653   654        C          1172             7            1190          1197            18   90
654   655        C          1173             5            1197          1202            24   90
655   656        B          1176             2            1202          1204            26   90
656   657        C          1176             7            1204          1211            28   90
657   658        A          1177             3            1177          1180             0   95
658   659        B          1178             3            1180          1183             2   95
659   660        B          1179             3            1211          1214            32   90
660   661        C          1182             3            1214          1217            32   90
661   662        C          1183             5            1183          1188             0  Gas
662   663        C          1183             7            1217          1224            34   90
663   664        C          1186             5            1188          1193             2  Gas
664   665        C          1189             3            1193          1196             4  Gas
665   666        B          1189             3            1189          1192             0   95
666   667        C          1192             7            1224          1231            32   90
667   668        A          1193             2            1193          1195             0   95
668   669        C          1193             3            1196          1199             3  Gas
669   670        B          1196             1            1196          1197             0   95
670   671        A          1198             3            1198          1201             0   95
671   672        B          1199             2            1231          1233            32   90
672   673        A          1201             2            1201          1203             0   95
673   674        C          1201             5            1201          1206             0  Gas
674   675        A          1203             2            1203          1205             0   95
675   676        C          1206             5            1233          1238            27   90
676   677        B          1206             2            1206          1208             0   95
677   678        C          1208             5            1238          1243            30   90
678   679        A          1209             2            1209          1211             0   95
679   680        B          1211             3            1211          1214             0   95
680   681        A          1213             1            1214          1215             1   95
681   682        B          1214             2            1243          1245            29   90
682   683        C          1214             5            1214          1219             0  Gas
683   684        B          1216             3            1245          1248            29   90
684   685        B          1219             3            1219          1222             0   95
685   686        B          1222             3            1222          1225             0   95
686   687        C          1224             5            1224          1229             0  Gas
687   688        C          1226             7            1248          1255            22   90
688   689        B          1227             3            1255          1258            28   90
689   690        C          1228             5            1229          1234             1  Gas
690   691        B          1230             3            1258          1261            28   90
691   692        A          1230             1            1230          1231             0   95
692   693        C          1233             5            1234          1239             1  Gas
693   694        C          1236             5            1239          1244             3  Gas
694   695        C          1237             3            1244          1247             7  Gas
695   696        C          1240             3            1261          1264            21   90
696   697        A          1243             3            1243          1246             0   95
697   698        A          1244             3            1246          1249             2   95
698   699        A          1247             3            1249          1252             2   95
699   700        B          1249             3            1264          1267            15   90
700   701        B          1252             2            1252          1254             0   95
701   702        B          1253             3            1254          1257             1   95
702   703        A          1255             2            1257          1259             2   95
703   704        B          1257             2            1259          1261             2   95
704   705        C          1258             5            1258          1263             0  Gas
705   706        C          1258             5            1263          1268             5  Gas
706   707        B          1261             3            1261          1264             0   95
707   708        C          1264             5            1268          1273             4  Gas
708   709        C          1266             5            1267          1272             1   90
709   710        C          1267             7            1272          1279             5   90
710   711        A          1268             2            1268          1270             0   95
711   712        C          1268             5            1273          1278             5  Gas
712   713        B          1270             3            1270          1273             0   95
713   714        B          1271             1            1273          1274             2   95
714   715        C          1274             7            1278          1285             4  Gas
715   716        C          1275             5            1279          1284             4   90
716   717        C          1277             3            1284          1287             7   90
717   718        C          1279             5            1285          1290             6  Gas
718   719        B          1281             2            1287          1289             6   90
719   720        C          1283             5            1290          1295             7  Gas
720   721        C          1284             3            1295          1298            11  Gas
721   722        C          1287             3            1289          1292             2   90
722   723        B          1289             2            1289          1291             0   95
723   724        C          1292             3            1298          1301             6  Gas
724   725        C          1292             7            1301          1308             9  Gas
725   726        C          1293             3            1308          1311            15  Gas
726   727        B          1293             1            1293          1294             0   90
727   728        C          1293             7            1311          1318            18  Gas
728   729        B          1296             2            1296          1298             0   95
729   730        B          1296             2            1298          1300             2   95
730   731        B          1299             3            1299          1302             0   90
731   732        A          1302             3            1302          1305             0   95
732   733        A          1305             3            1305          1308             0   95
733   734        A          1305             3            1308          1311             3   95
734   735        B          1307             3            1311          1314             4   95
735   736        B          1310             1            1314          1315             4   95
736   737        A          1310             1            1315          1316             5   95
737   738        C          1311             7            1318          1325             7  Gas
738   739        B          1312             3            1316          1319             4   95
739   740        C          1315             3            1325          1328            10  Gas
740   741        A          1315             3            1319          1322             4   95
741   742        C          1315             7            1328          1335            13  Gas
742   743        A          1315             3            1322          1325             7   95
743   744        A          1318             3            1325          1328             7   95
744   745        C          1321             5            1335          1340            14  Gas
745   746        C          1324             5            1340          1345            16  Gas
746   747        C          1325             7            1325          1332             0   90
747   748        A          1327             3            1328          1331             1   95
748   749        A          1329             2            1331          1333             2   95
749   750        B          1332             3            1333          1336             1   95
750   751        B          1333             1            1336          1337             3   95
751   752        A          1336             2            1337          1339             1   95
752   753        B          1338             3            1338          1341             0   90
753   754        C          1338             5            1341          1346             3   90
754   755        C          1340             7            1346          1353             6   90
755   756        C          1342             7            1353          1360            11   90
756   757        C          1342             5            1360          1365            18   90
757   758        C          1343             3            1365          1368            22   90
758   759        C          1344             3            1345          1348             1  Gas
759   760        A          1347             3            1347          1350             0   95
760   761        C          1350             5            1350          1355             0  Gas
761   762        C          1352             5            1355          1360             3  Gas
762   763        B          1352             2            1352          1354             0   95
763   764        C          1355             5            1360          1365             5  Gas
764   765        C          1355             5            1368          1373            13   90
765   766        A          1358             2            1358          1360             0   95
766   767        B          1359             3            1360          1363             1   95
767   768        A          1360             3            1363          1366             3   95
768   769        A          1360             3            1366          1369             6   95
769   770        A          1362             3            1369          1372             7   95
770   771        A          1364             3            1372          1375             8   95
771   772        C          1364             7            1365          1372             1  Gas
772   773        C          1367             5            1373          1378             6   90
773   774        C          1369             7            1372          1379             3  Gas
774   775        C          1369             5            1378          1383             9   90
775   776        C          1372             7            1379          1386             7  Gas
776   777        B          1375             2            1375          1377             0   95
777   778        C          1376             3            1386          1389            10  Gas
778   779        B          1378             3            1383          1386             5   90
779   780        B          1380             2            1386          1388             6   90
780   781        B          1380             3            1380          1383             0   95
781   782        C          1383             5            1389          1394             6  Gas
782   783        C          1383             5            1388          1393             5   90
783   784        C          1386             5            1393          1398             7   90
784   785        B          1389             3            1389          1392             0   95
785   786        C          1389             7            1394          1401             5  Gas
786   787        A          1389             1            1392          1393             3   95
787   788        B          1392             3            1393          1396             1   95
788   789        B          1392             2            1398          1400             6   90
789   790        A          1395             3            1396          1399             1   95
790   791        C          1396             5            1401          1406             5  Gas
791   792        A          1399             3            1399          1402             0   95
792   793        A          1399             3            1402          1405             3   95
793   794        C          1400             5            1406          1411             6  Gas
794   795        B          1400             2            1405          1407             5   95
795   796        C          1403             5            1411          1416             8  Gas
796   797        B          1404             3            1404          1407             0   90
797   798        C          1405             7            1416          1423            11  Gas
798   799        B          1407             3            1407          1410             0   90
799   800        B          1407             2            1407          1409             0   95
800   801        A          1410             2            1410          1412             0   95
801   802        C          1412             7            1412          1419             0   90
802   803        C          1415             5            1419          1424             4   90
803   804        B          1417             2            1424          1426             7   90
804   805        B          1419             2            1419          1421             0   95
805   806        A          1422             2            1422          1424             0   95
806   807        A          1422             1            1424          1425             2   95
807   808        B          1423             3            1426          1429             3   90
808   809        A          1424             2            1425          1427             1   95
809   810        B          1426             3            1427          1430             1   95
810   811        B          1428             1            1430          1431             2   95
811   812        B          1429             2            1431          1433             2   95
812   813        B          1430             1            1433          1434             3   95
813   814        C          1431             5            1431          1436             0  Gas
814   815        B          1434             3            1434          1437             0   95
815   816        B          1434             3            1437          1440             3   95
816   817        B          1435             3            1440          1443             5   95
817   818        C          1437             3            1437          1440             0  Gas
818   819        C          1440             5            1440          1445             0   90
819   820        C          1440             5            1445          1450             5   90
820   821        B          1443             2            1443          1445             0   95
821   822        C          1446             3            1446          1449             0  Gas
822   823        B          1447             2            1450          1452             3   90
823   824        A          1447             3            1447          1450             0   95
824   825        A          1449             3            1450          1453             1   95
825   826        C          1450             5            1450          1455             0  Gas
826   827        C          1450             5            1455          1460             5  Gas
827   828        B          1453             2            1453          1455             0   95
828   829        A          1456             3            1456          1459             0   95
829   830        C          1459             5            1460          1465             1  Gas
830   831        B          1460             3            1460          1463             0   95
831   832        A          1462             3            1463          1466             1   95
832   833        B          1463             3            1466          1469             3   95
833   834        C          1465             5            1465          1470             0   90
834   835        B          1467             3            1470          1473             3   90
835   836        B          1470             3            1470          1473             0   95
836   837        C          1470             3            1470          1473             0  Gas
837   838        A          1473             1            1473          1474             0   95
838   839        C          1474             7            1474          1481             0   90
839   840        B          1475             2            1481          1483             6   90
840   841        C          1477             3            1477          1480             0  Gas
841   842        B          1478             3            1483          1486             5   90
842   843        A          1479             3            1479          1482             0   95
843   844        C          1482             5            1486          1491             4   90
844   845        B          1484             2            1484          1486             0   95
845   846        B          1485             1            1486          1487             1   95
846   847        C          1488             7            1491          1498             3   90
847   848        C          1488             5            1488          1493             0  Gas
848   849        B          1490             3            1490          1493             0   95
849   850        A          1491             1            1493          1494             2   95
850   851        C          1492             5            1493          1498             1  Gas
851   852        C          1494             3            1498          1501             4   90
852   853        C          1494             7            1501          1508             7   90
853   854        B          1496             1            1508          1509            12   90
854   855        B          1498             3            1498          1501             0   95
855   856        B          1499             2            1501          1503             2   95
856   857        A          1502             2            1503          1505             1   95
857   858        B          1502             2            1505          1507             3   95
858   859        C          1502             5            1502          1507             0  Gas
859   860        A          1502             3            1507          1510             5   95
860   861        A          1504             2            1510          1512             6   95
861   862        C          1504             3            1509          1512             5   90
862   863        B          1507             3            1512          1515             5   90
863   864        C          1509             5            1509          1514             0  Gas
864   865        C          1510             7            1514          1521             4  Gas
865   866        C          1511             3            1521          1524            10  Gas
866   867        C          1514             5            1524          1529            10  Gas
867   868        C          1517             7            1529          1536            12  Gas
868   869        B          1518             3            1518          1521             0   90
869   870        C          1520             3            1536          1539            16  Gas
870   871        B          1523             1            1523          1524             0   95
871   872        B          1526             2            1526          1528             0   95
872   873        C          1529             3            1529          1532             0   90
873   874        C          1531             7            1539          1546             8  Gas
874   875        C          1534             5            1534          1539             0   90
875   876        A          1535             3            1535          1538             0   95
876   877        C          1537             3            1546          1549             9  Gas
877   878        B          1538             3            1538          1541             0   95
878   879        A          1540             3            1541          1544             1   95
879   880        C          1541             5            1549          1554             8  Gas
880   881        C          1544             5            1554          1559            10  Gas
881   882        C          1547             5            1559          1564            12  Gas
882   883        B          1548             1            1548          1549             0   95
883   884        C          1549             5            1564          1569            15  Gas
884   885        C          1550             3            1569          1572            19  Gas
885   886        A          1552             3            1552          1555             0   95
886   887        C          1555             3            1572          1575            17  Gas
887   888        C          1558             5            1575          1580            17  Gas
888   889        B          1561             2            1561          1563             0   90
889   890        C          1562             3            1580          1583            18  Gas
890   891        A          1565             3            1565          1568             0   95
891   892        A          1566             3            1568          1571             2   95
892   893        A          1566             1            1571          1572             5   95
893   894        B          1566             3            1566          1569             0   90
894   895        A          1569             1            1572          1573             3   95
895   896        B          1569             3            1573          1576             4   95
896   897        C          1572             3            1583          1586            11  Gas
897   898        C          1573             3            1586          1589            13  Gas
898   899        C          1576             3            1589          1592            13  Gas
899   900        B          1579             3            1579          1582             0   90
900   901        C          1581             3            1592          1595            11  Gas
901   902        B          1583             1            1583          1584             0   90
902   903        C          1586             3            1586          1589             0   90
903   904        C          1589             5            1589          1594             0   90
904   905        A          1589             3            1589          1592             0   95
905   906        A          1592             3            1592          1595             0   95
906   907        A          1593             3            1595          1598             2   95
907   908        A          1595             3            1598          1601             3   95
908   909        A          1596             3            1601          1604             5   95
909   910        C          1598             5            1598          1603             0  Gas
910   911        B          1600             3            1600          1603             0   90
911   912        B          1603             2            1604          1606             1   95
912   913        A          1606             1            1606          1607             0   95
913   914        B          1608             1            1608          1609             0   95
914   915        C          1610             5            1610          1615             0  Gas
915   916        A          1610             3            1610          1613             0   95
916   917        A          1610             3            1613          1616             3   95
917   918        C          1612             5            1612          1617             0   90
918   919        B          1614             2            1616          1618             2   95
919   920        B          1617             3            1618          1621             1   95
920   921        A          1620             1            1621          1622             1   95
921   922        C          1621             5            1621          1626             0  Gas
922   923        A          1624             3            1624          1627             0   95
923   924        A          1626             3            1627          1630             1   95
924   925        A          1628             2            1630          1632             2   95
925   926        A          1629             3            1632          1635             3   95
926   927        B          1631             3            1635          1638             4   95
927   928        B          1632             3            1638          1641             6   95
928   929        B          1632             1            1632          1633             0   90
929   930        C          1633             3            1633          1636             0  Gas
930   931        B          1636             2            1641          1643             5   95
931   932        C          1637             5            1637          1642             0  Gas
932   933        B          1639             1            1643          1644             4   95
933   934        A          1640             3            1644          1647             4   95
934   935        C          1643             3            1643          1646             0   90
935   936        B          1646             3            1647          1650             1   95
936   937        C          1649             3            1649          1652             0   90
937   938        A          1649             2            1650          1652             1   95
938   939        C          1649             7            1649          1656             0  Gas
939   940        C          1650             5            1656          1661             6  Gas
940   941        A          1651             3            1652          1655             1   95
941   942        C          1651             3            1661          1664            10  Gas
942   943        B          1653             2            1653          1655             0   90
943   944        C          1654             5            1664          1669            10  Gas
944   945        B          1657             3            1657          1660             0   90
945   946        B          1658             3            1658          1661             0   95
946   947        B          1658             2            1661          1663             3   95
947   948        A          1660             3            1663          1666             3   95
948   949        C          1662             5            1669          1674             7  Gas
949   950        B          1662             1            1662          1663             0   90
950   951        C          1664             5            1674          1679            10  Gas
951   952        C          1664             3            1664          1667             0   90
952   953        C          1665             7            1667          1674             2   90
953   954        C          1668             7            1674          1681             6   90
954   955        B          1671             2            1671          1673             0   95
955   956        C          1672             3            1679          1682             7  Gas
956   957        C          1672             3            1682          1685            10  Gas
957   958        C          1674             5            1685          1690            11  Gas
958   959        A          1675             2            1675          1677             0   95
959   960        A          1676             1            1677          1678             1   95
960   961        B          1678             2            1678          1680             0   95
961   962        C          1680             7            1690          1697            10  Gas
962   963        C          1683             5            1683          1688             0   90
963   964        A          1686             3            1686          1689             0   95
964   965        C          1688             5            1697          1702             9  Gas
965   966        A          1688             3            1689          1692             1   95
966   967        A          1690             1            1692          1693             2   95
967   968        B          1691             3            1691          1694             0   90
968   969        B          1694             2            1694          1696             0   90
969   970        B          1697             3            1697          1700             0   95
970   971        B          1698             3            1700          1703             2   95
971   972        B          1698             3            1698          1701             0   90
972   973        C          1701             7            1702          1709             1  Gas
973   974        C          1704             3            1709          1712             5  Gas
974   975        B          1704             3            1704          1707             0   95
975   976        B          1705             2            1707          1709             2   95
976   977        A          1707             3            1709          1712             2   95
977   978        A          1708             3            1712          1715             4   95
978   979        A          1708             2            1715          1717             7   95
979   980        C          1711             3            1712          1715             1  Gas
980   981        C          1711             5            1711          1716             0   90
981   982        C          1714             5            1715          1720             1  Gas
982   983        C          1716             5            1720          1725             4  Gas
983   984        B          1719             3            1719          1722             0   95
984   985        C          1719             5            1719          1724             0   90
985   986        C          1721             7            1724          1731             3   90
986   987        C          1722             7            1731          1738             9   90
987   988        A          1724             2            1724          1726             0   95
988   989        C          1726             5            1738          1743            12   90
989   990        C          1729             3            1729          1732             0  Gas
990   991        B          1732             2            1732          1734             0   95
991   992        C          1732             7            1732          1739             0  Gas
992   993        B          1735             2            1743          1745             8   90
993   994        A          1735             3            1735          1738             0   95
994   995        C          1737             3            1739          1742             2  Gas
995   996        B          1737             2            1745          1747             8   90
996   997        A          1739             1            1739          1740             0   95
997   998        B          1740             1            1747          1748             7   90
998   999        C          1742             5            1742          1747             0  Gas
999  1000        B          1743             2            1743          1745             0   95