      Car Category  Arrival Time  Service Time  Service Begins  Service Ends  Waiting Time Pump
0       1        C             2             5               2             7             0  Gas
1       2        B             2             3               2             5             0   90
2       3        B             5             3               5             8             0   90
3       4        C             5             3               7            10             2  Gas
4       5        A             8             3               8            11             0   95
5       6        C             9             5              10            15             1  Gas
6       7        C            11             7              15            22             4  Gas
7       8        C            13             5              22            27             9  Gas
8       9        B            15             3              15            18             0   90
9      10        B            17             3              18            21             1   90
10     11        A            18             3              18            21             0   95
11     12        C            21             7              27            34             6  Gas
12     13        A            22             1              22            23             0   95
13     14        C            22             5              34            39            12  Gas
14     15        B            24             3              24            27             0   95
15     16        C            27             7              39            46            12  Gas
16     17        B            30             2              30            32             0   95
17     18        B            31             3              31            34             0   90
18     19        B            33             2              33            35             0   95
19     20        B            35             1              35            36             0   90
20     21        C            35             5              46            51            11  Gas
21     22        B            35             1              35            36             0   95
22     23        C            38             7              38            45             0   90
23     24        B            41             2              45            47             4   90
24     25        C            41             5              51            56            10  Gas
25     26        C            41             7              47            54             6   90
26     27        C            41             3              54            57            13   90
27     28        B            43             2              43            45             0   95
28     29        B            46             2              46            48             0   95
29     30        B            49             3              57            60             8   90
30     31        B            50             3              50            53             0   95
31     32        A            50             1              53            54             3   95
32     33        A            53             3              54            57             1   95
33     34        C            56             5              56            61             0  Gas
34     35        B            58             2              60            62             2   90
35     36        A            61             3              61            64             0   95
36     37        C            63             3              63            66             0   90
37     38        B            66             2              66            68             0   90
38     39        C            68             5              68            73             0   90
39     40        B            70             2              70            72             0   95
40     41        C            70             5              70            75             0  Gas
41     42        C            71             5              75            80             4  Gas
42     43        C            71             7              80            87             9  Gas
43     44        B            74             1              74            75             0   90
44     45        C            76             5              76            81             0   90
45     46        C            77             5              87            92            10  Gas
46     47        B            77             3              81            84             4   90
47     48        C            80             7              92            99            12  Gas
48     49        C            80             5              99           104            19  Gas
49     50        B            83             3              83            86             0   95
50     51        C            86             5              86            91             0   90
51     52        A            89             2              89            91             0   95
52     53        A            92             3              92            95             0   95
53     54        C            94             5              94            99             0   90
54     55        C            97             3              99           102             2   90
55     56        C            98             3             104           107             6  Gas
56     57        C           101             3             102           105             1   90
57     58        C           104             5             107           112             3  Gas
58     59        A           106             2             106           108             0   95
59     60        B           109             1             109           110             0   95
60     61        C           110             3             112           115             2  Gas
61     62        B           113             3             113           116             0   95
62     63        B           116             3             116           119             0   90
63     64        C           117             5             117           122             0  Gas
64     65        B           118             3             118           121             0   95
65     66        A           119             2             121           123             2   95
66     67        C           121             7             122           129             1  Gas
67     68        C           121             3             121           124             0   90
68     69        B           123             3             124           127             1   90
69     70        A           125             1             125           126             0   95
70     71        C           128             7             128           135             0   90
71     72        B           131             2             131           133             0   95
72     73        B           134             2             134           136             0   95
73     74        C           137             5             137           142             0  Gas
74     75        B           140             3             140           143             0   90
75     76        C           141             7             143           150             2   90
76     77        B           144             1             144           145             0   95
77     78        A           147             2             147           149             0   95
78     79        B           149             3             150           153             1   90
79     80        B           152             3             153           156             1   90
80     81        B           155             3             155           158             0   95
81     82        A           157             2             158           160             1   95
82     83        B           160             1             160           161             0   95
83     84        C           163             7             163           170             0   90
84     85        B           164             3             164           167             0   95
85     86        C           166             5             166           171             0  Gas
86     87        C           167             5             171           176             4  Gas
87     88        B           168             1             168           169             0   95
88     89        B           171             2             171           173             0   90
89     90        A           174             2             174           176             0   95
90     91        C           174             7             174           181             0   90
91     92        C           175             7             176           183             1  Gas
92     93        B           177             3             177           180             0   95
93     94        C           179             7             181           188             2   90
94     95        C           182             5             183           188             1  Gas
95     96        C           183             3             188           191             5  Gas
96     97        B           184             3             188           191             4   90
97     98        A           187             1             187           188             0   95
98     99        C           187             5             191           196             4   90
99    100        C           189             3             191           194             2  Gas
100   101        B           192             2             192           194             0   95
101   102        C           195             5             195           200             0  Gas
102   103        B           195             2             195           197             0   95
103   104        B           196             1             197           198             1   95
104   105        C           199             3             200           203             1  Gas
105   106        B           202             3             202           205             0   95
106   107        C           203             7             203           210             0  Gas
107   108        C           206             3             206           209             0   90
108   109        B           206             3             206           209             0   95
109   110        A           207             3             209           212             2   95
110   111        A           207             3             212           215             5   95
111   112        C           210             3             210           213             0  Gas
112   113        C           213             7             213           220             0   90
113   114        C           213             5             220           225             7   90
114   115        C           214             7             214           221             0  Gas
115   116        C           216             5             221           226             5  Gas
116   117        B           219             1             219           220             0   95
117   118        B           222             1             222           223             0   95
118   119        C           224             7             226           233             2  Gas
119   120        C           227             7             233           240             6  Gas
120   121        B           229             2             229           231             0   95
121   122        B           232             3             232           235             0   95
122   123        C           233             7             240           247             7  Gas
123   124        B           236             3             236           239             0   90
124   125        C           237             7             239           246             2   90
125   126        C           237             3             246           249             9   90
126   127        B           240             1             240           241             0   95
127   128        A           241             3             241           244             0   95
128   129        C           243             5             247           252             4  Gas
129   130        B           245             3             245           248             0   95
130   131        C           247             5             252           257             5  Gas
131   132        B           250             3             250           253             0   95
132   133        B           252             2             253           255             1   95
133   134        C           255             5             257           262             2  Gas
134   135        B           255             2             255           257             0   95
135   136        B           255             3             255           258             0   90
136   137        B           258             2             258           260             0   95
137   138        B           260             1             260           261             0   90
138   139        C           263             7             263           270             0  Gas
139   140        B           264             3             264           267             0   90
140   141        A           265             3             265           268             0   95
141   142        B           268             3             268           271             0   90
142   143        B           270             2             271           273             1   90
143   144        C           273             3             273           276             0  Gas
144   145        C           276             5             276           281             0  Gas
145   146        B           279             1             279           280             0   90
146   147        B           280             3             280           283             0   90
147   148        B           281             3             281           284             0   95
148   149        B           283             3             283           286             0   90
149   150        A           284             2             284           286             0   95
150   151        C           287             5             287           292             0   90
151   152        C           290             3             290           293             0  Gas
152   153        C           290             5             292           297             2   90
153   154        C           293             5             293           298             0  Gas
154   155        C           296             5             298           303             2  Gas
155   156        C           299             5             299           304             0   90
156   157        B           299             3             299           302             0   95
157   158        C           301             7             303           310             2  Gas
158   159        B           301             2             304           306             3   90
159   160        C           303             5             310           315             7  Gas
160   161        B           306             2             306           308             0   90
161   162        A           307             3             307           310             0   95
162   163        C           307             7             308           315             1   90
163   164        A           310             3             310           313             0   95
164   165        A           311             3             313           316             2   95
165   166        C           313             7             315           322             2  Gas
166   167        B           315             3             316           319             1   95
167   168        B           315             3             315           318             0   90
168   169        C           318             5             322           327             4  Gas
169   170        B           318             3             319           322             1   95
170   171        C           320             7             320           327             0   90
171   172        A           322             3             322           325             0   95
172   173        A           323             3             325           328             2   95
173   174        B           325             1             328           329             3   95
174   175        C           327             5             327           332             0   90
175   176        C           329             5             329           334             0  Gas
176   177        A           332             2             332           334             0   95
177   178        B           334             2             334           336             0   95
178   179        C           337             5             337           342             0  Gas
179   180        A           338             3             338           341             0   95
180   181        C           341             3             341           344             0   90
181   182        C           343             7             343           350             0  Gas
182   183        A           344             3             344           347             0   95
183   184        C           344             3             350           353             6  Gas
184   185        A           347             1             347           348             0   95
185   186        B           347             3             348           351             1   95
186   187        C           349             7             353           360             4  Gas
187   188        A           352             3             352           355             0   95
188   189        B           355             3             355           358             0   90
189   190        B           356             1             358           359             2   90
190   191        B           358             2             358           360             0   95
191   192        A           361             3             361           364             0   95
192   193        B           364             3             364           367             0   95
193   194        C           365             3             365           368             0  Gas
194   195        A           366             3             367           370             1   95
195   196        B           367             3             370           373             3   95
196   197        A           368             3             373           376             5   95
197   198        B           368             3             376           379             8   95
198   199        B           368             2             368           370             0   90
199   200        C           369             7             369           376             0  Gas
200   201        B           372             3             379           382             7   95
201   202        C           373             5             376           381             3  Gas
202   203        C           375             5             375           380             0   90
203   204        C           378             5             381           386             3  Gas
204   205        B           378             3             382           385             4   95
205   206        C           378             7             386           393             8  Gas
206   207        C           381             5             393           398            12  Gas
207   208        C           383             5             383           388             0   90
208   209        A           383             1             385           386             2   95
209   210        C           385             5             398           403            13  Gas
210   211        B           387             1             387           388             0   95
211   212        B           387             3             388           391             1   95
212   213        C           390             7             403           410            13  Gas
213   214        C           391             5             391           396             0   90
214   215        B           392             1             392           393             0   95
215   216        C           395             5             410           415            15  Gas
216   217        A           395             2             395           397             0   95
217   218        C           395             5             415           420            20  Gas
218   219        B           395             1             397           398             2   95
219   220        A           398             3             398           401             0   95
220   221        C           400             5             400           405             0   90
221   222        C           400             7             405           412             5   90
222   223        C           402             5             420           425            18  Gas
223   224        A           405             2             405           407             0   95
224   225        A           405             2             407           409             2   95
225   226        A           406             3             409           412             3   95
226   227        B           409             3             412           415             3   95
227   228        A           412             2             415           417             3   95
228   229        B           413             3             413           416             0   90
229   230        B           415             1             417           418             2   95
230   231        B           416             3             418           421             2   95
231   232        B           416             3             421           424             5   95
232   233        B           417             3             424           427             7   95
233   234        B           417             2             427           429            10   95
234   235        C           419             5             425           430             6  Gas
235   236        C           421             3             430           433             9  Gas
236   237        C           422             7             433           440            11  Gas
237   238        A           424             1             429           430             5   95
238   239        C           424             5             440           445            16  Gas
239   240        C           425             5             445           450            20  Gas
240   241        C           428             5             428           433             0   90
241   242        A           428             1             430           431             2   95
242   243        C           429             7             450           457            21  Gas
243   244        C           430             5             433           438             3   90
244   245        B           432             3             438           441             6   90
245   246        C           435             5             457           462            22  Gas
246   247        B           438             3             441           444             3   90
247   248        B           438             1             444           445             6   90
248   249        B           439             3             439           442             0   95
249   250        A           442             3             442           445             0   95
250   251        B           445             2             445           447             0   90
251   252        A           448             2             448           450             0   95
252   253        C           451             5             462           467            11  Gas
253   254        B           454             3             454           457             0   95
254   255        A           457             3             457           460             0   95
255   256        B           459             3             459           462             0   90
256   257        B           462             3             462           465             0   95
257   258        A           465             2             465           467             0   95
258   259        C           468             5             468           473             0  Gas
259   260        C           471             5             473           478             2  Gas
260   261        C           473             5             478           483             5  Gas
261   262        A           476             2             476           478             0   95
262   263        C           478             3             478           481             0   90
263   264        C           479             7             481           488             2   90
264   265        B           481             1             488           489             7   90
265   266        A           484             2             484           486             0   95
266   267        B           486             2             489           491             3   90
267   268        B           486             2             491           493             5   90
268   269        A           487             2             487           489             0   95
269   270        C           489             7             489           496             0  Gas
270   271        A           492             3             492           495             0   95
271   272        A           494             2             495           497             1   95
272   273        B           495             3             497           500             2   95
273   274        B           495             2             500           502             5   95
274   275        A           498             3             502           505             4   95
275   276        C           500             5             500           505             0  Gas
276   277        A           500             3             505           508             5   95
277   278        A           503             1             508           509             5   95
278   279        B           503             2             503           505             0   90
279   280        C           506             5             506           511             0  Gas
280   281        B           509             3             509           512             0   95
281   282        B           510             3             510           513             0   90
282   283        A           511             3             512           515             1   95
283   284        B           514             3             515           518             1   95
284   285        B           517             3             517           520             0   90
285   286        C           520             3             520           523             0  Gas
286   287        C           522             7             523           530             1  Gas
287   288        C           525             7             530           537             5  Gas
288   289        B           528             1             528           529             0   90
289   290        C           531             5             537           542             6  Gas
290   291        C           531             7             542           549            11  Gas
291   292        B           533             3             533           536             0   95
292   293        A           536             2             536           538             0   95
293   294        C           537             5             537           542             0   90
294   295        C           540             5             549           554             9  Gas
295   296        C           543             7             543           550             0   90
296   297        C           544             5             550           555             6   90
297   298        C           547             7             555           562             8   90
298   299        A           550             1             550           551             0   95
299   300        A           553             3             553           556             0   95
300   301        B           555             3             556           559             1   95
301   302        C           557             7             557           564             0  Gas
302   303        A           560             3             560           563             0   95
303   304        C           563             5             564           569             1  Gas
304   305        B           565             3             565           568             0   95
305   306        C           566             7             569           576             3  Gas
306   307        C           569             7             576           583             7  Gas
307   308        C           571             5             583           588            12  Gas
308   309        B           573             2             573           575             0   90
309   310        C           574             3             588           591            14  Gas
310   311        A           575             3             575           578             0   95
311   312        C           575             3             575           578             0   90
312   313        A           578             1             578           579             0   95
313   314        A           581             2             581           583             0   95
314   315        A           582             1             583           584             1   95
315   316        C           582             5             591           596             9  Gas
316   317        A           583             3             584           587             1   95
317   318        B           586             3             587           590             1   95
318   319        C           588             7             596           603             8  Gas
319   320        B           591             1             591           592             0   95
320   321        C           592             5             592           597             0   90
321   322        C           592             7             597           604             5   90
322   323        B           592             3             592           595             0   95
323   324        C           593             3             603           606            10  Gas
324   325        A           596             1             596           597             0   95
325   326        B           599             2             599           601             0   95
326   327        B           601             2             604           606             3   90
327   328        C           603             3             606           609             3  Gas
328   329        C           603             7             609           616             6  Gas
329   330        A           603             2             603           605             0   95
330   331        C           606             5             616           621            10  Gas
331   332        A           607             1             607           608             0   95
332   333        C           610             7             621           628            11  Gas
333   334        C           612             5             628           633            16  Gas
334   335        C           615             5             633           638            18  Gas
335   336        B           618             2             618           620             0   95
336   337        C           621             5             621           626             0   90
337   338        B           623             3             623           626             0   95
338   339        A           624             1             626           627             2   95
339   340        A           625             3             627           630             2   95
340   341        A           627             2             630           632             3   95
341   342        B           627             2             632           634             5   95
342   343        C           629             3             629           632             0   90
343   344        C           632             5             638           643             6  Gas
344   345        A           635             3             635           638             0   95
345   346        C           638             5             638           643             0   90
346   347        C           640             5             643           648             3  Gas
347   348        C           643             5             648           653             5  Gas
348   349        A           645             3             645           648             0   95
349   350        C           647             7             653           660             6  Gas
350   351        A           649             2             649           651             0   95
351   352        C           652             7             660           667             8  Gas
352   353        B           652             1             652           653             0   90
353   354        C           655             5             655           660             0   90
354   355        C           655             3             667           670            12  Gas
355   356        C           657             5             670           675            13  Gas
356   357        C           658             5             675           680            17  Gas
357   358        A           661             3             661           664             0   95
358   359        B           661             1             664           665             3   95
359   360        C           664             3             680           683            16  Gas
360   361        C           666             5             683           688            17  Gas
361   362        B           668             3             668           671             0   90
362   363        C           671             5             671           676             0   90
363   364        B           672             3             676           679             4   90
364   365        C           674             5             688           693            14  Gas
365   366        C           674             5             693           698            19  Gas
366   367        B           677             2             677           679             0   95
367   368        C           680             5             698           703            18  Gas
368   369        A           683             3             683           686             0   95
369   370        B           683             3             683           686             0   90
370   371        C           683             7             686           693             3   90
371   372        A           685             2             686           688             1   95
372   373        C           688             7             693           700             5   90
373   374        C           689             7             703           710            14  Gas
374   375        A           690             2             690           692             0   95
375   376        A           693             1             693           694             0   95
376   377        B           696             2             696           698             0   95
377   378        C           698             5             700           705             2   90
378   379        A           701             1             701           702             0   95
379   380        C           703             7             710           717             7  Gas
380   381        A           704             3             704           707             0   95
381   382        B           704             1             705           706             1   90
382   383        A           706             1             707           708             1   95
383   384        C           708             7             717           724             9  Gas
384   385        A           711             1             711           712             0   95
385   386        B           713             1             713           714             0   95
386   387        A           714             3             714           717             0   95
387   388        B           717             1             717           718             0   95
388   389        B           717             3             718           721             1   95
389   390        A           717             3             721           724             4   95
390   391        B           718             3             718           721             0   90
391   392        C           720             7             721           728             1   90
392   393        C           721             3             724           727             3  Gas
393   394        C           724             5             727           732             3  Gas
394   395        A           724             3             724           727             0   95
395   396        B           724             3             728           731             4   90
396   397        A           724             1             727           728             3   95
397   398        B           727             3             728           731             1   95
398   399        A           730             2             731           733             1   95
399   400        B           733             3             733           736             0   95
400   401        C           733             3             733           736             0  Gas
401   402        A           735             1             736           737             1   95
402   403        A           738             1             738           739             0   95
403   404        A           740             2             740           742             0   95
404   405        B           743             3             743           746             0   95
405   406        A           745             3             746           749             1   95
406   407        C           746             3             746           749             0  Gas
407   408        A           747             3             749           752             2   95
408   409        B           748             3             748           751             0   90
409   410        C           749             3             749           752             0  Gas
410   411        C           751             5             752           757             1  Gas
411   412        C           754             5             757           762             3  Gas
412   413        A           757             3             757           760             0   95
413   414        B           758             1             758           759             0   90
414   415        C           759             7             759           766             0   90
415   416        C           759             5             762           767             3  Gas
416   417        C           762             5             767           772             5  Gas
417   418        C           765             7             772           779             7  Gas
418   419        B           768             3             768           771             0   90
419   420        C           770             5             779           784             9  Gas
420   421        B           772             3             772           775             0   90
421   422        C           775             3             784           787             9  Gas
422   423        C           778             3             787           790             9  Gas
423   424        B           781             3             781           784             0   95
424   425        A           783             3             784           787             1   95
425   426        B           784             1             787           788             3   95
426   427        B           787             2             787           789             0   90
427   428        C           788             5             789           794             1   90
428   429        B           791             3             791           794             0   95
429   430        B           793             2             794           796             1   90
430   431        A           795             2             795           797             0   95
431   432        A           795             3             797           800             2   95
432   433        C           798             5             798           803             0   90
433   434        C           799             5             803           808             4   90
434   435        C           801             3             808           811             7   90
435   436        C           803             5             811           816             8   90
436   437        A           806             3             806           809             0   95
437   438        B           809             2             809           811             0   95
438   439        C           812             5             812           817             0  Gas
439   440        C           815             3             817           820             2  Gas
440   441        C           818             3             820           823             2  Gas
441   442        B           819             3             819           822             0   90
442   443        B           821             3             822           825             1   90
443   444        A           822             3             822           825             0   95
444   445        A           824             1             825           826             1   95
445   446        A           827             2             827           829             0   95
446   447        A           830             3             830           833             0   95
447   448        B           831             3             831           834             0   90
448   449        A           833             1             833           834             0   95
449   450        B           836             1             836           837             0   95
450   451        C           839             5             839           844             0  Gas
451   452        C           839             3             844           847             5  Gas
452   453        C           841             5             847           852             6  Gas
453   454        C           843             3             852           855             9  Gas
454   455        C           843             7             855           862            12  Gas
455   456        B           846             2             846           848             0   95
456   457        C           847             5             862           867            15  Gas
457   458        C           848             5             848           853             0   90
458   459        B           850             3             850           853             0   95
459   460        C           852             5             867           872            15  Gas
460   461        C           852             5             853           858             1   90
461   462        C           855             3             858           861             3   90
462   463        B           856             2             856           858             0   95
463   464        A           859             2             859           861             0   95
464   465        C           862             5             862           867             0   90
465   466        B           864             2             864           866             0   95
466   467        A           867             2             867           869             0   95
467   468        C           869             7             872           879             3  Gas
468   469        B           872             2             872           874             0   95
469   470        C           875             5             879           884             4  Gas
470   471        C           876             7             876           883             0   90
471   472        B           879             2             879           881             0   95
472   473        C           881             3             883           886             2   90
473   474        B           884             1             884           885             0   95
474   475        B           886             2             886           888             0   90
475   476        C           887             5             887           892             0  Gas
476   477        C           888             7             888           895             0   90
477   478        A           891             3             891           894             0   95
478   479        B           893             2             894           896             1   95
479   480        B           896             2             896           898             0   95
480   481        B           899             3             899           902             0   90
481   482        C           899             5             899           904             0  Gas
482   483        C           899             3             902           905             3   90
483   484        C           900             5             905           910             5   90
484   485        C           902             5             910           915             8   90
485   486        C           904             5             904           909             0  Gas
486   487        A           906             3             906           909             0   95
487   488        C           907             5             909           914             2  Gas
488   489        C           910             7             914           921             4  Gas
489   490        C           911             5             921           926            10  Gas
490   491        B           911             3             911           914             0   95
491   492        C           914             3             926           929            12  Gas
492   493        C           916             5             929           934            13  Gas
493   494        B           919             3             919           922             0   95
494   495        C           919             3             934           937            15  Gas
495   496        B           922             2             922           924             0   90
496   497        A           923             2             923           925             0   95
497   498        A           924             1             925           926             1   95
498   499        A           924             3             926           929             2   95
499   500        C           926             7             926           933             0   90
500   501        A           928             3             929           932             1   95
501   502        C           930             7             933           940             3   90
502   503        C           931             5             937           942             6  Gas
503   504        B           932             3             932           935             0   95
504   505        C           933             5             940           945             7   90
505   506        C           934             5             945           950            11   90
506   507        C           937             7             942           949             5  Gas
507   508        C           938             7             950           957            12   90
508   509        C           941             5             949           954             8  Gas
509   510        B           942             2             942           944             0   95
510   511        B           944             3             957           960            13   90
511   512        B           944             2             944           946             0   95
512   513        C           945             3             960           963            15   90
513   514        B           948             2             948           950             0   95
514   515        B           948             2             950           952             2   95
515   516        A           950             1             952           953             2   95
516   517        B           953             3             963           966            10   90
517   518        C           955             3             966           969            11   90
518   519        B           958             3             969           972            11   90
519   520        C           960             5             960           965             0  Gas
520   521        A           962             1             962           963             0   95
521   522        A           962             1             963           964             1   95
522   523        C           965             5             972           977             7   90
523   524        C           968             5             968           973             0  Gas
524   525        C           970             5             973           978             3  Gas
525   526        B           972             3             972           975             0   95
526   527        C           974             7             977           984             3   90
527   528        B           976             2             976           978             0   95
528   529        A           977             1             978           979             1   95
529   530        B           980             1             980           981             0   95
530   531        B           980             3             981           984             1   95
531   532        C           982             3             984           987             2   90
532   533        A           983             3             984           987             1   95
533   534        B           986             2             987           989             1   95
534   535        B           988             3             988           991             0   90
535   536        C           991             5             991           996             0  Gas
536   537        A           994             3             994           997             0   95
537   538        C           997             5             997          1002             0   90
538   539        C          1000             5            1002          1007             2   90
539   540        C          1003             3            1007          1010             4   90
540   541        C          1005             5            1005          1010             0  Gas
541   542        B          1005             1            1005          1006             0   95
542   543        A          1008             3            1008          1011             0   95
543   544        C          1011             5            1011          1016             0  Gas
544   545        C          1011             7            1016          1023             5  Gas
545   546        C          1013             5            1023          1028            10  Gas
546   547        A          1014             3            1014          1017             0   95
547   548        B          1014             3            1014          1017             0   90
548   549        B          1015             1            1017          1018             2   95
549   550        A          1018             2            1018          1020             0   95
550   551        C          1019             5            1019          1024             0   90
551   552        C          1020             3            1024          1027             4   90
552   553        B          1023             3            1027          1030             4   90
553   554        B          1026             3            1030          1033             4   90
554   555        B          1028             2            1028          1030             0   95
555   556        B          1029             1            1030          1031             1   95
556   557        C          1030             7            1030          1037             0  Gas
557   558        B          1031             1            1031          1032             0   95
558   559        B          1034             1            1034          1035             0   95
559   560        A          1036             2            1036          1038             0   95
560   561        B          1038             3            1038          1041             0   95
561   562        C          1041             5            1041          1046             0  Gas
562   563        B          1041             3            1041          1044             0   95
563   564        C          1043             7            1046          1053             3  Gas
564   565        B          1044             3            1044          1047             0   95
565   566        B          1045             3            1047          1050             2   95
566   567        C          1048             5            1048          1053             0   90
567   568        A          1051             1            1051          1052             0   95
568   569        A          1053             3            1053          1056             0   95
569   570        B          1053             3            1056          1059             3   95
570   571        A          1056             3            1059          1062             3   95
571   572        B          1059             3            1059          1062             0   90
572   573        C          1060             3            1062          1065             2   90
573   574        B          1061             3            1065          1068             4   90
574   575        B          1064             3            1068          1071             4   90
575   576        A          1065             2            1065          1067             0   95
576   577        C          1067             3            1071          1074             4   90
577   578        A          1068             3            1068          1071             0   95
578   579        A          1070             3            1071          1074             1   95
579   580        C          1072             3            1072          1075             0  Gas
580   581        B          1073             1            1074          1075             1   95
581   582        B          1075             1            1075          1076             0   90
582   583        C          1077             7            1077          1084             0  Gas
583   584        C          1080             5            1084          1089             4  Gas
584   585        B          1081             1            1081          1082             0   95
585   586        B          1083             2            1083          1085             0   95
586   587        A          1083             1            1085          1086             2   95
587   588        A          1085             3            1086          1089             1   95
588   589        B          1088             2            1088          1090             0   90
589   590        B          1090             2            1090          1092             0   95
590   591        A          1091             2            1092          1094             1   95
591   592        C          1092             5            1092          1097             0  Gas
592   593        B          1095             3            1095          1098             0   90
593   594        B          1098             2            1098          1100             0   90
594   595        A          1101             1            1101          1102             0   95
595   596        C          1101             7            1101          1108             0   90
596   597        A          1101             1            1102          1103             1   95
597   598        B          1102             2            1103          1105             1   95
598   599        B          1102             2            1105          1107             3   95
599   600        C          1105             7            1108          1115             3   90
600   601        B          1107             1            1107          1108             0   95
601   602        C          1109             7            1109          1116             0  Gas
602   603        B          1110             3            1110          1113             0   95
603   604        B          1111             3            1113          1116             2   95
604   605        B          1114             3            1116          1119             2   95
605   606        A          1117             2            1119          1121             2   95
606   607        C          1120             3            1120          1123             0  Gas
607   608        C          1123             5            1123          1128             0  Gas
608   609        B          1123             3            1123          1126             0   95
609   610        C          1124             5            1128          1133             4  Gas
610   611        C          1124             7            1133          1140             9  Gas
611   612        C          1125             5            1140          1145            15  Gas
612   613        B          1127             1            1127          1128             0   95
613   614        B          1128             3            1128          1131             0   95
614   615        C          1130             5            1130          1135             0   90
615   616        C          1130             5            1145          1150            15  Gas
616   617        C          1131             7            1150          1157            19  Gas
617   618        C          1133             5            1157          1162            24  Gas
618   619        A          1133             2            1133          1135             0   95
619   620        B          1135             2            1135          1137             0   95
620   621        B          1135             3            1137          1140             2   95
621   622        B          1136             3            1140          1143             4   95
622   623        C          1137             3            1162          1165            25  Gas
623   624        C          1138             5            1165          1170            27  Gas
624   625        C          1140             3            1140          1143             0   90
625   626        A          1143             2            1143          1145             0   95
626   627        A          1145             3            1145          1148             0   95
627   628        C          1148             5            1170          1175            22  Gas
628   629        B          1151             1            1151          1152             0   95
629   630        A          1153             1            1153          1154             0   95
630   631        C          1155             5            1155          1160             0   90
631   632        C          1158             5            1175          1180            17  Gas
632   633        C          1161             5            1161          1166             0   90
633   634        C          1164             5            1180          1185            16  Gas
634   635        C          1164             5            1185          1190            21  Gas
635   636        A          1165             2            1165          1167             0   95
636   637        A          1168             1            1168          1169             0   95
637   638        C          1168             5            1168          1173             0   90
638   639        A          1171             2            1171          1173             0   95
639   640        A          1172             2            1173          1175             1   95
640   641        C          1175             7            1190          1197            15  Gas
641   642        C          1178             7            1178          1185             0   90
642   643        B          1180             3            1180          1183             0   95
643   644        B          1182             1            1185          1186             3   90
644   645        C          1185             3            1186          1189             1   90
645   646        C          1188             5            1189          1194             1   90
646   647        C          1190             5            1197          1202             7  Gas
647   648        B          1191             3            1194          1197             3   90
648   649        A          1194             3            1194          1197             0   95
649   650        B          1196             2            1197          1199             1   90
650   651        C          1196             5            1202          1207             6  Gas
651   652        C          1196             5            1199          1204             3   90
652   653        B          1196             2            1197          1199             1   95
653   654        B          1199             1            1199          1200             0   95
654   655        C          1202             3            1207          1210             5  Gas
655   656        B          1202             3            1204          1207             2   90
656   657        B          1204             1            1207          1208             3   90
657   658        C          1207             5            1208          1213             1   90
658   659        C          1208             5            1210          1215             2  Gas
659   660        B          1209             1            1209          1210             0   95
660   661        A          1212             3            1212          1215             0   95
661   662        A          1215             3            1215          1218             0   95
662   663        A          1215             2            1218          1220             3   95
663   664        C          1218             5            1218          1223             0   90
664   665        B          1219             2            1220          1222             1   95
665   666        B          1222             3            1222          1225             0   95
666   667        A          1223             2            1225          1227             2   95
667   668        C          1226             5            1226          1231             0   90
668   669        A          1228             3            1228          1231             0   95
669   670        C          1230             5            1230          1235             0  Gas
670   671        C          1231             7            1235          1242             4  Gas
671   672        C          1233             3            1242          1245             9  Gas
672   673        C          1236             3            1236          1239             0   90
673   674        B          1239             3            1239          1242             0   95
674   675        B          1239             3            1242          1245             3   95
675   676        C          1242             5            1245          1250             3  Gas
676   677        B          1245             3            1245          1248             0   90
677   678        C          1248             5            1248          1253             0   90
678   679        A          1248             3            1248          1251             0   95
679   680        C          1249             5            1253          1258             4   90
680   681        C          1250             5            1250          1255             0  Gas
681   682        B          1250             3            1251          1254             1   95
682   683        C          1251             3            1255          1258             4  Gas
683   684        A          1252             3            1254          1257             2   95
684   685        B          1255             2            1257          1259             2   95
685   686        C          1258             7            1258          1265             0  Gas
686   687        B          1260             1            1260          1261             0   90
687   688        B          1261             2            1261          1263             0   95
688   689        A          1264             2            1264          1266             0   95
689   690        B          1264             3            1266          1269             2   95
690   691        C          1267             5            1267          1272             0   90
691   692        B          1269             2            1269          1271             0   95
692   693        C          1269             5            1272          1277             3   90
693   694        A          1271             3            1271          1274             0   95
694   695        B          1273             2            1274          1276             1   95
695   696        C          1276             5            1276          1281             0  Gas
696   697        C          1276             5            1277          1282             1   90
697   698        C          1278             3            1282          1285             4   90
698   699        C          1279             3            1281          1284             2  Gas
699   700        B          1279             2            1285          1287             6   90
700   701        A          1280             2            1280          1282             0   95
701   702        C          1280             5            1287          1292             7   90
702   703        C          1282             7            1284          1291             2  Gas
703   704        C          1285             3            1292          1295             7   90
704   705        B          1288             2            1288          1290             0   95
705   706        B          1290             3            1295          1298             5   90
706   707        A          1290             2            1290          1292             0   95
707   708        C          1290             5            1298          1303             8   90
708   709        B          1292             1            1303          1304            11   90
709   710        C          1295             7            1295          1302             0  Gas
710   711        C          1296             3            1302          1305             6  Gas
711   712        B          1297             3            1297          1300             0   95
712   713        B          1300             1            1300          1301             0   95
713   714        A          1302             3            1302          1305             0   95
714   715        B          1305             3            1305          1308             0   95
715   716        C          1305             5            1305          1310             0   90
716   717        B          1308             2            1308          1310             0   95
717   718        A          1311             3            1311          1314             0   95
718   719        C          1314             5            1314          1319             0  Gas
719   720        B          1315             1            1315          1316             0   90
720   721        B          1317             1            1317          1318             0   90
721   722        B          1320             3            1320          1323             0   90
722   723        A          1322             3            1322          1325             0   95
723   724        C          1322             3            1323          1326             1   90
724   725        C          1322             7            1322          1329             0  Gas
725   726        C          1324             5            1329          1334             5  Gas
726   727        A          1325             2            1325          1327             0   95
727   728        C          1328             7            1328          1335             0   90
728   729        B          1331             3            1335          1338             4   90
729   730        C          1334             5            1334          1339             0  Gas
730   731        C          1335             5            1339          1344             4  Gas
731   732        B          1336             3            1336          1339             0   95
732   733        A          1336             3            1339          1342             3   95
733   734        A          1339             2            1342          1344             3   95
734   735        B          1339             2            1339          1341             0   90
735   736        C          1339             3            1344          1347             5  Gas
736   737        A          1339             3            1344          1347             5   95
737   738        A          1341             3            1347          1350             6   95
738   739        B          1343             3            1343          1346             0   90
739   740        A          1345             1            1350          1351             5   95
740   741        C          1346             5            1346          1351             0   90
741   742        C          1346             5            1351          1356             5   90
742   743        C          1349             7            1356          1363             7   90
743   744        B          1352             3            1363          1366            11   90
744   745        A          1355             3            1355          1358             0   95
745   746        C          1357             5            1357          1362             0  Gas
746   747        A          1358             2            1358          1360             0   95
747   748        C          1361             3            1366          1369             5   90
748   749        A          1363             3            1363          1366             0   95
749   750        B          1364             2            1369          1371             5   90
750   751        B          1365             2            1371          1373             6   90
751   752        B          1367             3            1373          1376             6   90
752   753        B          1367             3            1367          1370             0   95
753   754        C          1370             5            1370          1375             0  Gas
754   755        B          1372             2            1372          1374             0   95
755   756        C          1372             7            1375          1382             3  Gas
756   757        B          1372             2            1374          1376             2   95
757   758        B          1375             3            1376          1379             1   95
758   759        C          1378             7            1378          1385             0   90
759   760        C          1381             3            1385          1388             4   90
760   761        C          1381             3            1382          1385             1  Gas
761   762        A          1383             2            1383          1385             0   95
762   763        C          1386             3            1386          1389             0  Gas
763   764        C          1389             5            1389          1394             0   90
764   765        C          1390             5            1394          1399             4   90
765   766        B          1392             1            1392          1393             0   95
766   767        A          1393             2            1393          1395             0   95
767   768        C          1396             3            1396          1399             0  Gas
768   769        A          1398             3            1398          1401             0   95
769   770        C          1400             5            1400          1405             0   90
770   771        A          1401             1            1401          1402             0   95
771   772        A          1403             3            1403          1406             0   95
772   773        B          1406             1            1406          1407             0   90
773   774        A          1409             3            1409          1412             0   95
774   775        B          1409             2            1409          1411             0   90
775   776        B          1410             2            1411          1413             1   90
776   777        B          1413             2            1413          1415             0   95
777   778        B          1415             3            1415          1418             0   95
778   779        C          1418             5            1418          1423             0   90
779   780        A          1418             1            1418          1419             0   95
780   781        B          1421             1            1421          1422             0   95
781   782        C          1423             5            1423          1428             0   90
782   783        C          1424             3            1428          1431             4   90
783   784        C          1425             7            1425          1432             0  Gas
784   785        A          1428             2            1428          1430             0   95
785   786        A          1430             2            1430          1432             0   95
786   787        C          1433             5            1433          1438             0   90
787   788        C          1434             3            1438          1441             4   90
788   789        B          1437             2            1441          1443             4   90
789   790        C          1440             5            1440          1445             0  Gas
790   791        A          1440             2            1440          1442             0   95
791   792        A          1443             3            1443          1446             0   95
792   793        A          1446             3            1446          1449             0   95
793   794        C          1448             5            1448          1453             0  Gas
794   795        B          1451             1            1451          1452             0   90
795   796        C          1453             3            1453          1456             0   90
796   797        C          1454             7            1454          1461             0  Gas
797   798        B          1455             3            1455          1458             0   95
798   799        A          1458             2            1458          1460             0   95
799   800        C          1458             3            1461          1464             3  Gas
800   801        B          1461             1            1461          1462             0   95
801   802        C          1464             7            1464          1471             0   90
802   803        B          1464             2            1464          1466             0   95
803   804        C          1466             3            1466          1469             0  Gas
804   805        C          1467             7            1469          1476             2  Gas
805   806        C          1467             5            1476          1481             9  Gas
806   807        B          1470             2            1470          1472             0   95
807   808        C          1471             3            1481          1484            10  Gas
808   809        C          1473             3            1484          1487            11  Gas
809   810        B          1474             2            1474          1476             0   95
810   811        C          1475             7            1487          1494            12  Gas
811   812        C          1476             7            1494          1501            18  Gas
812   813        C          1478             7            1478          1485             0   90
813   814        C          1480             5            1501          1506            21  Gas
814   815        B          1483             3            1485          1488             2   90
815   816        B          1486             3            1486          1489             0   95
816   817        C          1488             3            1506          1509            18  Gas
817   818        C          1490             5            1509          1514            19  Gas
818   819        B          1492             3            1492          1495             0   95
819   820        C          1493             5            1514          1519            21  Gas
820   821        C          1494             5            1519          1524            25  Gas
821   822        C          1496             3            1496          1499             0   90
822   823        B          1497             2            1497          1499             0   95
823   824        C          1500             3            1524          1527            24  Gas
824   825        A          1502             2            1502          1504             0   95
825   826        B          1505             2            1505          1507             0   95
826   827        C          1508             3            1527          1530            19  Gas
827   828        C          1509             5            1530          1535            21  Gas
828   829        B          1509             2            1509          1511             0   95
829   830        B          1510             3            1511          1514             1   95
830   831        B          1510             3            1514          1517             4   95
831   832        C          1513             3            1535          1538            22  Gas
832   833        B          1514             2            1514          1516             0   90
833   834        C          1516             3            1538          1541            22  Gas
834   835        C          1516             7            1541          1548            25  Gas
835   836        C          1517             5            1517          1522             0   90
836   837        C          1519             5            1522          1527             3   90
837   838        B          1522             3            1522          1525             0   95
838   839        C          1525             5            1548          1553            23  Gas
839   840        A          1525             3            1525          1528             0   95
840   841        A          1526             1            1528          1529             2   95
841   842        A          1529             2            1529          1531             0   95
842   843        B          1532             1            1532          1533             0   90
843   844        C          1534             7            1534          1541             0   90
844   845        B          1537             2            1541          1543             4   90
845   846        B          1540             3            1540          1543             0   95
846   847        B          1543             3            1543          1546             0   90
847   848        B          1543             2            1543          1545             0   95
848   849        C          1544             7            1553          1560             9  Gas
849   850        A          1546             3            1546          1549             0   95
850   851        C          1549             7            1549          1556             0   90
851   852        A          1551             1            1551          1552             0   95
852   853        B          1554             2            1556          1558             2   90
853   854        A          1554             1            1554          1555             0   95
854   855        C          1555             3            1558          1561             3   90
855   856        C          1558             3            1561          1564             3   90
856   857        B          1561             1            1561          1562             0   95
857   858        C          1561             5            1564          1569             3   90
858   859        B          1564             3            1569          1572             5   90
859   860        C          1564             5            1564          1569             0  Gas
860   861        C          1564             7            1569          1576             5  Gas
861   862        A          1566             1            1566          1567             0   95
862   863        C          1568             3            1576          1579             8  Gas
863   864        A          1570             1            1570          1571             0   95
864   865        B          1573             2            1573          1575             0   95
865   866        B          1576             2            1576          1578             0   90
866   867        A          1576             3            1576          1579             0   95
867   868        B          1579             1            1579          1580             0   90
868   869        B          1581             3            1581          1584             0   95
869   870        C          1584             5            1584          1589             0  Gas
870   871        C          1587             3            1589          1592             2  Gas
871   872        B          1589             3            1589          1592             0   90
872   873        C          1591             5            1592          1597             1  Gas
873   874        B          1591             3            1591          1594             0   95
874   875        B          1592             2            1594          1596             2   95
875   876        C          1592             3            1597          1600             5  Gas
876   877        C          1592             7            1592          1599             0   90
877   878        B          1593             1            1596          1597             3   95
878   879        B          1596             3            1597          1600             1   95
879   880        B          1599             3            1600          1603             1   95
880   881        B          1600             3            1600          1603             0   90
881   882        A          1601             3            1603          1606             2   95
882   883        B          1604             2            1604          1606             0   90
883   884        A          1605             2            1606          1608             1   95
884   885        A          1606             3            1608          1611             2   95
885   886        A          1606             3            1611          1614             5   95
886   887        B          1608             2            1614          1616             6   95
887   888        C          1611             7            1611          1618             0   90
888   889        C          1612             5            1618          1623             6   90
889   890        B          1614             2            1616          1618             2   95
890   891        A          1617             3            1618          1621             1   95
891   892        C          1618             3            1618          1621             0  Gas
892   893        B          1621             2            1621          1623             0   95
893   894        B          1624             3            1624          1627             0   90
894   895        C          1626             5            1627          1632             1   90
895   896        B          1627             3            1627          1630             0   95
896   897        C          1629             5            1629          1634             0  Gas
897   898        B          1631             1            1632          1633             1   90
898   899        C          1634             5            1634          1639             0  Gas
899   900        C          1637             7            1637          1644             0   90
900   901        B          1639             1            1639          1640             0   95
901   902        C          1639             5            1639          1644             0  Gas
902   903        B          1641             3            1641          1644             0   95
903   904        C          1643             7            1644          1651             1  Gas
904   905        C          1643             5            1651          1656             8  Gas
905   906        B          1645             3            1645          1648             0   95
906   907        B          1648             3            1648          1651             0   95
907   908        A          1651             2            1651          1653             0   95
908   909        A          1652             2            1653          1655             1   95
909   910        C          1653             7            1653          1660             0   90
910   911        A          1654             2            1655          1657             1   95
911   912        C          1656             7            1656          1663             0  Gas
912   913        A          1659             3            1659          1662             0   95
913   914        C          1660             5            1663          1668             3  Gas
914   915        A          1662             1            1662          1663             0   95
915   916        C          1665             7            1665          1672             0   90
916   917        B          1665             1            1665          1666             0   95
917   918        A          1666             2            1666          1668             0   95
918   919        C          1667             7            1668          1675             1  Gas
919   920        C          1670             3            1675          1678             5  Gas
920   921        C          1670             3            1672          1675             2   90
921   922        C          1672             3            1675          1678             3   90
922   923        B          1675             1            1678          1679             3   90
923   924        B          1677             3            1679          1682             2   90
924   925        C          1680             7            1680          1687             0  Gas
925   926        C          1683             5            1687          1692             4  Gas
926   927        C          1685             5            1685          1690             0   90
927   928        C          1687             5            1692          1697             5  Gas
928   929        B          1687             3            1687          1690             0   95
929   930        B          1690             3            1690          1693             0   95
930   931        B          1691             1            1693          1694             2   95
931   932        C          1694             5            1697          1702             3  Gas
932   933        B          1697             2            1697          1699             0   90
933   934        C          1700             7            1702          1709             2  Gas
934   935        C          1700             5            1709          1714             9  Gas
935   936        A          1700             2            1700          1702             0   95
936   937        A          1700             3            1702          1705             2   95
937   938        A          1703             1            1705          1706             2   95
938   939        B          1703             3            1706          1709             3   95
939   940        B          1705             2            1709          1711             4   95
940   941        A          1708             3            1711          1714             3   95
941   942        C          1708             5            1714          1719             6  Gas
942   943        B          1709             2            1714          1716             5   95
943   944        B          1711             3            1716          1719             5   95
944   945        C          1712             7            1712          1719             0   90
945   946        A          1712             2            1719          1721             7   95
946   947        B          1713             1            1721          1722             8   95
947   948        C          1713             5            1719          1724             6  Gas
948   949        B          1714             3            1719          1722             5   90
949   950        C          1716             5            1724          1729             8  Gas
950   951        B          1719             1            1722          1723             3   95
951   952        C          1722             3            1729          1732             7  Gas
952   953        C          1724             5            1724          1729             0   90
953   954        C          1726             3            1729          1732             3   90
954   955        A          1727             3            1727          1730             0   95
955   956        C          1727             5            1732          1737             5  Gas
956   957        C          1728             5            1732          1737             4   90
957   958        A          1731             1            1731          1732             0   95
958   959        B          1734             3            1734          1737             0   95
959   960        B          1736             3            1737          1740             1   95
960   961        C          1739             5            1739          1744             0  Gas
961   962        C          1742             7            1744          1751             2  Gas
962   963        C          1744             7            1744          1751             0   90
963   964        A          1746             2            1746          1748             0   95
964   965        C          1749             7            1751          1758             2  Gas
965   966        B          1750             3            1750          1753             0   95
966   967        B          1750             3            1751          1754             1   90
967   968        C          1751             5            1758          1763             7  Gas
968   969        B          1754             2            1754          1756             0   90
969   970        C          1755             7            1763          1770             8  Gas
970   971        C          1756             3            1770          1773            14  Gas
971   972        B          1759             3            1759          1762             0   95
972   973        C          1760             7            1773          1780            13  Gas
973   974        C          1763             5            1780          1785            17  Gas
974   975        A          1765             3            1765          1768             0   95
975   976        A          1765             3            1768          1771             3   95
976   977        B          1768             2            1768          1770             0   90
977   978        B          1769             1            1771          1772             2   95
978   979        B          1771             2            1772          1774             1   95
979   980        B          1773             1            1773          1774             0   90
980   981        C          1776             5            1776          1781             0   90
981   982        B          1776             2            1781          1783             5   90
982   983        B          1778             3            1783          1786             5   90
983   984        A          1780             1            1780          1781             0   95
984   985        B          1783             1            1783          1784             0   95
985   986        C          1783             7            1786          1793             3   90
986   987        C          1783             5            1785          1790             2  Gas
987   988        C          1785             5            1790          1795             5  Gas
988   989        C          1788             5            1795          1800             7  Gas
989   990        B          1791             1            1793          1794             2   90
990   991        B          1794             3            1794          1797             0   95
991   992        B          1796             2            1796          1798             0   90
992   993        A          1799             2            1799          1801             0   95
993   994        B          1802             1            1802          1803             0   95
994   995        C          1803             7            1803          1810             0  Gas
995   996        A          1804             2            1804          1806             0   95
996   997        A          1805             3            1806          1809             1   95
997   998        C          1805             5            1805          1810             0   90
998   999        C          1806             3            1810          1813             4  Gas
999  1000        C          1808             5            1813          1818             5  Gas