      Car Category  Arrival Time  Service Time  Service Begins  Service Ends  Waiting Time Pump
0       1        B             1             1               1             2             0   90
1       2        B             4             2               4             6             0   90
2       3        A             5             3               5             8             0   95
3       4        B             5             1               6             7             1   90
4       5        B             6             3               7            10             1   90
5       6        B             9             1               9            10             0   95
6       7        A            12             1              12            13             0   95
7       8        B            14             3              14            17             0   90
8       9        B            14             2              14            16             0   95
9      10        B            15             2              17            19             2   90
10     11        B            18             2              18            20             0   95
11     12        B            21             3              21            24             0   95
12     13        A            22             3              24            27             2   95
13     14        C            25             5              25            30             0  Gas
14     15        C            27             7              30            37             3  Gas
15     16        B            29             2              29            31             0   95
16     17        B            30             3              31            34             1   95
17     18        A            33             3              34            37             1   95
18     19        B            36             2              37            39             1   95
19     20        C            37             5              37            42             0  Gas
20     21        A            40             3              40            43             0   95
21     22        C            43             5              43            48             0  Gas
22     23        B            46             3              46            49             0   90
23     24        C            47             5              48            53             1  Gas
24     25        B            49             2              49            51             0   90
25     26        B            49             2              49            51             0   95
26     27        B            50             3              51            54             1   90
27     28        B            51             2              51            53             0   95
28     29        C            52             5              53            58             1  Gas
29     30        A            55             2              55            57             0   95
30     31        A            58             2              58            60             0   95
31     32        C            61             7              61            68             0  Gas
32     33        A            62             2              62            64             0   95
33     34        B            63             2              64            66             1   95
34     35        C            65             7              68            75             3  Gas
35     36        C            66             3              66            69             0   90
36     37        C            69             3              75            78             6  Gas
37     38        B            69             2              69            71             0   95
38     39        B            72             3              72            75             0   90
39     40        C            74             5              78            83             4  Gas
40     41        A            77             2              77            79             0   95
41     42        A            80             2              80            82             0   95
42     43        C            83             5              83            88             0  Gas
43     44        B            86             2              86            88             0   90
44     45        C            87             7              88            95             1   90
45     46        B            90             2              95            97             5   90
46     47        B            90             3              97           100             7   90
47     48        C            92             7              92            99             0  Gas
48     49        B            94             3              94            97             0   95
49     50        B            95             1              97            98             2   95
50     51        C            95             5             100           105             5   90
51     52        C            95             3             105           108            10   90
52     53        B            97             3              98           101             1   95
53     54        A           100             2             101           103             1   95
54     55        A           103             3             103           106             0   95
55     56        A           104             1             106           107             2   95
56     57        A           104             3             107           110             3   95
57     58        A           105             2             110           112             5   95
58     59        C           108             5             108           113             0  Gas
59     60        B           110             2             112           114             2   95
60     61        C           113             5             113           118             0   90
61     62        C           115             3             115           118             0  Gas
62     63        B           116             3             116           119             0   95
63     64        B           118             3             119           122             1   95
64     65        C           121             3             121           124             0   90
65     66        C           123             5             123           128             0  Gas
66     67        B           126             3             126           129             0   90
67     68        A           127             3             127           130             0   95
68     69        C           130             5             130           135             0  Gas
69     70        B           132             1             132           133             0   90
70     71        A           133             3             133           136             0   95
71     72        A           135             2             136           138             1   95
72     73        C           136             7             136           143             0  Gas
73     74        B           136             1             138           139             2   95
74     75        C           139             5             143           148             4  Gas
75     76        A           142             1             142           143             0   95
76     77        A           143             2             143           145             0   95
77     78        C           146             5             148           153             2  Gas
78     79        A           149             3             149           152             0   95
79     80        B           150             3             152           155             2   95
80     81        A           150             3             155           158             5   95
81     82        C           152             5             152           157             0   90
82     83        C           153             5             153           158             0  Gas
83     84        C           156             7             157           164             1   90
84     85        A           159             1             159           160             0   95
85     86        C           160             3             164           167             4   90
86     87        C           163             7             167           174             4   90
87     88        A           164             2             164           166             0   95
88     89        C           165             3             174           177             9   90
89     90        C           167             7             177           184            10   90
90     91        C           169             5             169           174             0  Gas
91     92        A           170             2             170           172             0   95
92     93        B           171             2             184           186            13   90
93     94        B           172             2             172           174             0   95
94     95        A           175             3             175           178             0   95
95     96        C           178             5             178           183             0  Gas
96     97        B           180             1             186           187             6   90
97     98        C           181             7             183           190             2  Gas
98     99        C           183             5             190           195             7  Gas
99    100        B           183             3             187           190             4   90
100   101        C           186             5             190           195             4   90
101   102        B           188             2             195           197             7   90
102   103        B           191             2             191           193             0   95
103   104        C           194             5             195           200             1  Gas
104   105        C           197             3             200           203             3  Gas
105   106        C           200             7             203           210             3  Gas
106   107        C           201             5             201           206             0   90
107   108        A           202             2             202           204             0   95
108   109        B           204             1             204           205             0   95
109   110        C           207             5             210           215             3  Gas
110   111        C           210             5             215           220             5  Gas
111   112        B           211             2             211           213             0   95
112   113        C           213             5             220           225             7  Gas
113   114        A           214             3             214           217             0   95
114   115        B           216             3             217           220             1   95
115   116        B           219             1             219           220             0   90
116   117        A           219             3             220           223             1   95
117   118        B           219             3             220           223             1   90
118   119        B           221             3             223           226             2   95
119   120        B           223             2             226           228             3   95
120   121        B           226             2             228           230             2   95
121   122        A           226             3             230           233             4   95
122   123        B           227             2             233           235             6   95
123   124        A           228             3             235           238             7   95
124   125        A           229             1             238           239             9   95
125   126        C           229             3             229           232             0  Gas
126   127        C           230             3             232           235             2  Gas
127   128        C           232             7             235           242             3  Gas
128   129        B           233             3             233           236             0   90
129   130        C           235             3             236           239             1   90
130   131        B           237             3             239           242             2   90
131   132        A           237             2             239           241             2   95
132   133        C           238             3             242           245             4   90
133   134        A           241             2             241           243             0   95
134   135        A           244             3             244           247             0   95
135   136        B           244             3             247           250             3   95
136   137        C           244             7             245           252             1   90
137   138        B           246             2             250           252             4   95
138   139        C           248             7             248           255             0  Gas
139   140        C           250             5             252           257             2   90
140   141        A           252             2             252           254             0   95
141   142        A           253             3             254           257             1   95
142   143        C           256             3             256           259             0  Gas
143   144        A           259             1             259           260             0   95
144   145        A           260             2             260           262             0   95
145   146        B           263             3             263           266             0   95
146   147        B           266             3             266           269             0   95
147   148        C           268             5             268           273             0  Gas
148   149        A           271             3             271           274             0   95
149   150        C           272             5             273           278             1  Gas
150   151        B           275             3             275           278             0   95
151   152        C           277             7             278           285             1  Gas
152   153        B           280             2             280           282             0   90
153   154        B           281             2             281           283             0   95
154   155        C           281             3             282           285             1   90
155   156        C           281             3             285           288             4  Gas
156   157        C           284             5             285           290             1   90
157   158        C           287             7             288           295             1  Gas
158   159        C           289             5             290           295             1   90
159   160        C           290             3             295           298             5  Gas
160   161        C           293             5             295           300             2   90
161   162        C           293             5             298           303             5  Gas
162   163        B           293             3             300           303             7   90
163   164        C           295             5             303           308             8  Gas
164   165        A           298             3             298           301             0   95
165   166        C           299             5             308           313             9  Gas
166   167        C           300             7             303           310             3   90
167   168        B           302             2             302           304             0   95
168   169        B           304             2             304           306             0   95
169   170        C           306             7             313           320             7  Gas
170   171        C           308             7             320           327            12  Gas
171   172        B           310             3             310           313             0   90
172   173        C           312             7             313           320             1   90
173   174        C           313             7             327           334            14  Gas
174   175        A           316             2             316           318             0   95
175   176        B           317             3             318           321             1   95
176   177        C           320             7             320           327             0   90
177   178        C           322             7             327           334             5   90
178   179        C           322             5             334           339            12   90
179   180        B           322             3             322           325             0   95
180   181        B           325             3             325           328             0   95
181   182        C           328             3             339           342            11   90
182   183        A           329             2             329           331             0   95
183   184        C           330             5             334           339             4  Gas
184   185        B           330             3             331           334             1   95
185   186        A           331             1             334           335             3   95
186   187        B           333             2             335           337             2   95
187   188        B           334             3             342           345             8   90
188   189        C           335             5             345           350            10   90
189   190        B           338             2             350           352            12   90
190   191        B           341             1             341           342             0   95
191   192        A           343             3             343           346             0   95
192   193        C           346             5             346           351             0  Gas
193   194        B           349             3             349           352             0   95
194   195        B           351             2             352           354             1   90
195   196        C           353             3             354           357             1   90
196   197        C           355             3             355           358             0  Gas
197   198        C           357             5             358           363             1  Gas
198   199        C           359             7             359           366             0   90
199   200        C           360             5             366           371             6   90
200   201        B           362             3             362           365             0   95
201   202        C           363             7             371           378             8   90
202   203        B           365             3             365           368             0   95
203   204        C           365             5             365           370             0  Gas
204   205        B           366             3             368           371             2   95
205   206        A           368             2             371           373             3   95
206   207        C           371             7             371           378             0  Gas
207   208        B           374             2             374           376             0   95
208   209        C           374             7             378           385             4  Gas
209   210        A           377             1             377           378             0   95
210   211        B           378             1             378           379             0   95
211   212        C           381             5             381           386             0   90
212   213        B           381             3             381           384             0   95
213   214        B           383             2             384           386             1   95
214   215        A           386             3             386           389             0   95
215   216        B           386             3             389           392             3   95
216   217        A           386             3             392           395             6   95
217   218        C           389             7             389           396             0   90
218   219        C           391             5             396           401             5   90
219   220        B           392             2             395           397             3   95
220   221        B           392             3             397           400             5   95
221   222        C           393             3             401           404             8   90
222   223        C           394             7             404           411            10   90
223   224        B           394             3             411           414            17   90
224   225        B           396             3             414           417            18   90
225   226        C           397             3             397           400             0  Gas
226   227        C           397             7             400           407             3  Gas
227   228        B           400             1             417           418            17   90
228   229        C           402             7             407           414             5  Gas
229   230        B           405             2             418           420            13   90
230   231        C           407             5             414           419             7  Gas
231   232        B           407             2             420           422            13   90
232   233        C           408             7             422           429            14   90
233   234        B           411             3             429           432            18   90
234   235        C           412             5             432           437            20   90
235   236        B           412             3             437           440            25   90
236   237        B           415             3             415           418             0   95
237   238        B           417             3             418           421             1   95
238   239        C           417             5             440           445            23   90
239   240        C           418             7             419           426             1  Gas
240   241        C           419             3             445           448            26   90
241   242        B           422             3             422           425             0   95
242   243        C           423             3             448           451            25   90
243   244        A           425             3             425           428             0   95
244   245        A           428             3             428           431             0   95
245   246        C           431             5             431           436             0  Gas
246   247        C           434             7             436           443             2  Gas
247   248        C           437             5             443           448             6  Gas
248   249        B           440             3             451           454            11   90
249   250        C           443             5             448           453             5  Gas
250   251        B           446             2             446           448             0   95
251   252        B           449             2             449           451             0   95
252   253        B           450             3             451           454             1   95
253   254        C           450             5             453           458             3  Gas
254   255        B           453             3             454           457             1   95
255   256        C           453             5             454           459             1   90
256   257        C           453             5             458           463             5  Gas
257   258        C           456             5             459           464             3   90
258   259        C           457             3             464           467             7   90
259   260        C           458             5             463           468             5  Gas
260   261        C           459             7             468           475             9  Gas
261   262        B           459             2             459           461             0   95
262   263        C           462             3             475           478            13  Gas
263   264        C           463             5             478           483            15  Gas
264   265        B           466             2             466           468             0   95
265   266        B           468             2             468           470             0   90
266   267        C           469             7             483           490            14  Gas
267   268        C           469             7             470           477             1   90
268   269        A           472             3             472           475             0   95
269   270        B           473             3             475           478             2   95
270   271        B           474             1             478           479             4   95
271   272        B           474             1             477           478             3   90
272   273        B           475             2             479           481             4   95
273   274        B           477             2             478           480             1   90
274   275        C           480             7             480           487             0   90
275   276        B           483             2             483           485             0   95
276   277        A           484             3             485           488             1   95
277   278        A           487             1             488           489             1   95
278   279        B           490             3             490           493             0   95
279   280        C           493             3             493           496             0   90
280   281        C           494             7             494           501             0  Gas
281   282        B           496             1             496           497             0   90
282   283        C           496             5             501           506             5  Gas
283   284        B           496             1             497           498             1   90
284   285        C           499             3             499           502             0   90
285   286        A           502             3             502           505             0   95
286   287        C           503             7             506           513             3  Gas
287   288        B           504             3             505           508             1   95
288   289        B           504             2             508           510             4   95
289   290        B           506             3             510           513             4   95
290   291        A           509             3             513           516             4   95
291   292        C           512             7             513           520             1  Gas
292   293        C           512             5             520           525             8  Gas
293   294        C           513             3             525           528            12  Gas
294   295        A           516             2             516           518             0   95
295   296        B           517             3             517           520             0   90
296   297        A           520             3             520           523             0   95
297   298        A           522             2             523           525             1   95
298   299        B           524             2             525           527             1   95
299   300        C           524             7             524           531             0   90
300   301        B           525             3             531           534             6   90
301   302        C           527             7             528           535             1  Gas
302   303        A           527             3             527           530             0   95
303   304        B           528             3             534           537             6   90
304   305        B           531             1             531           532             0   95
305   306        A           534             3             534           537             0   95
306   307        C           537             7             537           544             0   90
307   308        C           539             7             544           551             5   90
308   309        A           541             2             541           543             0   95
309   310        B           544             3             551           554             7   90
310   311        B           546             2             546           548             0   95
311   312        C           548             5             548           553             0  Gas
312   313        C           551             3             553           556             2  Gas
313   314        A           553             2             553           555             0   95
314   315        A           553             1             555           556             2   95
315   316        B           556             2             556           558             0   95
316   317        C           559             5             559           564             0   90
317   318        C           562             7             562           569             0  Gas
318   319        C           563             7             564           571             1   90
319   320        C           566             5             569           574             3  Gas
320   321        C           569             5             574           579             5  Gas
321   322        C           571             7             571           578             0   90
322   323        B           573             3             578           581             5   90
323   324        A           576             3             576           579             0   95
324   325        C           579             3             581           584             2   90
325   326        B           581             3             584           587             3   90
326   327        A           583             2             583           585             0   95
327   328        A           586             2             586           588             0   95
328   329        A           587             2             588           590             1   95
329   330        C           587             3             587           590             0  Gas
330   331        A           589             3             590           593             1   95
331   332        C           590             3             590           593             0  Gas
332   333        A           591             3             593           596             2   95
333   334        C           591             7             591           598             0   90
334   335        A           594             3             596           599             2   95
335   336        B           597             2             599           601             2   95
336   337        C           597             5             598           603             1   90
337   338        C           600             5             600           605             0  Gas
338   339        C           602             5             605           610             3  Gas
339   340        A           602             1             602           603             0   95
340   341        B           604             3             604           607             0   95
341   342        C           604             7             610           617             6  Gas
342   343        C           607             5             607           612             0   90
343   344        C           609             7             617           624             8  Gas
344   345        B           609             3             612           615             3   90
345   346        A           612             2             612           614             0   95
346   347        C           614             7             624           631            10  Gas
347   348        B           617             3             617           620             0   95
348   349        C           620             5             631           636            11  Gas
349   350        C           623             7             623           630             0   90
350   351        B           626             2             626           628             0   95
351   352        B           629             1             630           631             1   90
352   353        A           631             3             631           634             0   95
353   354        B           633             3             633           636             0   90
354   355        C           634             7             636           643             2  Gas
355   356        C           635             7             643           650             8  Gas
356   357        B           636             3             636           639             0   95
357   358        B           636             1             636           637             0   90
358   359        C           639             7             650           657            11  Gas
359   360        C           641             3             657           660            16  Gas
360   361        C           643             7             643           650             0   90
361   362        C           645             7             660           667            15  Gas
362   363        B           648             3             648           651             0   95
363   364        C           650             7             667           674            17  Gas
364   365        B           653             1             653           654             0   90
365   366        A           655             3             655           658             0   95
366   367        C           657             3             674           677            17  Gas
367   368        C           660             3             660           663             0   90
368   369        B           660             2             663           665             3   90
369   370        C           660             7             665           672             5   90
370   371        C           663             7             672           679             9   90
371   372        B           664             3             664           667             0   95
372   373        B           666             2             679           681            13   90
373   374        A           668             3             668           671             0   95
374   375        C           670             5             677           682             7  Gas
375   376        C           673             5             682           687             9  Gas
376   377        C           674             3             681           684             7   90
377   378        B           674             3             674           677             0   95
378   379        C           677             3             687           690            10  Gas
379   380        B           678             3             678           681             0   95
380   381        B           681             1             684           685             3   90
381   382        B           684             1             685           686             1   90
382   383        C           686             5             686           691             0   90
383   384        C           689             5             691           696             2   90
384   385        B           690             3             690           693             0   95
385   386        C           693             7             696           703             3   90
386   387        C           695             5             695           700             0  Gas
387   388        A           698             3             698           701             0   95
388   389        B           700             2             701           703             1   95
389   390        A           701             3             703           706             2   95
390   391        B           704             2             706           708             2   95
391   392        C           704             5             704           709             0   90
392   393        B           704             2             708           710             4   95
393   394        C           705             7             709           716             4   90
394   395        A           708             2             710           712             2   95
395   396        B           709             3             712           715             3   95
396   397        A           712             1             715           716             3   95
397   398        A           714             3             716           719             2   95
398   399        B           717             2             719           721             2   95
399   400        A           717             3             721           724             4   95
400   401        B           717             1             717           718             0   90
401   402        C           719             7             719           726             0   90
402   403        C           722             7             722           729             0  Gas
403   404        A           725             3             725           728             0   95
404   405        B           728             3             728           731             0   90
405   406        B           731             2             731           733             0   95
406   407        C           731             7             731           738             0   90
407   408        A           734             3             734           737             0   95
408   409        B           736             3             737           740             1   95
409   410        B           739             3             739           742             0   90
410   411        A           742             1             742           743             0   95
411   412        B           744             2             744           746             0   95
412   413        B           747             3             747           750             0   90
413   414        A           748             3             748           751             0   95
414   415        B           750             2             750           752             0   90
415   416        C           753             7             753           760             0  Gas
416   417        B           755             1             755           756             0   95
417   418        B           756             3             756           759             0   95
418   419        B           757             2             759           761             2   95
419   420        A           759             3             761           764             2   95
420   421        C           761             7             761           768             0  Gas
421   422        B           763             2             763           765             0   90
422   423        B           764             2             764           766             0   95
423   424        C           767             3             768           771             1  Gas
424   425        A           770             2             770           772             0   95
425   426        C           771             7             771           778             0  Gas
426   427        B           774             2             774           776             0   95
427   428        C           775             7             778           785             3  Gas
428   429        B           777             3             777           780             0   90
429   430        A           779             2             779           781             0   95
430   431        B           781             3             781           784             0   95
431   432        C           781             5             785           790             4  Gas
432   433        A           783             3             784           787             1   95
433   434        A           786             3             787           790             1   95
434   435        C           788             7             790           797             2  Gas
435   436        B           788             1             788           789             0   90
436   437        C           790             5             797           802             7  Gas
437   438        B           793             3             793           796             0   90
438   439        C           793             5             796           801             3   90
439   440        A           796             1             796           797             0   95
440   441        C           798             7             802           809             4  Gas
441   442        C           800             7             809           816             9  Gas
442   443        C           803             5             803           808             0   90
443   444        B           806             1             806           807             0   95
444   445        B           809             1             809           810             0   90
445   446        C           812             5             816           821             4  Gas
446   447        C           815             7             815           822             0   90
447   448        B           815             3             815           818             0   95
448   449        C           816             5             822           827             6   90
449   450        C           819             5             821           826             2  Gas
450   451        A           822             1             822           823             0   95
451   452        B           823             1             827           828             4   90
452   453        B           825             1             825           826             0   95
453   454        C           825             3             826           829             1  Gas
454   455        C           827             5             828           833             1   90
455   456        C           830             7             833           840             3   90
456   457        B           833             3             833           836             0   95
457   458        C           836             3             840           843             4   90
458   459        C           838             3             843           846             5   90
459   460        B           841             3             841           844             0   95
460   461        C           843             7             843           850             0  Gas
461   462        B           845             1             845           846             0   95
462   463        B           846             2             846           848             0   90
463   464        B           849             2             849           851             0   90
464   465        C           852             5             852           857             0   90
465   466        C           853             5             853           858             0  Gas
466   467        C           856             7             858           865             2  Gas
467   468        B           858             1             858           859             0   90
468   469        C           861             3             861           864             0   90
469   470        C           863             5             865           870             2  Gas
470   471        C           863             5             870           875             7  Gas
471   472        B           863             3             863           866             0   95
472   473        C           866             5             875           880             9  Gas
473   474        B           867             3             867           870             0   90
474   475        C           867             5             870           875             3   90
475   476        B           868             3             875           878             7   90
476   477        B           871             3             871           874             0   95
477   478        C           872             5             880           885             8  Gas
478   479        B           873             1             874           875             1   95
479   480        C           876             5             885           890             9  Gas
480   481        A           878             1             878           879             0   95
481   482        C           878             5             890           895            12  Gas
482   483        C           881             5             895           900            14  Gas
483   484        C           882             5             900           905            18  Gas
484   485        C           885             5             905           910            20  Gas
485   486        C           886             5             910           915            24  Gas
486   487        B           888             2             888           890             0   90
487   488        A           891             3             891           894             0   95
488   489        C           892             5             915           920            23  Gas
489   490        C           894             5             920           925            26  Gas
490   491        B           894             2             894           896             0   95
491   492        B           894             3             894           897             0   90
492   493        C           897             5             925           930            28  Gas
493   494        B           897             3             897           900             0   95
494   495        C           897             7             897           904             0   90
495   496        B           899             2             900           902             1   95
496   497        B           902             1             902           903             0   95
497   498        C           902             7             930           937            28  Gas
498   499        C           905             3             937           940            32  Gas
499   500        A           907             3             907           910             0   95
500   501        C           910             5             940           945            30  Gas
501   502        A           912             2             912           914             0   95
502   503        B           915             1             915           916             0   95
503   504        C           918             5             918           923             0   90
504   505        C           919             7             945           952            26  Gas
505   506        B           922             3             922           925             0   95
506   507        A           923             1             925           926             2   95
507   508        B           926             2             926           928             0   95
508   509        C           929             5             929           934             0   90
509   510        C           932             7             952           959            20  Gas
510   511        A           934             2             934           936             0   95
511   512        C           935             3             959           962            24  Gas
512   513        C           938             5             962           967            24  Gas
513   514        C           941             7             967           974            26  Gas
514   515        A           942             3             942           945             0   95
515   516        A           945             2             945           947             0   95
516   517        B           945             3             947           950             2   95
517   518        C           945             5             945           950             0   90
518   519        C           945             3             950           953             5   90
519   520        C           948             7             974           981            26  Gas
520   521        A           948             1             950           951             2   95
521   522        C           950             5             953           958             3   90
522   523        B           953             2             953           955             0   95
523   524        C           956             5             981           986            25  Gas
524   525        A           957             1             957           958             0   95
525   526        B           958             1             958           959             0   90
526   527        C           960             3             986           989            26  Gas
527   528        C           962             5             962           967             0   90
528   529        B           963             3             963           966             0   95
529   530        B           964             2             966           968             2   95
530   531        C           967             7             989           996            22  Gas
531   532        C           970             7             996          1003            26  Gas
532   533        A           972             3             972           975             0   95
533   534        C           975             5            1003          1008            28  Gas
534   535        A           978             1             978           979             0   95
535   536        B           980             3             980           983             0   95
536   537        C           980             5            1008          1013            28  Gas
537   538        B           983             3             983           986             0   90
538   539        B           986             2             986           988             0   95
539   540        A           988             2             988           990             0   95
540   541        B           989             2             989           991             0   90
541   542        C           992             3            1013          1016            21  Gas
542   543        C           995             7            1016          1023            21  Gas
543   544        B           998             3             998          1001             0   90
544   545        C          1000             3            1023          1026            23  Gas
545   546        B          1003             1            1003          1004             0   95
546   547        B          1006             3            1006          1009             0   95
547   548        B          1006             3            1009          1012             3   95
548   549        C          1008             7            1008          1015             0   90
549   550        A          1011             3            1012          1015             1   95
550   551        C          1012             5            1026          1031            14  Gas
551   552        C          1013             5            1015          1020             2   90
552   553        C          1013             5            1031          1036            18  Gas
553   554        C          1014             5            1036          1041            22  Gas
554   555        C          1014             7            1041          1048            27  Gas
555   556        C          1017             3            1048          1051            31  Gas
556   557        C          1017             3            1051          1054            34  Gas
557   558        B          1018             3            1020          1023             2   90
558   559        B          1020             2            1023          1025             3   90
559   560        C          1020             3            1054          1057            34  Gas
560   561        C          1023             7            1025          1032             2   90
561   562        A          1026             1            1026          1027             0   95
562   563        B          1027             3            1032          1035             5   90
563   564        A          1030             2            1030          1032             0   95
564   565        A          1032             3            1032          1035             0   95
565   566        C          1032             7            1057          1064            25  Gas
566   567        C          1032             7            1035          1042             3   90
567   568        B          1035             3            1042          1045             7   90
568   569        B          1037             3            1045          1048             8   90
569   570        B          1038             2            1038          1040             0   95
570   571        C          1040             5            1048          1053             8   90
571   572        B          1043             3            1053          1056            10   90
572   573        A          1044             3            1044          1047             0   95
573   574        C          1047             5            1064          1069            17  Gas
574   575        C          1050             3            1056          1059             6   90
575   576        C          1053             7            1059          1066             6   90
576   577        A          1054             2            1054          1056             0   95
577   578        C          1054             5            1069          1074            15  Gas
578   579        A          1056             2            1056          1058             0   95
579   580        B          1057             2            1066          1068             9   90
580   581        C          1059             3            1074          1077            15  Gas
581   582        B          1061             3            1061          1064             0   95
582   583        B          1064             3            1068          1071             4   90
583   584        B          1065             3            1071          1074             6   90
584   585        B          1066             3            1066          1069             0   95
585   586        C          1068             5            1074          1079             6   90
586   587        C          1071             5            1079          1084             8   90
587   588        C          1071             3            1084          1087            13   90
588   589        A          1073             1            1073          1074             0   95
589   590        C          1076             5            1077          1082             1  Gas
590   591        B          1077             3            1087          1090            10   90
591   592        A          1079             3            1079          1082             0   95
592   593        C          1080             7            1082          1089             2  Gas
593   594        B          1083             1            1083          1084             0   95
594   595        B          1086             3            1090          1093             4   90
595   596        A          1089             2            1089          1091             0   95
596   597        C          1092             5            1092          1097             0  Gas
597   598        A          1094             3            1094          1097             0   95
598   599        A          1096             3            1097          1100             1   95
599   600        B          1096             1            1100          1101             4   95
600   601        C          1098             5            1098          1103             0  Gas
601   602        B          1101             2            1101          1103             0   95
602   603        B          1103             1            1103          1104             0   90
603   604        C          1103             5            1103          1108             0  Gas
604   605        C          1103             5            1108          1113             5  Gas
605   606        C          1105             5            1113          1118             8  Gas
606   607        B          1107             3            1107          1110             0   95
607   608        C          1109             7            1109          1116             0   90
608   609        C          1112             3            1116          1119             4   90
609   610        C          1113             3            1118          1121             5  Gas
610   611        B          1116             1            1116          1117             0   95
611   612        B          1116             2            1119          1121             3   90
612   613        C          1116             5            1121          1126             5   90
613   614        B          1117             3            1117          1120             0   95
614   615        A          1117             2            1120          1122             3   95
615   616        C          1119             5            1121          1126             2  Gas
616   617        A          1120             3            1122          1125             2   95
617   618        B          1123             3            1126          1129             3   90
618   619        A          1123             2            1125          1127             2   95
619   620        B          1126             1            1127          1128             1   95
620   621        A          1126             3            1128          1131             2   95
621   622        C          1129             5            1129          1134             0  Gas
622   623        B          1130             3            1130          1133             0   90
623   624        B          1133             1            1133          1134             0   95
624   625        B          1136             1            1136          1137             0   95
625   626        B          1138             1            1138          1139             0   90
626   627        C          1139             5            1139          1144             0  Gas
627   628        C          1142             7            1144          1151             2  Gas
628   629        C          1142             3            1142          1145             0   90
629   630        A          1143             2            1143          1145             0   95
630   631        C          1143             5            1151          1156             8  Gas
631   632        B          1143             3            1145          1148             2   90
632   633        C          1146             5            1156          1161            10  Gas
633   634        B          1146             3            1146          1149             0   95
634   635        B          1149             3            1149          1152             0   90
635   636        C          1151             3            1161          1164            10  Gas
636   637        C          1154             5            1164          1169            10  Gas
637   638        C          1155             5            1169          1174            14  Gas
638   639        B          1157             3            1157          1160             0   95
639   640        C          1159             7            1159          1166             0   90
640   641        B          1161             2            1161          1163             0   95
641   642        C          1161             7            1166          1173             5   90
642   643        A          1164             2            1164          1166             0   95
643   644        C          1167             3            1174          1177             7  Gas
644   645        C          1167             3            1177          1180            10  Gas
645   646        B          1168             1            1173          1174             5   90
646   647        B          1168             3            1168          1171             0   95
647   648        A          1171             3            1171          1174             0   95
648   649        C          1174             7            1180          1187             6  Gas
649   650        A          1177             3            1177          1180             0   95
650   651        C          1178             3            1187          1190             9  Gas
651   652        C          1179             7            1190          1197            11  Gas
652   653        B          1182             2            1182          1184             0   90
653   654        C          1185             7            1197          1204            12  Gas
654   655        B          1185             3            1185          1188             0   95
655   656        A          1188             3            1188          1191             0   95
656   657        B          1189             1            1191          1192             2   95
657   658        A          1189             2            1192          1194             3   95
658   659        C          1192             7            1204          1211            12  Gas
659   660        B          1195             2            1195          1197             0   90
660   661        B          1197             2            1197          1199             0   95
661   662        C          1200             7            1200          1207             0   90
662   663        C          1200             3            1207          1210             7   90
663   664        A          1202             1            1202          1203             0   95
664   665        A          1205             3            1205          1208             0   95
665   666        B          1208             2            1210          1212             2   90
666   667        B          1209             3            1209          1212             0   95
667   668        A          1210             1            1212          1213             2   95
668   669        B          1213             3            1213          1216             0   90
669   670        C          1214             5            1216          1221             2   90
670   671        C          1215             7            1215          1222             0  Gas
671   672        A          1215             3            1215          1218             0   95
672   673        B          1218             2            1218          1220             0   95
673   674        B          1221             2            1221          1223             0   95
674   675        C          1222             5            1222          1227             0   90
675   676        C          1223             7            1223          1230             0  Gas
676   677        C          1226             5            1227          1232             1   90
677   678        A          1227             1            1227          1228             0   95
678   679        B          1229             3            1229          1232             0   95
679   680        C          1232             3            1232          1235             0  Gas
680   681        C          1235             7            1235          1242             0   90
681   682        A          1235             3            1235          1238             0   95
682   683        C          1236             3            1236          1239             0  Gas
683   684        A          1239             3            1239          1242             0   95
684   685        B          1239             2            1242          1244             3   95
685   686        C          1240             3            1240          1243             0  Gas
686   687        B          1243             3            1243          1246             0   90
687   688        C          1246             7            1246          1253             0  Gas
688   689        C          1249             3            1249          1252             0   90
689   690        B          1251             3            1251          1254             0   95
690   691        B          1254             1            1254          1255             0   95
691   692        C          1255             5            1255          1260             0   90
692   693        B          1258             2            1260          1262             2   90
693   694        C          1259             5            1262          1267             3   90
694   695        C          1261             7            1267          1274             6   90
695   696        C          1261             7            1261          1268             0  Gas
696   697        C          1261             3            1268          1271             7  Gas
697   698        B          1264             1            1264          1265             0   95
698   699        B          1264             2            1274          1276            10   90
699   700        C          1265             5            1276          1281            11   90
700   701        A          1268             3            1268          1271             0   95
701   702        A          1271             3            1271          1274             0   95
702   703        C          1273             3            1273          1276             0  Gas
703   704        A          1276             2            1276          1278             0   95
704   705        A          1276             2            1278          1280             2   95
705   706        C          1279             3            1281          1284             2   90
706   707        B          1281             3            1281          1284             0   95
707   708        A          1284             2            1284          1286             0   95
708   709        A          1286             3            1286          1289             0   95
709   710        C          1287             5            1287          1292             0  Gas
710   711        C          1288             5            1292          1297             4  Gas
711   712        B          1290             3            1290          1293             0   90
712   713        C          1293             5            1297          1302             4  Gas
713   714        B          1294             3            1294          1297             0   95
714   715        B          1295             2            1297          1299             2   95
715   716        A          1298             2            1299          1301             1   95
716   717        C          1299             7            1299          1306             0   90
717   718        A          1300             3            1301          1304             1   95
718   719        A          1303             3            1304          1307             1   95
719   720        B          1303             3            1306          1309             3   90
720   721        C          1306             5            1306          1311             0  Gas
721   722        C          1309             5            1309          1314             0   90
722   723        C          1312             7            1314          1321             2   90
723   724        B          1314             3            1314          1317             0   95
724   725        C          1317             5            1317          1322             0  Gas
725   726        A          1320             2            1320          1322             0   95
726   727        C          1323             5            1323          1328             0   90
727   728        B          1325             3            1325          1328             0   95
728   729        B          1326             2            1328          1330             2   90
729   730        A          1326             3            1328          1331             2   95
730   731        B          1329             3            1331          1334             2   95
731   732        C          1330             7            1330          1337             0   90
732   733        C          1332             7            1337          1344             5   90
733   734        C          1333             7            1333          1340             0  Gas
734   735        C          1335             5            1340          1345             5  Gas
735   736        A          1336             1            1336          1337             0   95
736   737        C          1338             5            1345          1350             7  Gas
737   738        C          1340             7            1350          1357            10  Gas
738   739        A          1342             3            1342          1345             0   95
739   740        B          1342             2            1344          1346             2   90
740   741        C          1344             7            1357          1364            13  Gas
741   742        C          1345             5            1364          1369            19  Gas
742   743        B          1346             3            1346          1349             0   90
743   744        A          1349             3            1349          1352             0   95
744   745        B          1350             1            1350          1351             0   90
745   746        C          1353             7            1369          1376            16  Gas
746   747        C          1356             3            1376          1379            20  Gas
747   748        C          1358             5            1379          1384            21  Gas
748   749        B          1360             2            1360          1362             0   95
749   750        C          1360             7            1384          1391            24  Gas
750   751        C          1360             7            1391          1398            31  Gas
751   752        C          1360             5            1398          1403            38  Gas
752   753        A          1363             3            1363          1366             0   95
753   754        C          1363             7            1363          1370             0   90
754   755        C          1365             5            1370          1375             5   90
755   756        B          1367             1            1375          1376             8   90
756   757        C          1370             5            1403          1408            33  Gas
757   758        A          1372             3            1372          1375             0   95
758   759        C          1373             7            1408          1415            35  Gas
759   760        B          1376             3            1376          1379             0   95
760   761        C          1379             5            1379          1384             0   90
761   762        C          1382             7            1415          1422            33  Gas
762   763        B          1385             2            1385          1387             0   90
763   764        C          1385             7            1387          1394             2   90
764   765        C          1388             5            1394          1399             6   90
765   766        B          1390             3            1390          1393             0   95
766   767        B          1393             1            1393          1394             0   95
767   768        B          1395             3            1399          1402             4   90
768   769        A          1398             3            1398          1401             0   95
769   770        C          1399             5            1422          1427            23  Gas
770   771        A          1401             2            1401          1403             0   95
771   772        B          1401             3            1402          1405             1   90
772   773        C          1402             7            1405          1412             3   90
773   774        C          1402             5            1412          1417            10   90
774   775        C          1405             3            1427          1430            22  Gas
775   776        C          1406             5            1430          1435            24  Gas
776   777        B          1407             3            1407          1410             0   95
777   778        B          1410             2            1417          1419             7   90
778   779        C          1413             5            1419          1424             6   90
779   780        C          1415             5            1435          1440            20  Gas
780   781        C          1415             5            1424          1429             9   90
781   782        C          1416             7            1429          1436            13   90
782   783        B          1419             1            1436          1437            17   90
783   784        A          1422             3            1422          1425             0   95
784   785        C          1425             5            1437          1442            12   90
785   786        C          1425             5            1442          1447            17   90
786   787        B          1427             3            1427          1430             0   95
787   788        C          1428             7            1440          1447            12  Gas
788   789        B          1430             2            1447          1449            17   90
789   790        C          1433             5            1449          1454            16   90
790   791        B          1436             2            1436          1438             0   95
791   792        C          1438             7            1454          1461            16   90
792   793        A          1440             3            1440          1443             0   95
793   794        C          1443             5            1461          1466            18   90
794   795        C          1446             7            1447          1454             1  Gas
795   796        C          1447             7            1454          1461             7  Gas
796   797        C          1449             5            1461          1466            12  Gas
797   798        B          1451             2            1466          1468            15   90
798   799        B          1454             3            1454          1457             0   95
799   800        B          1454             3            1457          1460             3   95
800   801        C          1455             5            1468          1473            13   90
801   802        B          1458             3            1473          1476            15   90
802   803        B          1458             3            1460          1463             2   95
803   804        A          1460             3            1463          1466             3   95
804   805        B          1462             1            1476          1477            14   90
805   806        A          1465             1            1466          1467             1   95
806   807        C          1466             7            1466          1473             0  Gas
807   808        B          1468             1            1468          1469             0   95
808   809        C          1471             7            1477          1484             6   90
809   810        B          1472             3            1484          1487            12   90
810   811        C          1473             5            1473          1478             0  Gas
811   812        A          1475             1            1475          1476             0   95
812   813        C          1478             5            1478          1483             0  Gas
813   814        C          1481             3            1487          1490             6   90
814   815        B          1484             2            1484          1486             0   95
815   816        B          1484             2            1490          1492             6   90
816   817        C          1484             7            1484          1491             0  Gas
817   818        B          1487             2            1487          1489             0   95
818   819        B          1487             3            1489          1492             2   95
819   820        C          1489             5            1492          1497             3   90
820   821        C          1491             3            1491          1494             0  Gas
821   822        B          1494             3            1494          1497             0   95
822   823        C          1497             7            1497          1504             0   90
823   824        C          1499             7            1499          1506             0  Gas
824   825        C          1502             7            1504          1511             2   90
825   826        C          1505             3            1511          1514             6   90
826   827        B          1508             2            1508          1510             0   95
827   828        C          1511             5            1514          1519             3   90
828   829        B          1514             2            1514          1516             0   95
829   830        A          1514             2            1516          1518             2   95
830   831        C          1517             3            1517          1520             0  Gas
831   832        B          1518             2            1519          1521             1   90
832   833        C          1519             5            1520          1525             1  Gas
833   834        A          1522             1            1522          1523             0   95
834   835        B          1523             3            1523          1526             0   95
835   836        B          1525             3            1525          1528             0   90
836   837        C          1528             5            1528          1533             0  Gas
837   838        C          1531             3            1531          1534             0   90
838   839        C          1534             5            1534          1539             0  Gas
839   840        A          1534             2            1534          1536             0   95
840   841        C          1537             5            1539          1544             2  Gas
841   842        C          1539             5            1539          1544             0   90
842   843        B          1539             3            1539          1542             0   95
843   844        C          1542             5            1544          1549             2   90
844   845        C          1545             7            1549          1556             4   90
845   846        A          1547             3            1547          1550             0   95
846   847        B          1550             3            1556          1559             6   90
847   848        C          1553             5            1553          1558             0  Gas
848   849        C          1554             5            1559          1564             5   90
849   850        A          1556             3            1556          1559             0   95
850   851        A          1559             2            1559          1561             0   95
851   852        C          1560             3            1564          1567             4   90
852   853        A          1562             2            1562          1564             0   95
853   854        B          1563             3            1567          1570             4   90
854   855        C          1564             3            1564          1567             0  Gas
855   856        C          1566             7            1567          1574             1  Gas
856   857        A          1567             3            1567          1570             0   95
857   858        A          1570             3            1570          1573             0   95
858   859        B          1571             2            1571          1573             0   90
859   860        B          1574             2            1574          1576             0   90
860   861        A          1577             2            1577          1579             0   95
861   862        B          1580             3            1580          1583             0   90
862   863        B          1582             3            1582          1585             0   95
863   864        C          1584             3            1584          1587             0   90
864   865        A          1586             3            1586          1589             0   95
865   866        C          1587             5            1587          1592             0  Gas
866   867        A          1589             3            1589          1592             0   95
867   868        B          1591             3            1592          1595             1   95
868   869        C          1591             3            1592          1595             1  Gas
869   870        C          1594             5            1594          1599             0   90
870   871        A          1597             2            1597          1599             0   95
871   872        C          1600             7            1600          1607             0  Gas
872   873        B          1601             3            1601          1604             0   95
873   874        A          1602             3            1604          1607             2   95
874   875        C          1602             5            1602          1607             0   90
875   876        C          1605             5            1607          1612             2  Gas
876   877        C          1607             7            1612          1619             5  Gas
877   878        B          1609             1            1609          1610             0   90
878   879        C          1610             3            1610          1613             0   90
879   880        C          1611             5            1619          1624             8  Gas
880   881        C          1611             5            1613          1618             2   90
881   882        C          1614             5            1618          1623             4   90
882   883        B          1616             3            1616          1619             0   95
883   884        C          1619             5            1624          1629             5  Gas
884   885        C          1622             5            1629          1634             7  Gas
885   886        C          1625             7            1634          1641             9  Gas
886   887        A          1627             3            1627          1630             0   95
887   888        C          1629             5            1641          1646            12  Gas
888   889        A          1630             2            1630          1632             0   95
889   890        A          1633             3            1633          1636             0   95
890   891        C          1636             5            1646          1651            10  Gas
891   892        B          1638             3            1638          1641             0   95
892   893        A          1640             3            1641          1644             1   95
893   894        B          1643             2            1643          1645             0   90
894   895        B          1644             2            1645          1647             1   90
895   896        B          1646             2            1646          1648             0   95
896   897        A          1648             3            1648          1651             0   95
897   898        B          1651             3            1651          1654             0   95
898   899        C          1653             5            1653          1658             0   90
899   900        B          1653             3            1654          1657             1   95
900   901        C          1653             3            1653          1656             0  Gas
901   902        B          1656             2            1657          1659             1   95
902   903        C          1658             7            1658          1665             0   90
903   904        A          1658             3            1659          1662             1   95
904   905        B          1661             3            1662          1665             1   95
905   906        C          1663             5            1665          1670             2   90
906   907        A          1666             3            1666          1669             0   95
907   908        B          1666             2            1670          1672             4   90
908   909        B          1667             2            1672          1674             5   90
909   910        B          1667             3            1669          1672             2   95
910   911        B          1670             3            1672          1675             2   95
911   912        C          1672             5            1674          1679             2   90
912   913        A          1675             2            1675          1677             0   95
913   914        B          1678             3            1679          1682             1   90
914   915        B          1678             3            1678          1681             0   95
915   916        C          1681             5            1682          1687             1   90
916   917        C          1682             5            1682          1687             0  Gas
917   918        C          1682             5            1687          1692             5   90
918   919        C          1684             7            1692          1699             8   90
919   920        C          1687             7            1699          1706            12   90
920   921        C          1690             3            1690          1693             0  Gas
921   922        B          1692             3            1706          1709            14   90
922   923        C          1692             7            1693          1700             1  Gas
923   924        C          1694             7            1700          1707             6  Gas
924   925        C          1694             7            1707          1714            13  Gas
925   926        B          1694             2            1694          1696             0   95
926   927        B          1696             2            1709          1711            13   90
927   928        C          1698             7            1711          1718            13   90
928   929        C          1701             7            1714          1721            13  Gas
929   930        B          1702             1            1718          1719            16   90
930   931        C          1705             5            1721          1726            16  Gas
931   932        A          1706             1            1706          1707             0   95
932   933        B          1708             1            1708          1709             0   95
933   934        B          1708             3            1719          1722            11   90
934   935        C          1711             5            1726          1731            15  Gas
935   936        C          1714             7            1731          1738            17  Gas
936   937        C          1717             5            1722          1727             5   90
937   938        C          1720             5            1738          1743            18  Gas
938   939        A          1722             3            1722          1725             0   95
939   940        C          1722             3            1743          1746            21  Gas
940   941        A          1725             3            1725          1728             0   95
941   942        C          1727             5            1746          1751            19  Gas
942   943        B          1729             2            1729          1731             0   90
943   944        A          1732             3            1732          1735             0   95
944   945        A          1733             1            1735          1736             2   95
945   946        C          1734             5            1734          1739             0   90
946   947        C          1736             7            1751          1758            15  Gas
947   948        C          1739             5            1758          1763            19  Gas
948   949        A          1742             3            1742          1745             0   95
949   950        C          1744             7            1744          1751             0   90
950   951        A          1747             2            1747          1749             0   95
951   952        C          1748             5            1751          1756             3   90
952   953        B          1751             2            1756          1758             5   90
953   954        B          1752             1            1752          1753             0   95
954   955        B          1755             1            1755          1756             0   95
955   956        C          1755             7            1758          1765             3   90
956   957        A          1758             1            1758          1759             0   95
957   958        B          1761             2            1765          1767             4   90
958   959        B          1763             2            1763          1765             0   95
959   960        C          1765             5            1765          1770             0  Gas
960   961        B          1766             3            1767          1770             1   90
961   962        A          1768             2            1768          1770             0   95
962   963        C          1768             7            1770          1777             2  Gas
963   964        B          1771             3            1771          1774             0   95
964   965        A          1773             3            1774          1777             1   95
965   966        C          1775             5            1777          1782             2  Gas
966   967        C          1776             5            1776          1781             0   90
967   968        B          1778             3            1781          1784             3   90
968   969        C          1778             7            1782          1789             4  Gas
969   970        B          1780             2            1784          1786             4   90
970   971        B          1780             3            1786          1789             6   90
971   972        B          1783             3            1789          1792             6   90
972   973        A          1783             1            1783          1784             0   95
973   974        A          1786             1            1786          1787             0   95
974   975        C          1788             5            1789          1794             1  Gas
975   976        C          1788             7            1794          1801             6  Gas
976   977        B          1789             3            1792          1795             3   90
977   978        C          1792             5            1795          1800             3   90
978   979        A          1794             1            1794          1795             0   95
979   980        B          1797             1            1797          1798             0   95
980   981        C          1799             5            1801          1806             2  Gas
981   982        B          1800             1            1800          1801             0   95
982   983        B          1801             1            1801          1802             0   95
983   984        B          1803             3            1803          1806             0   95
984   985        B          1804             3            1806          1809             2   95
985   986        B          1807             1            1809          1810             2   95
986   987        B          1810             3            1810          1813             0   95
987   988        A          1811             2            1813          1815             2   95
988   989        B          1811             3            1815          1818             4   95
989   990        B          1811             3            1811          1814             0   90
990   991        C          1814             3            1814          1817             0  Gas
991   992        C          1816             7            1816          1823             0   90
992   993        C          1819             5            1819          1824             0  Gas
993   994        C          1821             7            1824          1831             3  Gas
994   995        C          1824             5            1831          1836             7  Gas
995   996        B          1825             3            1825          1828             0   95
996   997        B          1827             3            1828          1831             1   95
997   998        B          1828             3            1831          1834             3   95
998   999        A          1828             3            1834          1837             6   95
999  1000        B          1830             3            1837          1840             7   95