      Car Category  Arrival Time  Service Time  Service Begins  Service Ends  Waiting Time Pump
0       1        B             3             3               3             6             0   90
1       2        C             4             5               4             9             0  Gas
2       3        C             7             7               9            16             2  Gas
3       4        A             8             1               8             9             0   95
4       5        C            11             5              16            21             5  Gas
5       6        C            12             3              21            24             9  Gas
6       7        C            15             7              24            31             9  Gas
7       8        C            17             3              17            20             0   90
8       9        C            17             5              31            36            14  Gas
9      10        C            20             5              36            41            16  Gas
10     11        B            22             3              22            25             0   90
11     12        C            22             5              25            30             3   90
12     13        B            23             3              30            33             7   90
13     14        B            25             1              25            26             0   95
14     15        B            27             2              33            35             6   90
15     16        B            30             3              30            33             0   95
16     17        B            32             3              33            36             1   95
17     18        C            34             5              41            46             7  Gas
18     19        C            35             7              46            53            11  Gas
19     20        C            36             7              53            60            17  Gas
20     21        C            39             7              39            46             0   90
21     22        A            42             1              42            43             0   95
22     23        A            43             3              43            46             0   95
23     24        B            46             3              46            49             0   90
24     25        B            46             3              49            52             3   90
25     26        B            47             3              47            50             0   95
26     27        C            50             7              52            59             2   90
27     28        C            53             5              59            64             6   90
28     29        B            55             1              55            56             0   95
29     30        A            55             3              56            59             1   95
30     31        C            57             5              60            65             3  Gas
31     32        A            60             1              60            61             0   95
32     33        A            60             1              61            62             1   95
33     34        C            62             5              65            70             3  Gas
34     35        B            64             3              64            67             0   95
35     36        B            64             2              64            66             0   90
36     37        B            67             3              67            70             0   90
37     38        C            68             3              70            73             2  Gas
38     39        A            68             3              68            71             0   95
39     40        C            71             5              71            76             0   90
40     41        B            71             3              71            74             0   95
41     42        B            73             2              74            76             1   95
42     43        B            74             3              76            79             2   95
43     44        B            77             1              77            78             0   90
44     45        C            80             5              80            85             0   90
45     46        C            83             5              85            90             2   90
46     47        A            85             3              85            88             0   95
47     48        C            87             3              90            93             3   90
48     49        B            90             2              90            92             0   95
49     50        A            93             3              93            96             0   95
50     51        A            93             3              96            99             3   95
51     52        C            96             5              96           101             0  Gas
52     53        B            98             3              98           101             0   90
53     54        C           101             7             101           108             0  Gas
54     55        C           104             3             108           111             4  Gas
55     56        C           107             7             107           114             0   90
56     57        A           109             1             109           110             0   95
57     58        C           111             3             111           114             0  Gas
58     59        C           113             5             114           119             1   90
59     60        C           116             5             119           124             3   90
60     61        B           117             3             117           120             0   95
61     62        A           119             3             120           123             1   95
62     63        B           122             3             123           126             1   95
63     64        C           123             7             124           131             1   90
64     65        C           123             7             123           130             0  Gas
65     66        C           126             5             130           135             4  Gas
66     67        B           127             3             127           130             0   95
67     68        C           128             3             131           134             3   90
68     69        C           129             5             135           140             6  Gas
69     70        A           131             3             131           134             0   95
70     71        A           132             3             134           137             2   95
71     72        A           135             2             137           139             2   95
72     73        C           138             5             138           143             0   90
73     74        A           138             2             139           141             1   95
74     75        B           141             3             143           146             2   90
75     76        A           144             3             144           147             0   95
76     77        B           146             3             146           149             0   90
77     78        C           146             3             146           149             0  Gas
78     79        A           149             3             149           152             0   95
79     80        C           152             5             152           157             0  Gas
80     81        A           153             3             153           156             0   95
81     82        C           156             5             157           162             1  Gas
82     83        B           158             2             158           160             0   90
83     84        C           161             5             162           167             1  Gas
84     85        C           163             7             167           174             4  Gas
85     86        A           165             3             165           168             0   95
86     87        B           167             1             167           168             0   90
87     88        C           170             5             174           179             4  Gas
88     89        A           173             2             173           175             0   95
89     90        C           176             5             179           184             3  Gas
90     91        C           178             7             184           191             6  Gas
91     92        C           179             5             191           196            12  Gas
92     93        B           179             2             179           181             0   95
93     94        C           181             5             181           186             0   90
94     95        C           182             3             196           199            14  Gas
95     96        B           184             3             186           189             2   90
96     97        C           187             3             189           192             2   90
97     98        B           188             3             192           195             4   90
98     99        B           191             3             191           194             0   95
99    100        C           194             3             199           202             5  Gas
100   101        A           196             1             196           197             0   95
101   102        C           196             5             202           207             6  Gas
102   103        B           197             1             197           198             0   95
103   104        B           200             1             200           201             0   95
104   105        A           203             1             203           204             0   95
105   106        C           205             5             207           212             2  Gas
106   107        B           208             2             208           210             0   95
107   108        C           211             5             212           217             1  Gas
108   109        A           214             2             214           216             0   95
109   110        B           217             1             217           218             0   95
110   111        C           217             3             217           220             0  Gas
111   112        C           219             7             220           227             1  Gas
112   113        A           222             3             222           225             0   95
113   114        C           225             7             225           232             0   90
114   115        B           227             1             227           228             0   95
115   116        A           229             3             229           232             0   95
116   117        C           232             7             232           239             0  Gas
117   118        A           233             3             233           236             0   95
118   119        C           236             3             239           242             3  Gas
119   120        C           239             7             242           249             3  Gas
120   121        C           241             5             241           246             0   90
121   122        B           242             3             246           249             4   90
122   123        A           244             1             244           245             0   95
123   124        C           244             5             249           254             5  Gas
124   125        A           247             3             247           250             0   95
125   126        A           250             3             250           253             0   95
126   127        B           250             1             253           254             3   95
127   128        C           250             7             250           257             0   90
128   129        C           253             7             254           261             1  Gas
129   130        A           256             2             256           258             0   95
130   131        C           259             7             261           268             2  Gas
131   132        B           259             1             259           260             0   95
132   133        C           261             5             268           273             7  Gas
133   134        A           262             2             262           264             0   95
134   135        B           264             2             264           266             0   95
135   136        A           267             1             267           268             0   95
136   137        B           270             3             270           273             0   90
137   138        C           273             3             273           276             0   90
138   139        A           276             2             276           278             0   95
139   140        A           276             3             278           281             2   95
140   141        B           276             3             281           284             5   95
141   142        C           278             5             278           283             0  Gas
142   143        C           279             7             283           290             4  Gas
143   144        B           280             3             284           287             4   95
144   145        B           283             2             287           289             4   95
145   146        C           283             3             283           286             0   90
146   147        C           285             5             290           295             5  Gas
147   148        B           288             2             288           290             0   90
148   149        A           289             3             289           292             0   95
149   150        A           289             2             292           294             3   95
150   151        C           291             5             295           300             4  Gas
151   152        C           291             5             291           296             0   90
152   153        B           293             2             296           298             3   90
153   154        C           296             5             298           303             2   90
154   155        C           298             5             303           308             5   90
155   156        A           299             1             299           300             0   95
156   157        C           301             3             301           304             0  Gas
157   158        B           302             2             302           304             0   95
158   159        B           304             3             304           307             0   95
159   160        C           307             7             307           314             0  Gas
160   161        C           310             5             314           319             4  Gas
161   162        B           311             2             311           313             0   90
162   163        C           313             3             319           322             6  Gas
163   164        C           314             5             314           319             0   90
164   165        C           317             5             322           327             5  Gas
165   166        B           317             2             317           319             0   95
166   167        B           319             3             319           322             0   95
167   168        C           320             5             327           332             7  Gas
168   169        C           322             5             322           327             0   90
169   170        A           322             3             322           325             0   95
170   171        A           325             3             325           328             0   95
171   172        C           328             3             328           331             0   90
172   173        C           331             3             331           334             0   90
173   174        B           334             1             334           335             0   95
174   175        C           337             7             337           344             0  Gas
175   176        C           340             5             344           349             4  Gas
176   177        C           340             7             340           347             0   90
177   178        B           341             1             341           342             0   95
178   179        A           344             3             344           347             0   95
179   180        B           347             3             347           350             0   95
180   181        B           349             3             350           353             1   95
181   182        B           351             2             351           353             0   90
182   183        C           354             3             354           357             0   90
183   184        B           355             2             355           357             0   95
184   185        B           358             3             358           361             0   90
185   186        A           358             2             358           360             0   95
186   187        B           361             3             361           364             0   95
187   188        A           364             1             364           365             0   95
188   189        C           366             7             366           373             0  Gas
189   190        B           368             2             368           370             0   95
190   191        B           369             1             370           371             1   95
191   192        A           371             1             371           372             0   95
192   193        A           372             3             372           375             0   95
193   194        C           374             5             374           379             0  Gas
194   195        C           374             5             379           384             5  Gas
195   196        C           377             5             377           382             0   90
196   197        C           378             5             382           387             4   90
197   198        B           380             3             380           383             0   95
198   199        C           380             5             387           392             7   90
199   200        B           381             1             392           393            11   90
200   201        A           382             2             383           385             1   95
201   202        A           385             3             385           388             0   95
202   203        C           387             7             393           400             6   90
203   204        C           390             7             390           397             0  Gas
204   205        C           392             3             397           400             5  Gas
205   206        C           395             7             400           407             5   90
206   207        C           398             3             400           403             2  Gas
207   208        C           401             3             403           406             2  Gas
208   209        C           404             5             407           412             3   90
209   210        C           406             3             412           415             6   90
210   211        B           408             3             408           411             0   95
211   212        A           411             3             411           414             0   95
212   213        B           414             3             415           418             1   90
213   214        A           415             3             415           418             0   95
214   215        A           415             1             418           419             3   95
215   216        C           417             7             417           424             0  Gas
216   217        C           419             7             424           431             5  Gas
217   218        A           420             3             420           423             0   95
218   219        A           422             2             423           425             1   95
219   220        B           422             2             425           427             3   95
220   221        A           424             3             427           430             3   95
221   222        B           425             3             430           433             5   95
222   223        B           427             3             433           436             6   95
223   224        B           429             2             436           438             7   95
224   225        B           429             2             438           440             9   95
225   226        C           431             5             431           436             0  Gas
226   227        B           431             2             440           442             9   95
227   228        C           434             7             436           443             2  Gas
228   229        C           437             7             437           444             0   90
229   230        C           438             5             443           448             5  Gas
230   231        B           441             1             442           443             1   95
231   232        B           443             2             443           445             0   95
232   233        B           446             3             446           449             0   95
233   234        B           449             2             449           451             0   90
234   235        A           450             3             450           453             0   95
235   236        C           453             5             453           458             0  Gas
236   237        C           456             5             456           461             0   90
237   238        C           458             5             458           463             0  Gas
238   239        C           461             7             463           470             2  Gas
239   240        C           463             5             463           468             0   90
240   241        C           464             5             468           473             4   90
241   242        C           465             3             473           476             8   90
242   243        B           468             3             468           471             0   95
243   244        C           471             5             476           481             5   90
244   245        B           474             1             474           475             0   95
245   246        B           477             2             477           479             0   95
246   247        C           480             7             480           487             0  Gas
247   248        B           483             2             483           485             0   95
248   249        B           484             3             485           488             1   95
249   250        C           487             3             487           490             0  Gas
250   251        B           488             3             488           491             0   95
251   252        C           491             7             491           498             0   90
252   253        B           493             1             493           494             0   95
253   254        B           495             1             495           496             0   95
254   255        C           498             5             498           503             0   90
255   256        C           500             3             503           506             3   90
256   257        C           501             5             501           506             0  Gas
257   258        B           504             2             504           506             0   95
258   259        C           505             5             506           511             1   90
259   260        C           508             5             508           513             0  Gas
260   261        A           511             3             511           514             0   95
261   262        C           514             3             514           517             0  Gas
262   263        C           516             5             516           521             0   90
263   264        B           519             3             521           524             2   90
264   265        C           522             5             524           529             2   90
265   266        C           525             7             529           536             4   90
266   267        B           527             1             536           537             9   90
267   268        C           529             7             529           536             0  Gas
268   269        A           532             3             532           535             0   95
269   270        A           535             2             535           537             0   95
270   271        B           537             3             537           540             0   95
271   272        A           540             3             540           543             0   95
272   273        B           541             2             543           545             2   95
273   274        B           542             3             545           548             3   95
274   275        B           545             3             545           548             0   90
275   276        C           547             3             547           550             0  Gas
276   277        A           548             1             548           549             0   95
277   278        C           551             5             551           556             0  Gas
278   279        A           554             3             554           557             0   95
279   280        A           557             1             557           558             0   95
280   281        B           560             3             560           563             0   95
281   282        C           560             7             560           567             0   90
282   283        C           560             3             567           570             7   90
283   284        C           563             3             570           573             7   90
284   285        C           566             3             566           569             0  Gas
285   286        C           569             5             573           578             4   90
286   287        A           571             3             571           574             0   95
287   288        C           571             3             571           574             0  Gas
288   289        C           574             7             578           585             4   90
289   290        B           576             3             585           588             9   90
290   291        B           579             1             579           580             0   95
291   292        B           580             2             580           582             0   95
292   293        A           580             2             582           584             2   95
293   294        C           582             7             582           589             0  Gas
294   295        A           583             1             584           585             1   95
295   296        B           585             3             585           588             0   95
296   297        C           587             5             589           594             2  Gas
297   298        B           589             3             589           592             0   90
298   299        B           592             3             592           595             0   90
299   300        C           595             7             595           602             0   90
300   301        C           597             5             597           602             0  Gas
301   302        C           597             5             602           607             5   90
302   303        A           598             1             598           599             0   95
303   304        C           601             7             602           609             1  Gas
304   305        B           601             2             607           609             6   90
305   306        B           603             3             609           612             6   90
306   307        C           605             5             609           614             4  Gas
307   308        C           608             3             614           617             6  Gas
308   309        B           609             1             609           610             0   95
309   310        A           612             2             612           614             0   95
310   311        C           615             7             615           622             0   90
311   312        B           618             3             618           621             0   95
312   313        B           621             2             621           623             0   95
313   314        B           624             2             624           626             0   90
314   315        A           627             2             627           629             0   95
315   316        B           628             2             628           630             0   90
316   317        A           629             3             629           632             0   95
317   318        C           630             7             630           637             0  Gas
318   319        C           632             7             637           644             5  Gas
319   320        B           635             3             635           638             0   90
320   321        B           638             3             638           641             0   95
321   322        C           638             3             638           641             0   90
322   323        B           641             3             641           644             0   90
323   324        C           642             5             644           649             2  Gas
324   325        C           644             7             644           651             0   90
325   326        B           647             1             651           652             4   90
326   327        A           649             1             649           650             0   95
327   328        C           651             7             651           658             0  Gas
328   329        B           651             1             651           652             0   95
329   330        B           654             2             654           656             0   95
330   331        C           657             5             657           662             0   90
331   332        C           658             7             658           665             0  Gas
332   333        C           658             5             665           670             7  Gas
333   334        C           659             5             670           675            11  Gas
334   335        C           662             5             675           680            13  Gas
335   336        C           665             5             680           685            15  Gas
336   337        A           666             2             666           668             0   95
337   338        C           669             5             685           690            16  Gas
338   339        C           669             3             690           693            21  Gas
339   340        B           671             2             671           673             0   95
340   341        C           673             5             673           678             0   90
341   342        B           674             2             674           676             0   95
342   343        C           676             5             678           683             2   90
343   344        C           676             5             693           698            17  Gas
344   345        C           679             7             698           705            19  Gas
345   346        B           681             3             681           684             0   95
346   347        C           682             7             705           712            23  Gas
347   348        B           683             3             684           687             1   95
348   349        C           683             5             712           717            29  Gas
349   350        C           685             5             717           722            32  Gas
350   351        C           686             5             686           691             0   90
351   352        B           688             2             688           690             0   95
352   353        A           690             3             690           693             0   95
353   354        C           692             5             692           697             0   90
354   355        C           695             5             722           727            27  Gas
355   356        B           696             1             697           698             1   90
356   357        C           698             5             727           732            29  Gas
357   358        B           701             3             701           704             0   95
358   359        C           701             5             732           737            31  Gas
359   360        B           702             1             702           703             0   90
360   361        A           705             1             705           706             0   95
361   362        B           707             2             707           709             0   90
362   363        B           710             2             710           712             0   95
363   364        C           711             5             737           742            26  Gas
364   365        B           714             1             714           715             0   90
365   366        C           716             5             716           721             0   90
366   367        C           719             5             742           747            23  Gas
367   368        B           719             3             719           722             0   95
368   369        C           721             3             747           750            26  Gas
369   370        C           721             5             721           726             0   90
370   371        B           722             3             726           729             4   90
371   372        B           723             3             729           732             6   90
372   373        C           725             3             750           753            25  Gas
373   374        C           727             5             732           737             5   90
374   375        B           728             3             737           740             9   90
375   376        B           728             2             740           742            12   90
376   377        B           731             1             731           732             0   95
377   378        C           733             7             753           760            20  Gas
378   379        C           736             5             742           747             6   90
379   380        B           736             3             747           750            11   90
380   381        C           738             5             760           765            22  Gas
381   382        C           740             7             750           757            10   90
382   383        B           743             2             743           745             0   95
383   384        A           745             2             745           747             0   95
384   385        C           747             5             765           770            18  Gas
385   386        C           750             5             770           775            20  Gas
386   387        A           753             3             753           756             0   95
387   388        C           756             7             775           782            19  Gas
388   389        C           757             5             782           787            25  Gas
389   390        C           760             3             787           790            27  Gas
390   391        C           763             3             790           793            27  Gas
391   392        B           764             2             764           766             0   95
392   393        A           766             1             766           767             0   95
393   394        C           769             5             793           798            24  Gas
394   395        A           771             3             771           774             0   95
395   396        A           774             3             774           777             0   95
396   397        B           777             2             777           779             0   95
397   398        B           779             1             779           780             0   90
398   399        C           781             5             781           786             0   90
399   400        C           782             5             798           803            16  Gas
400   401        C           785             3             786           789             1   90
401   402        C           787             3             803           806            16  Gas
402   403        A           790             1             790           791             0   95
403   404        A           791             3             791           794             0   95
404   405        B           794             3             794           797             0   90
405   406        C           795             5             806           811            11  Gas
406   407        A           796             2             796           798             0   95
407   408        A           797             3             798           801             1   95
408   409        B           797             1             797           798             0   90
409   410        C           799             7             811           818            12  Gas
410   411        A           799             2             801           803             2   95
411   412        A           802             1             803           804             1   95
412   413        C           805             7             818           825            13  Gas
413   414        B           806             2             806           808             0   90
414   415        A           808             2             808           810             0   95
415   416        B           809             3             809           812             0   90
416   417        B           812             3             812           815             0   90
417   418        C           815             5             825           830            10  Gas
418   419        A           818             1             818           819             0   95
419   420        C           820             3             820           823             0   90
420   421        B           823             3             823           826             0   95
421   422        C           824             7             830           837             6  Gas
422   423        C           824             5             837           842            13  Gas
423   424        A           824             3             826           829             2   95
424   425        B           824             1             829           830             5   95
425   426        B           827             1             827           828             0   90
426   427        B           830             2             830           832             0   95
427   428        A           830             3             832           835             2   95
428   429        B           831             2             835           837             4   95
429   430        B           834             3             834           837             0   90
430   431        A           834             2             837           839             3   95
431   432        C           836             5             842           847             6  Gas
432   433        C           839             5             847           852             8  Gas
433   434        C           842             5             852           857            10  Gas
434   435        A           845             1             845           846             0   95
435   436        C           845             5             857           862            12  Gas
436   437        A           847             2             847           849             0   95
437   438        B           849             2             849           851             0   95
438   439        A           851             2             851           853             0   95
439   440        A           854             3             854           857             0   95
440   441        C           854             5             862           867             8  Gas
441   442        C           857             7             867           874            10  Gas
442   443        A           860             1             860           861             0   95
443   444        B           863             3             863           866             0   90
444   445        B           866             2             866           868             0   95
445   446        A           867             2             868           870             1   95
446   447        B           867             1             870           871             3   95
447   448        C           868             7             874           881             6  Gas
448   449        B           871             2             871           873             0   95
449   450        A           874             2             874           876             0   95
450   451        B           875             3             876           879             1   95
451   452        B           878             2             879           881             1   95
452   453        B           879             3             879           882             0   90
453   454        C           881             5             881           886             0  Gas
454   455        C           884             7             886           893             2  Gas
455   456        A           885             3             885           888             0   95
456   457        A           885             3             888           891             3   95
457   458        B           887             3             891           894             4   95
458   459        C           889             5             893           898             4  Gas
459   460        C           891             7             891           898             0   90
460   461        A           893             2             894           896             1   95
461   462        B           896             1             898           899             2   90
462   463        B           898             2             899           901             1   90
463   464        C           901             5             901           906             0   90
464   465        C           903             5             903           908             0  Gas
465   466        C           904             3             908           911             4  Gas
466   467        C           907             3             907           910             0   90
467   468        B           908             3             908           911             0   95
468   469        B           909             3             911           914             2   95
469   470        C           909             5             911           916             2  Gas
470   471        B           911             1             914           915             3   95
471   472        B           914             3             914           917             0   90
472   473        B           916             3             916           919             0   95
473   474        C           916             3             917           920             1   90
474   475        C           919             5             919           924             0  Gas
475   476        C           919             5             924           929             5  Gas
476   477        A           921             1             921           922             0   95
477   478        B           922             1             922           923             0   90
478   479        A           925             2             925           927             0   95
479   480        B           926             3             926           929             0   90
480   481        B           926             2             929           931             3   90
481   482        C           928             5             929           934             1  Gas
482   483        B           930             2             930           932             0   95
483   484        A           930             3             932           935             2   95
484   485        C           931             7             934           941             3  Gas
485   486        C           934             7             934           941             0   90
486   487        B           937             2             937           939             0   95
487   488        B           937             2             939           941             2   95
488   489        C           937             7             941           948             4   90
489   490        B           938             2             941           943             3   95
490   491        A           941             2             943           945             2   95
491   492        C           941             5             941           946             0  Gas
492   493        C           944             5             948           953             4   90
493   494        C           947             3             953           956             6   90
494   495        B           947             3             947           950             0   95
495   496        B           949             3             956           959             7   90
496   497        A           952             2             952           954             0   95
497   498        B           955             1             955           956             0   95
498   499        B           955             3             959           962             4   90
499   500        B           957             2             962           964             5   90
500   501        C           960             7             960           967             0  Gas
501   502        B           963             3             964           967             1   90
502   503        C           966             7             967           974             1  Gas
503   504        B           969             1             969           970             0   95
504   505        B           972             3             972           975             0   90
505   506        B           975             3             975           978             0   90
506   507        C           976             3             976           979             0  Gas
507   508        A           979             3             979           982             0   95
508   509        B           982             3             982           985             0   95
509   510        C           982             3             982           985             0  Gas
510   511        A           984             2             985           987             1   95
511   512        B           986             3             987           990             1   95
512   513        C           989             5             989           994             0   90
513   514        C           991             5             991           996             0  Gas
514   515        B           993             3             993           996             0   95
515   516        C           993             5             994           999             1   90
516   517        B           994             3             996           999             2   95
517   518        C           995             5             999          1004             4   90
518   519        A           996             1             999          1000             3   95
519   520        B           997             3            1004          1007             7   90
520   521        B           998             1            1007          1008             9   90
521   522        B           999             1            1000          1001             1   95
522   523        C          1002             5            1002          1007             0  Gas
523   524        B          1005             1            1008          1009             3   90
524   525        B          1008             2            1008          1010             0   95
525   526        A          1010             1            1010          1011             0   95
526   527        C          1011             7            1011          1018             0   90
527   528        C          1012             7            1018          1025             6   90
528   529        A          1015             1            1015          1016             0   95
529   530        B          1018             1            1025          1026             7   90
530   531        A          1021             3            1021          1024             0   95
531   532        B          1022             1            1026          1027             4   90
532   533        B          1025             2            1027          1029             2   90
533   534        B          1028             2            1028          1030             0   95
534   535        C          1029             5            1029          1034             0   90
535   536        C          1031             3            1034          1037             3   90
536   537        B          1034             2            1034          1036             0   95
537   538        C          1036             7            1036          1043             0  Gas
538   539        B          1039             1            1039          1040             0   95
539   540        C          1041             5            1041          1046             0   90
540   541        C          1042             7            1046          1053             4   90
541   542        A          1043             1            1043          1044             0   95
542   543        B          1045             3            1053          1056             8   90
543   544        C          1048             5            1056          1061             8   90
544   545        B          1051             3            1051          1054             0   95
545   546        B          1054             2            1061          1063             7   90
546   547        C          1056             7            1056          1063             0  Gas
547   548        A          1059             3            1059          1062             0   95
548   549        C          1062             5            1063          1068             1  Gas
549   550        C          1065             5            1068          1073             3  Gas
550   551        C          1067             7            1073          1080             6  Gas
551   552        A          1070             3            1070          1073             0   95
552   553        B          1072             3            1073          1076             1   95
553   554        C          1074             7            1080          1087             6  Gas
554   555        C          1076             5            1087          1092            11  Gas
555   556        B          1078             1            1078          1079             0   95
556   557        C          1081             5            1081          1086             0   90
557   558        B          1083             3            1086          1089             3   90
558   559        B          1083             3            1089          1092             6   90
559   560        C          1084             5            1092          1097             8   90
560   561        A          1086             1            1086          1087             0   95
561   562        A          1089             3            1089          1092             0   95
562   563        C          1089             3            1092          1095             3  Gas
563   564        C          1092             5            1097          1102             5   90
564   565        B          1093             3            1102          1105             9   90
565   566        C          1093             7            1105          1112            12   90
566   567        B          1094             2            1094          1096             0   95
567   568        C          1096             5            1112          1117            16   90
568   569        B          1096             2            1096          1098             0   95
569   570        B          1099             1            1117          1118            18   90
570   571        C          1101             7            1101          1108             0  Gas
571   572        B          1102             3            1118          1121            16   90
572   573        B          1102             3            1102          1105             0   95
573   574        C          1105             3            1108          1111             3  Gas
574   575        B          1107             2            1121          1123            14   90
575   576        B          1109             3            1109          1112             0   95
576   577        A          1111             1            1112          1113             1   95
577   578        B          1111             3            1123          1126            12   90
578   579        C          1111             7            1126          1133            15   90
579   580        C          1111             3            1133          1136            22   90
580   581        C          1114             7            1136          1143            22   90
581   582        B          1117             2            1117          1119             0   95
582   583        B          1118             1            1143          1144            25   90
583   584        A          1120             1            1120          1121             0   95
584   585        C          1121             3            1121          1124             0  Gas
585   586        B          1121             2            1144          1146            23   90
586   587        C          1124             5            1146          1151            22   90
587   588        C          1126             7            1151          1158            25   90
588   589        C          1129             7            1129          1136             0  Gas
589   590        A          1132             1            1132          1133             0   95
590   591        C          1135             5            1158          1163            23   90
591   592        C          1135             5            1136          1141             1  Gas
592   593        C          1135             3            1141          1144             6  Gas
593   594        B          1137             3            1137          1140             0   95
594   595        C          1137             3            1144          1147             7  Gas
595   596        C          1137             5            1163          1168            26   90
596   597        A          1138             3            1140          1143             2   95
597   598        C          1138             7            1168          1175            30   90
598   599        C          1141             5            1147          1152             6  Gas
599   600        C          1142             7            1152          1159            10  Gas
600   601        A          1144             1            1144          1145             0   95
601   602        C          1147             5            1175          1180            28   90
602   603        B          1147             3            1147          1150             0   95
603   604        B          1150             2            1150          1152             0   95
604   605        C          1152             3            1180          1183            28   90
605   606        C          1153             5            1159          1164             6  Gas
606   607        B          1153             3            1153          1156             0   95
607   608        C          1153             3            1164          1167            11  Gas
608   609        B          1156             3            1183          1186            27   90
609   610        C          1158             5            1167          1172             9  Gas
610   611        A          1161             1            1161          1162             0   95
611   612        A          1163             2            1163          1165             0   95
612   613        B          1163             3            1165          1168             2   95
613   614        C          1166             5            1172          1177             6  Gas
614   615        C          1167             5            1177          1182            10  Gas
615   616        B          1169             3            1169          1172             0   95
616   617        A          1172             2            1172          1174             0   95
617   618        B          1175             3            1175          1178             0   95
618   619        C          1177             5            1182          1187             5  Gas
619   620        B          1180             1            1180          1181             0   95
620   621        A          1181             3            1181          1184             0   95
621   622        C          1182             7            1187          1194             5  Gas
622   623        C          1183             3            1194          1197            11  Gas
623   624        B          1186             1            1186          1187             0   95
624   625        B          1186             3            1187          1190             1   95
625   626        C          1189             7            1189          1196             0   90
626   627        A          1192             3            1192          1195             0   95
627   628        C          1193             5            1197          1202             4  Gas
628   629        C          1194             5            1202          1207             8  Gas
629   630        B          1196             3            1196          1199             0   90
630   631        A          1197             3            1197          1200             0   95
631   632        B          1198             1            1200          1201             2   95
632   633        C          1200             7            1200          1207             0   90
633   634        B          1203             2            1207          1209             4   90
634   635        B          1204             3            1209          1212             5   90
635   636        C          1206             5            1207          1212             1  Gas
636   637        B          1206             3            1206          1209             0   95
637   638        C          1209             5            1212          1217             3   90
638   639        B          1209             2            1209          1211             0   95
639   640        C          1212             5            1217          1222             5   90
640   641        C          1214             7            1214          1221             0  Gas
641   642        B          1217             1            1217          1218             0   95
642   643        C          1217             5            1222          1227             5   90
643   644        C          1218             5            1227          1232             9   90
644   645        C          1219             5            1221          1226             2  Gas
645   646        B          1221             3            1221          1224             0   95
646   647        B          1221             3            1224          1227             3   95
647   648        C          1222             5            1226          1231             4  Gas
648   649        A          1225             3            1227          1230             2   95
649   650        B          1228             2            1230          1232             2   95
650   651        B          1230             2            1232          1234             2   95
651   652        C          1233             7            1233          1240             0   90
652   653        C          1235             3            1235          1238             0  Gas
653   654        C          1237             3            1238          1241             1  Gas
654   655        A          1238             2            1238          1240             0   95
655   656        B          1239             3            1240          1243             1   95
656   657        B          1241             2            1241          1243             0   90
657   658        A          1243             2            1243          1245             0   95
658   659        A          1246             1            1246          1247             0   95
659   660        B          1248             1            1248          1249             0   90
660   661        C          1251             5            1251          1256             0  Gas
661   662        A          1254             1            1254          1255             0   95
662   663        B          1255             2            1255          1257             0   95
663   664        A          1258             3            1258          1261             0   95
664   665        C          1258             5            1258          1263             0   90
665   666        B          1261             3            1263          1266             2   90
666   667        C          1262             3            1266          1269             4   90
667   668        B          1264             3            1264          1267             0   95
668   669        A          1267             2            1267          1269             0   95
669   670        C          1270             5            1270          1275             0  Gas
670   671        C          1270             7            1270          1277             0   90
671   672        C          1273             5            1275          1280             2  Gas
672   673        A          1273             1            1273          1274             0   95
673   674        A          1273             3            1274          1277             1   95
674   675        C          1276             7            1280          1287             4  Gas
675   676        C          1277             5            1287          1292            10  Gas
676   677        C          1280             5            1292          1297            12  Gas
677   678        B          1281             1            1281          1282             0   95
678   679        B          1283             2            1283          1285             0   90
679   680        A          1286             1            1286          1287             0   95
680   681        C          1288             5            1288          1293             0   90
681   682        B          1288             3            1293          1296             5   90
682   683        C          1291             5            1296          1301             5   90
683   684        C          1292             5            1297          1302             5  Gas
684   685        B          1292             3            1292          1295             0   95
685   686        B          1293             2            1301          1303             8   90
686   687        C          1295             3            1302          1305             7  Gas
687   688        A          1295             2            1295          1297             0   95
688   689        C          1297             3            1303          1306             6   90
689   690        C          1297             3            1305          1308             8  Gas
690   691        C          1300             5            1306          1311             6   90
691   692        B          1301             3            1301          1304             0   95
692   693        B          1302             2            1304          1306             2   95
693   694        C          1305             7            1308          1315             3  Gas
694   695        C          1308             5            1311          1316             3   90
695   696        C          1310             3            1315          1318             5  Gas
696   697        B          1311             1            1311          1312             0   95
697   698        B          1314             2            1316          1318             2   90
698   699        C          1317             5            1318          1323             1  Gas
699   700        C          1319             7            1323          1330             4  Gas
700   701        C          1320             5            1320          1325             0   90
701   702        C          1321             7            1325          1332             4   90
702   703        C          1322             5            1332          1337            10   90
703   704        A          1323             3            1323          1326             0   95
704   705        C          1326             7            1330          1337             4  Gas
705   706        C          1328             5            1337          1342             9  Gas
706   707        B          1331             3            1337          1340             6   90
707   708        C          1333             7            1342          1349             9  Gas
708   709        C          1336             7            1349          1356            13  Gas
709   710        C          1339             3            1340          1343             1   90
710   711        B          1339             1            1339          1340             0   95
711   712        C          1342             3            1356          1359            14  Gas
712   713        C          1344             7            1344          1351             0   90
713   714        A          1347             3            1347          1350             0   95
714   715        C          1350             5            1359          1364             9  Gas
715   716        C          1353             5            1364          1369            11  Gas
716   717        C          1355             5            1369          1374            14  Gas
717   718        A          1355             3            1355          1358             0   95
718   719        B          1358             3            1358          1361             0   95
719   720        C          1361             5            1374          1379            13  Gas
720   721        A          1362             3            1362          1365             0   95
721   722        C          1362             3            1379          1382            17  Gas
722   723        B          1362             3            1365          1368             3   95
723   724        C          1363             3            1363          1366             0   90
724   725        A          1364             3            1368          1371             4   95
725   726        C          1367             5            1367          1372             0   90
726   727        C          1369             5            1372          1377             3   90
727   728        C          1370             5            1377          1382             7   90
728   729        C          1373             5            1382          1387             9  Gas
729   730        B          1375             3            1375          1378             0   95
730   731        B          1378             3            1378          1381             0   95
731   732        B          1379             1            1382          1383             3   90
732   733        B          1379             2            1381          1383             2   95
733   734        A          1382             1            1383          1384             1   95
734   735        A          1385             1            1385          1386             0   95
735   736        C          1386             3            1387          1390             1  Gas
736   737        B          1389             1            1389          1390             0   95
737   738        B          1390             3            1390          1393             0   95
738   739        A          1390             3            1393          1396             3   95
739   740        C          1393             5            1393          1398             0   90
740   741        C          1393             5            1398          1403             5   90
741   742        A          1396             1            1396          1397             0   95
742   743        A          1398             1            1398          1399             0   95
743   744        C          1399             7            1399          1406             0  Gas
744   745        B          1402             1            1402          1403             0   95
745   746        B          1403             3            1403          1406             0   95
746   747        B          1403             3            1406          1409             3   95
747   748        B          1406             3            1409          1412             3   95
748   749        B          1409             3            1412          1415             3   95
749   750        B          1409             3            1415          1418             6   95
750   751        A          1410             2            1418          1420             8   95
751   752        B          1410             1            1410          1411             0   90
752   753        B          1413             2            1413          1415             0   90
753   754        C          1414             5            1414          1419             0  Gas
754   755        B          1414             3            1420          1423             6   95
755   756        B          1417             3            1423          1426             6   95
756   757        C          1419             3            1419          1422             0  Gas
757   758        A          1422             1            1426          1427             4   95
758   759        C          1424             7            1424          1431             0   90
759   760        B          1427             1            1431          1432             4   90
760   761        C          1428             7            1428          1435             0  Gas
761   762        A          1428             2            1428          1430             0   95
762   763        C          1431             5            1435          1440             4  Gas
763   764        C          1434             7            1440          1447             6  Gas
764   765        B          1436             3            1436          1439             0   90
765   766        A          1438             1            1438          1439             0   95
766   767        C          1441             5            1447          1452             6  Gas
767   768        A          1443             1            1443          1444             0   95
768   769        C          1443             7            1443          1450             0   90
769   770        C          1446             7            1450          1457             4   90
770   771        C          1448             5            1452          1457             4  Gas
771   772        C          1451             5            1457          1462             6   90
772   773        C          1454             7            1462          1469             8   90
773   774        C          1456             5            1457          1462             1  Gas
774   775        B          1456             2            1456          1458             0   95
775   776        A          1456             3            1458          1461             2   95
776   777        B          1458             2            1469          1471            11   90
777   778        C          1460             5            1471          1476            11   90
778   779        C          1462             3            1462          1465             0  Gas
779   780        B          1465             3            1465          1468             0   95
780   781        C          1468             5            1468          1473             0  Gas
781   782        B          1470             2            1470          1472             0   95
782   783        B          1473             1            1473          1474             0   95
783   784        C          1473             3            1473          1476             0  Gas
784   785        B          1476             3            1476          1479             0   95
785   786        B          1478             1            1479          1480             1   95
786   787        A          1478             3            1480          1483             2   95
787   788        C          1481             3            1481          1484             0   90
788   789        B          1481             3            1483          1486             2   95
789   790        C          1483             7            1483          1490             0  Gas
790   791        C          1486             5            1486          1491             0   90
791   792        C          1488             5            1491          1496             3   90
792   793        C          1490             3            1496          1499             6   90
793   794        A          1491             3            1491          1494             0   95
794   795        C          1492             3            1499          1502             7   90
795   796        A          1492             3            1494          1497             2   95
796   797        B          1494             2            1502          1504             8   90
797   798        C          1497             7            1497          1504             0  Gas
798   799        C          1499             5            1504          1509             5  Gas
799   800        A          1500             1            1500          1501             0   95
800   801        C          1501             7            1509          1516             8  Gas
801   802        C          1504             7            1516          1523            12  Gas
802   803        A          1505             2            1505          1507             0   95
803   804        A          1507             2            1507          1509             0   95
804   805        C          1509             3            1523          1526            14  Gas
805   806        B          1512             1            1512          1513             0   95
806   807        C          1513             3            1513          1516             0   90
807   808        C          1516             5            1526          1531            10  Gas
808   809        C          1517             3            1517          1520             0   90
809   810        B          1519             2            1520          1522             1   90
810   811        B          1520             2            1520          1522             0   95
811   812        C          1523             5            1531          1536             8  Gas
812   813        B          1524             2            1524          1526             0   95
813   814        B          1526             3            1526          1529             0   90
814   815        C          1529             3            1536          1539             7  Gas
815   816        B          1530             3            1530          1533             0   95
816   817        C          1530             5            1530          1535             0   90
817   818        B          1531             3            1535          1538             4   90
818   819        C          1533             3            1538          1541             5   90
819   820        B          1536             1            1536          1537             0   95
820   821        B          1536             1            1537          1538             1   95
821   822        B          1536             1            1541          1542             5   90
822   823        A          1539             3            1539          1542             0   95
823   824        B          1541             2            1542          1544             1   95
824   825        A          1543             2            1544          1546             1   95
825   826        B          1546             3            1546          1549             0   90
826   827        A          1549             2            1549          1551             0   95
827   828        A          1550             3            1551          1554             1   95
828   829        C          1551             5            1551          1556             0   90
829   830        C          1554             7            1554          1561             0  Gas
830   831        B          1557             2            1557          1559             0   90
831   832        A          1560             2            1560          1562             0   95
832   833        B          1561             2            1562          1564             1   95
833   834        B          1562             2            1564          1566             2   95
834   835        B          1564             3            1566          1569             2   95
835   836        B          1564             1            1569          1570             5   95
836   837        C          1567             5            1567          1572             0   90
837   838        C          1569             5            1572          1577             3   90
838   839        B          1572             3            1572          1575             0   95
839   840        B          1575             1            1577          1578             2   90
840   841        C          1575             5            1575          1580             0  Gas
841   842        C          1578             5            1580          1585             2  Gas
842   843        C          1581             3            1585          1588             4  Gas
843   844        B          1581             3            1581          1584             0   95
844   845        B          1581             3            1581          1584             0   90
845   846        C          1581             3            1588          1591             7  Gas
846   847        C          1583             7            1584          1591             1   90
847   848        C          1583             3            1591          1594             8  Gas
848   849        C          1586             5            1594          1599             8  Gas
849   850        A          1589             1            1589          1590             0   95
850   851        C          1591             5            1599          1604             8  Gas
851   852        C          1593             5            1593          1598             0   90
852   853        A          1594             3            1594          1597             0   95
853   854        A          1596             2            1597          1599             1   95
854   855        C          1597             3            1598          1601             1   90
855   856        C          1600             5            1604          1609             4  Gas
856   857        B          1603             3            1603          1606             0   90
857   858        C          1604             5            1609          1614             5  Gas
858   859        B          1607             3            1607          1610             0   90
859   860        C          1607             7            1614          1621             7  Gas
860   861        A          1610             1            1610          1611             0   95
861   862        C          1613             5            1621          1626             8  Gas
862   863        B          1616             3            1616          1619             0   90
863   864        C          1618             7            1619          1626             1   90
864   865        B          1618             1            1626          1627             8   90
865   866        B          1621             3            1627          1630             6   90
866   867        C          1623             5            1630          1635             7   90
867   868        C          1624             3            1626          1629             2  Gas
868   869        B          1624             2            1624          1626             0   95
869   870        B          1624             3            1626          1629             2   95
870   871        C          1625             5            1629          1634             4  Gas
871   872        C          1628             7            1635          1642             7   90
872   873        B          1630             2            1630          1632             0   95
873   874        C          1631             7            1634          1641             3  Gas
874   875        C          1633             7            1641          1648             8  Gas
875   876        A          1633             3            1633          1636             0   95
876   877        A          1633             2            1636          1638             3   95
877   878        B          1636             2            1642          1644             6   90
878   879        A          1638             2            1638          1640             0   95
879   880        B          1639             1            1640          1641             1   95
880   881        B          1642             3            1642          1645             0   95
881   882        B          1643             1            1645          1646             2   95
882   883        A          1646             2            1646          1648             0   95
883   884        C          1649             7            1649          1656             0   90
884   885        A          1650             2            1650          1652             0   95
885   886        B          1653             3            1656          1659             3   90
886   887        C          1656             7            1656          1663             0  Gas
887   888        B          1656             3            1659          1662             3   90
888   889        C          1658             7            1662          1669             4   90
889   890        B          1660             2            1669          1671             9   90
890   891        B          1662             3            1671          1674             9   90
891   892        C          1665             5            1665          1670             0  Gas
892   893        C          1667             5            1670          1675             3  Gas
893   894        C          1668             3            1675          1678             7  Gas
894   895        C          1669             7            1678          1685             9  Gas
895   896        C          1669             5            1685          1690            16  Gas
896   897        B          1670             2            1674          1676             4   90
897   898        B          1672             3            1672          1675             0   95
898   899        B          1674             2            1675          1677             1   95
899   900        C          1674             3            1690          1693            16  Gas
900   901        C          1677             7            1677          1684             0   90
901   902        B          1680             2            1680          1682             0   95
902   903        B          1682             3            1684          1687             2   90
903   904        C          1684             7            1693          1700             9  Gas
904   905        B          1687             3            1687          1690             0   95
905   906        B          1688             3            1690          1693             2   95
906   907        B          1690             1            1693          1694             3   95
907   908        A          1693             2            1694          1696             1   95
908   909        A          1694             3            1696          1699             2   95
909   910        B          1697             1            1699          1700             2   95
910   911        C          1700             7            1700          1707             0  Gas
911   912        A          1701             2            1701          1703             0   95
912   913        A          1701             1            1703          1704             2   95
913   914        B          1702             3            1704          1707             2   95
914   915        B          1705             3            1705          1708             0   90
915   916        B          1708             3            1708          1711             0   90
916   917        B          1709             2            1711          1713             2   90
917   918        B          1712             3            1712          1715             0   95
918   919        C          1715             7            1715          1722             0  Gas
919   920        C          1718             5            1722          1727             4  Gas
920   921        B          1719             2            1719          1721             0   95
921   922        C          1722             5            1727          1732             5  Gas
922   923        B          1724             2            1724          1726             0   95
923   924        C          1727             5            1732          1737             5  Gas
924   925        C          1730             5            1730          1735             0   90
925   926        C          1731             3            1737          1740             6  Gas
926   927        B          1732             3            1732          1735             0   95
927   928        C          1734             7            1735          1742             1   90
928   929        A          1734             1            1735          1736             1   95
929   930        B          1736             3            1736          1739             0   95
930   931        C          1738             5            1740          1745             2  Gas
931   932        A          1741             3            1741          1744             0   95
932   933        C          1744             7            1745          1752             1  Gas
933   934        C          1745             7            1745          1752             0   90
934   935        C          1748             5            1752          1757             4  Gas
935   936        C          1750             5            1757          1762             7  Gas
936   937        B          1751             3            1751          1754             0   95
937   938        C          1753             7            1762          1769             9  Gas
938   939        C          1756             5            1756          1761             0   90
939   940        A          1759             2            1759          1761             0   95
940   941        C          1760             5            1761          1766             1   90
941   942        C          1760             5            1769          1774             9  Gas
942   943        C          1762             5            1766          1771             4   90
943   944        C          1763             7            1774          1781            11  Gas
944   945        B          1766             3            1766          1769             0   95
945   946        C          1769             5            1781          1786            12  Gas
946   947        C          1771             7            1786          1793            15  Gas
947   948        C          1773             5            1793          1798            20  Gas
948   949        B          1775             3            1775          1778             0   95
949   950        B          1777             2            1778          1780             1   95
950   951        B          1779             1            1780          1781             1   95
951   952        C          1779             7            1798          1805            19  Gas
952   953        C          1780             5            1805          1810            25  Gas
953   954        B          1783             3            1783          1786             0   95
954   955        C          1783             5            1783          1788             0   90
955   956        C          1786             5            1810          1815            24  Gas
956   957        C          1789             5            1815          1820            26  Gas
957   958        C          1791             5            1820          1825            29  Gas
958   959        C          1794             5            1794          1799             0   90
959   960        B          1796             2            1796          1798             0   95
960   961        C          1799             5            1825          1830            26  Gas
961   962        B          1801             1            1801          1802             0   95
962   963        A          1803             1            1803          1804             0   95
963   964        C          1806             5            1830          1835            24  Gas
964   965        C          1808             3            1835          1838            27  Gas
965   966        B          1808             2            1808          1810             0   90
966   967        C          1810             5            1838          1843            28  Gas
967   968        B          1812             3            1812          1815             0   95
968   969        B          1815             3            1815          1818             0   90
969   970        B          1818             2            1818          1820             0   95
970   971        B          1821             2            1821          1823             0   95
971   972        A          1824             2            1824          1826             0   95
972   973        A          1825             2            1826          1828             1   95
973   974        C          1828             5            1828          1833             0   90
974   975        B          1831             3            1831          1834             0   95
975   976        C          1833             5            1843          1848            10  Gas
976   977        A          1836             2            1836          1838             0   95
977   978        C          1837             7            1848          1855            11  Gas
978   979        C          1839             5            1839          1844             0   90
979   980        A          1841             3            1841          1844             0   95
980   981        C          1844             7            1844          1851             0   90
981   982        B          1844             3            1844          1847             0   95
982   983        A          1845             3            1847          1850             2   95
983   984        B          1847             1            1850          1851             3   95
984   985        C          1850             5            1855          1860             5  Gas
985   986        C          1850             3            1851          1854             1   90
986   987        B          1853             2            1853          1855             0   95
987   988        C          1856             7            1860          1867             4  Gas
988   989        C          1857             7            1867          1874            10  Gas
989   990        C          1857             7            1874          1881            17  Gas
990   991        B          1858             2            1858          1860             0   90
991   992        C          1861             5            1861          1866             0   90
992   993        C          1864             5            1881          1886            17  Gas
993   994        B          1867             3            1867          1870             0   90
994   995        C          1867             5            1886          1891            19  Gas
995   996        C          1868             7            1891          1898            23  Gas
996   997        A          1871             2            1871          1873             0   95
997   998        C          1873             3            1898          1901            25  Gas
998   999        C          1876             5            1876          1881             0   90
999  1000        C          1877             5            1901          1906            24  Gas