      Car Category  Arrival Time  Service Time  Service Begins  Service Ends  Waiting Time Pump
0       1        C             1             5               1             6             0  Gas
1       2        A             1             2               1             3             0   95
2       3        C             2             3               6             9             4  Gas
3       4        C             2             5               9            14             7  Gas
4       5        C             5             5              14            19             9  Gas
5       6        A             8             3               8            11             0   95
6       7        A            11             3              11            14             0   95
7       8        C            11             5              19            24             8  Gas
8       9        C            14             7              24            31            10  Gas
9      10        C            16             5              31            36            15  Gas
10     11        A            18             2              18            20             0   95
11     12        B            19             3              19            22             0   90
12     13        B            19             2              22            24             3   90
13     14        C            21             3              24            27             3   90
14     15        A            23             1              23            24             0   95
15     16        A            25             1              25            26             0   95
16     17        C            26             7              27            34             1   90
17     18        B            29             2              34            36             5   90
18     19        B            30             2              30            32             0   95
19     20        C            30             3              36            39             6   90
20     21        A            33             3              33            36             0   95
21     22        C            36             5              36            41             0  Gas
22     23        C            38             7              41            48             3  Gas
23     24        B            40             3              40            43             0   90
24     25        B            43             2              43            45             0   95
25     26        C            46             7              46            53             0   90
26     27        C            46             7              48            55             2  Gas
27     28        C            47             5              55            60             8  Gas
28     29        B            50             3              53            56             3   90
29     30        A            50             2              50            52             0   95
30     31        C            53             5              60            65             7  Gas
31     32        C            55             3              65            68            10  Gas
32     33        C            58             7              68            75            10  Gas
33     34        C            59             3              59            62             0   90
34     35        B            59             1              59            60             0   95
35     36        C            60             7              75            82            15  Gas
36     37        C            63             5              63            68             0   90
37     38        C            64             5              68            73             4   90
38     39        A            64             3              64            67             0   95
39     40        B            64             2              67            69             3   95
40     41        A            67             3              69            72             2   95
41     42        B            70             2              72            74             2   95
42     43        C            70             5              82            87            12  Gas
43     44        B            71             3              73            76             2   90
44     45        B            71             2              74            76             3   95
45     46        C            73             7              76            83             3   90
46     47        B            73             1              76            77             3   95
47     48        B            74             3              83            86             9   90
48     49        A            75             1              77            78             2   95
49     50        A            77             2              78            80             1   95
50     51        A            78             3              80            83             2   95
51     52        B            78             1              83            84             5   95
52     53        C            79             7              87            94             8  Gas
53     54        A            80             3              84            87             4   95
54     55        B            83             2              87            89             4   95
55     56        A            86             3              89            92             3   95
56     57        B            87             1              92            93             5   95
57     58        B            87             2              87            89             0   90
58     59        C            89             5              94            99             5  Gas
59     60        C            90             5              99           104             9  Gas
60     61        B            92             1              93            94             1   95
61     62        C            94             5             104           109            10  Gas
62     63        A            97             2              97            99             0   95
63     64        B            97             3              99           102             2   95
64     65        A            98             3             102           105             4   95
65     66        A            99             1             105           106             6   95
66     67        A           101             2             106           108             5   95
67     68        A           102             1             108           109             6   95
68     69        B           102             3             109           112             7   95
69     70        C           104             3             104           107             0   90
70     71        A           107             1             112           113             5   95
71     72        B           110             2             113           115             3   95
72     73        B           113             3             115           118             2   95
73     74        B           114             2             114           116             0   90
74     75        A           114             2             118           120             4   95
75     76        C           115             3             116           119             1   90
76     77        A           118             3             120           123             2   95
77     78        C           119             7             119           126             0  Gas
78     79        C           120             5             126           131             6  Gas
79     80        C           122             5             122           127             0   90
80     81        B           122             1             127           128             5   90
81     82        A           125             3             125           128             0   95
82     83        C           126             5             131           136             5  Gas
83     84        B           128             1             128           129             0   90
84     85        C           128             5             129           134             1   90
85     86        C           129             5             136           141             7  Gas
86     87        C           130             3             141           144            11  Gas
87     88        B           132             3             134           137             2   90
88     89        A           135             1             135           136             0   95
89     90        B           135             3             136           139             1   95
90     91        C           138             5             138           143             0   90
91     92        C           138             3             144           147             6  Gas
92     93        C           138             7             147           154             9  Gas
93     94        B           141             3             141           144             0   95
94     95        C           141             5             154           159            13  Gas
95     96        B           143             3             144           147             1   95
96     97        C           146             5             146           151             0   90
97     98        C           147             3             159           162            12  Gas
98     99        B           147             3             147           150             0   95
99    100        B           147             3             150           153             3   95
100   101        B           150             3             153           156             3   95
101   102        B           153             3             156           159             3   95
102   103        C           156             5             162           167             6  Gas
103   104        A           157             2             159           161             2   95
104   105        C           160             7             167           174             7  Gas
105   106        B           160             1             160           161             0   90
106   107        C           161             3             161           164             0   90
107   108        C           163             5             174           179            11  Gas
108   109        C           165             5             179           184            14  Gas
109   110        C           165             5             184           189            19  Gas
110   111        B           165             3             165           168             0   90
111   112        A           168             1             168           169             0   95
112   113        B           171             1             171           172             0   95
113   114        C           171             7             171           178             0   90
114   115        B           172             2             172           174             0   95
115   116        B           173             3             174           177             1   95
116   117        C           174             7             189           196            15  Gas
117   118        B           176             1             177           178             1   95
118   119        A           179             2             179           181             0   95
119   120        B           179             2             181           183             2   95
120   121        B           182             3             182           185             0   90
121   122        B           184             3             184           187             0   95
122   123        A           187             3             187           190             0   95
123   124        C           187             3             187           190             0   90
124   125        C           188             5             196           201             8  Gas
125   126        B           188             2             190           192             2   95
126   127        B           191             2             192           194             1   95
127   128        B           192             1             194           195             2   95
128   129        B           194             2             194           196             0   90
129   130        A           195             3             195           198             0   95
130   131        A           196             3             198           201             2   95
131   132        C           199             5             201           206             2  Gas
132   133        C           202             5             202           207             0   90
133   134        C           202             7             206           213             4  Gas
134   135        C           205             7             207           214             2   90
135   136        A           208             2             208           210             0   95
136   137        A           211             3             211           214             0   95
137   138        A           212             3             214           217             2   95
138   139        C           215             3             215           218             0   90
139   140        A           217             3             217           220             0   95
140   141        B           220             3             220           223             0   95
141   142        C           223             5             223           228             0   90
142   143        C           226             5             226           231             0  Gas
143   144        A           227             3             227           230             0   95
144   145        C           230             5             230           235             0   90
145   146        B           230             3             230           233             0   95
146   147        A           232             3             233           236             1   95
147   148        B           234             3             235           238             1   90
148   149        B           237             3             237           240             0   95
149   150        A           239             1             240           241             1   95
150   151        B           241             1             241           242             0   95
151   152        B           244             2             244           246             0   95
152   153        C           247             3             247           250             0   90
153   154        C           249             3             250           253             1   90
154   155        C           252             7             252           259             0  Gas
155   156        C           255             7             259           266             4  Gas
156   157        C           255             7             266           273            11  Gas
157   158        C           257             5             273           278            16  Gas
158   159        A           259             1             259           260             0   95
159   160        A           259             3             260           263             1   95
160   161        A           261             1             263           264             2   95
161   162        B           262             3             264           267             2   95
162   163        C           265             5             278           283            13  Gas
163   164        C           268             3             268           271             0   90
164   165        C           269             3             271           274             2   90
165   166        C           271             5             274           279             3   90
166   167        C           272             5             279           284             7   90
167   168        A           273             2             273           275             0   95
168   169        B           274             3             284           287            10   90
169   170        A           277             3             277           280             0   95
170   171        A           280             3             280           283             0   95
171   172        C           282             5             287           292             5   90
172   173        B           283             3             283           286             0   95
173   174        B           286             3             286           289             0   95
174   175        A           287             3             289           292             2   95
175   176        B           290             2             292           294             2   95
176   177        A           293             3             294           297             1   95
177   178        B           296             3             296           299             0   90
178   179        C           296             3             296           299             0  Gas
179   180        B           299             2             299           301             0   95
180   181        B           301             3             301           304             0   95
181   182        C           301             7             301           308             0  Gas
182   183        C           302             5             302           307             0   90
183   184        A           302             1             304           305             2   95
184   185        B           303             3             307           310             4   90
185   186        C           306             5             308           313             2  Gas
186   187        B           306             3             306           309             0   95
187   188        B           309             3             309           312             0   95
188   189        B           311             3             312           315             1   95
189   190        C           313             5             313           318             0   90
190   191        C           316             5             318           323             2   90
191   192        B           317             2             323           325             6   90
192   193        B           320             2             325           327             5   90
193   194        C           320             5             320           325             0  Gas
194   195        C           320             5             325           330             5  Gas
195   196        B           322             2             322           324             0   95
196   197        A           322             3             324           327             2   95
197   198        C           323             5             330           335             7  Gas
198   199        C           323             5             327           332             4   90
199   200        B           323             2             327           329             4   95
200   201        C           323             5             332           337             9   90
201   202        B           326             3             329           332             3   95
202   203        C           326             7             337           344            11   90
203   204        C           327             5             335           340             8  Gas
204   205        A           328             2             332           334             4   95
205   206        C           329             5             344           349            15   90
206   207        C           329             7             340           347            11  Gas
207   208        C           332             7             347           354            15  Gas
208   209        C           334             7             354           361            20  Gas
209   210        B           336             3             349           352            13   90
210   211        A           339             1             339           340             0   95
211   212        C           339             5             361           366            22  Gas
212   213        C           339             5             366           371            27  Gas
213   214        B           341             3             352           355            11   90
214   215        C           341             5             371           376            30  Gas
215   216        B           344             2             344           346             0   95
216   217        C           347             5             376           381            29  Gas
217   218        B           347             2             355           357             8   90
218   219        B           350             3             357           360             7   90
219   220        B           351             3             360           363             9   90
220   221        C           354             3             363           366             9   90
221   222        C           355             7             381           388            26  Gas
222   223        C           358             5             388           393            30  Gas
223   224        B           360             1             366           367             6   90
224   225        C           363             7             393           400            30  Gas
225   226        C           363             3             400           403            37  Gas
226   227        B           366             3             367           370             1   90
227   228        C           367             5             370           375             3   90
228   229        B           367             3             375           378             8   90
229   230        B           368             1             368           369             0   95
230   231        B           371             2             371           373             0   95
231   232        B           372             1             373           374             1   95
232   233        B           372             1             374           375             2   95
233   234        A           375             3             375           378             0   95
234   235        A           375             3             378           381             3   95
235   236        C           378             7             378           385             0   90
236   237        A           381             3             381           384             0   95
237   238        B           384             2             384           386             0   95
238   239        B           386             3             386           389             0   95
239   240        C           387             7             387           394             0   90
240   241        C           388             5             394           399             6   90
241   242        B           389             3             399           402            10   90
242   243        C           389             3             402           405            13   90
243   244        C           391             7             403           410            12  Gas
244   245        B           392             2             392           394             0   95
245   246        A           395             3             395           398             0   95
246   247        C           397             5             410           415            13  Gas
247   248        C           398             5             415           420            17  Gas
248   249        C           401             5             420           425            19  Gas
249   250        C           401             5             425           430            24  Gas
250   251        B           404             2             404           406             0   95
251   252        B           406             2             406           408             0   95
252   253        C           409             5             430           435            21  Gas
253   254        C           410             5             435           440            25  Gas
254   255        B           410             3             410           413             0   95
255   256        B           413             3             413           416             0   90
256   257        A           415             2             415           417             0   95
257   258        C           416             5             416           421             0   90
258   259        B           418             2             418           420             0   95
259   260        C           421             3             421           424             0   90
260   261        C           424             7             424           431             0   90
261   262        C           425             5             440           445            15  Gas
262   263        A           425             3             425           428             0   95
263   264        B           427             2             431           433             4   90
264   265        B           430             2             430           432             0   95
265   266        A           432             3             432           435             0   95
266   267        C           435             5             445           450            10  Gas
267   268        C           437             7             450           457            13  Gas
268   269        C           440             7             440           447             0   90
269   270        B           441             2             447           449             6   90
270   271        C           443             7             457           464            14  Gas
271   272        C           443             3             449           452             6   90
272   273        C           446             3             464           467            18  Gas
273   274        B           447             1             452           453             5   90
274   275        B           450             3             450           453             0   95
275   276        A           453             1             453           454             0   95
276   277        C           455             7             455           462             0   90
277   278        A           458             3             458           461             0   95
278   279        C           459             5             467           472             8  Gas
279   280        A           459             1             461           462             2   95
280   281        C           459             7             472           479            13  Gas
281   282        C           461             3             479           482            18  Gas
282   283        B           462             3             462           465             0   95
283   284        A           464             3             465           468             1   95
284   285        B           466             3             468           471             2   95
285   286        B           469             3             471           474             2   95
286   287        C           472             3             482           485            10  Gas
287   288        B           475             1             475           476             0   95
288   289        C           477             7             477           484             0   90
289   290        B           478             3             478           481             0   95
290   291        A           478             2             481           483             3   95
291   292        C           480             5             484           489             4   90
292   293        C           481             7             485           492             4  Gas
293   294        B           481             2             483           485             2   95
294   295        A           484             3             485           488             1   95
295   296        C           487             5             492           497             5  Gas
296   297        A           489             3             489           492             0   95
297   298        A           492             2             492           494             0   95
298   299        B           495             1             495           496             0   90
299   300        C           497             7             497           504             0   90
300   301        B           500             1             504           505             4   90
301   302        C           500             3             500           503             0  Gas
302   303        B           502             1             505           506             3   90
303   304        B           502             2             502           504             0   95
304   305        B           505             3             506           509             1   90
305   306        B           505             3             505           508             0   95
306   307        A           505             2             508           510             3   95
307   308        C           505             7             505           512             0  Gas
308   309        C           507             5             509           514             2   90
309   310        A           510             2             510           512             0   95
310   311        C           511             5             514           519             3   90
311   312        B           513             1             513           514             0   95
312   313        C           513             5             513           518             0  Gas
313   314        C           514             5             519           524             5   90
314   315        C           517             7             518           525             1  Gas
315   316        C           517             3             525           528             8  Gas
316   317        B           520             1             524           525             4   90
317   318        C           522             7             528           535             6  Gas
318   319        B           525             2             525           527             0   95
319   320        B           525             3             527           530             2   95
320   321        C           527             3             527           530             0   90
321   322        B           529             2             530           532             1   90
322   323        B           531             3             532           535             1   90
323   324        C           532             5             535           540             3  Gas
324   325        A           533             3             533           536             0   95
325   326        A           534             3             536           539             2   95
326   327        A           537             2             539           541             2   95
327   328        C           537             3             540           543             3  Gas
328   329        C           539             3             543           546             4  Gas
329   330        A           541             3             541           544             0   95
330   331        C           544             5             546           551             2  Gas
331   332        A           547             3             547           550             0   95
332   333        C           550             7             551           558             1  Gas
333   334        B           553             3             553           556             0   90
334   335        A           556             2             556           558             0   95
335   336        C           558             7             558           565             0  Gas
336   337        C           560             7             560           567             0   90
337   338        B           561             3             561           564             0   95
338   339        B           563             3             564           567             1   95
339   340        C           566             5             566           571             0  Gas
340   341        C           567             7             571           578             4  Gas
341   342        B           570             3             570           573             0   95
342   343        C           570             7             570           577             0   90
343   344        C           571             7             577           584             6   90
344   345        B           572             2             584           586            12   90
345   346        A           573             3             573           576             0   95
346   347        C           576             5             578           583             2  Gas
347   348        C           577             7             586           593             9   90
348   349        C           579             5             583           588             4  Gas
349   350        C           582             7             588           595             6  Gas
350   351        B           584             2             584           586             0   95
351   352        A           586             3             586           589             0   95
352   353        C           589             7             593           600             4   90
353   354        B           591             3             591           594             0   95
354   355        B           592             1             600           601             8   90
355   356        B           595             2             595           597             0   95
356   357        B           596             3             597           600             1   95
357   358        C           597             5             597           602             0  Gas
358   359        A           597             2             600           602             3   95
359   360        C           599             5             602           607             3  Gas
360   361        C           602             7             607           614             5  Gas
361   362        C           602             7             602           609             0   90
362   363        B           602             2             609           611             7   90
363   364        B           603             1             611           612             8   90
364   365        B           605             3             612           615             7   90
365   366        A           608             2             608           610             0   95
366   367        B           608             3             615           618             7   90
367   368        C           611             7             614           621             3  Gas
368   369        A           614             2             614           616             0   95
369   370        B           615             3             616           619             1   95
370   371        C           618             7             618           625             0   90
371   372        C           621             7             621           628             0  Gas
372   373        B           621             3             621           624             0   95
373   374        C           624             5             628           633             4  Gas
374   375        A           624             1             624           625             0   95
375   376        C           627             7             627           634             0   90
376   377        C           630             5             633           638             3  Gas
377   378        B           632             3             634           637             2   90
378   379        C           634             5             638           643             4  Gas
379   380        B           637             2             637           639             0   90
380   381        B           639             3             639           642             0   90
381   382        C           642             5             643           648             1  Gas
382   383        C           644             5             648           653             4  Gas
383   384        B           646             2             646           648             0   95
384   385        A           646             2             648           650             2   95
385   386        C           648             5             648           653             0   90
386   387        B           651             3             651           654             0   95
387   388        B           654             2             654           656             0   95
388   389        A           656             3             656           659             0   95
389   390        C           657             5             657           662             0  Gas
390   391        C           659             5             662           667             3  Gas
391   392        C           661             7             661           668             0   90
392   393        A           663             3             663           666             0   95
393   394        B           663             1             668           669             5   90
394   395        C           666             7             669           676             3   90
395   396        A           666             1             666           667             0   95
396   397        C           668             5             668           673             0  Gas
397   398        A           668             2             668           670             0   95
398   399        A           668             1             670           671             2   95
399   400        B           671             2             671           673             0   95
400   401        C           671             3             673           676             2  Gas
401   402        B           673             2             673           675             0   95
402   403        B           674             1             676           677             2   90
403   404        B           675             3             675           678             0   95
404   405        C           677             7             677           684             0   90
405   406        C           680             5             680           685             0  Gas
406   407        C           680             5             684           689             4   90
407   408        B           682             3             689           692             7   90
408   409        C           683             3             685           688             2  Gas
409   410        B           686             3             686           689             0   95
410   411        C           689             5             689           694             0  Gas
411   412        B           692             3             692           695             0   90
412   413        C           695             7             695           702             0  Gas
413   414        C           696             3             702           705             6  Gas
414   415        C           696             5             696           701             0   90
415   416        C           698             7             705           712             7  Gas
416   417        C           701             5             712           717            11  Gas
417   418        C           701             7             701           708             0   90
418   419        A           704             2             704           706             0   95
419   420        C           705             7             708           715             3   90
420   421        A           705             3             706           709             1   95
421   422        C           706             7             717           724            11  Gas
422   423        C           708             3             715           718             7   90
423   424        C           709             5             718           723             9   90
424   425        A           709             2             709           711             0   95
425   426        C           709             7             724           731            15  Gas
426   427        C           710             5             723           728            13   90
427   428        C           712             5             731           736            19  Gas
428   429        B           713             2             713           715             0   95
429   430        C           714             3             736           739            22  Gas
430   431        B           717             3             728           731            11   90
431   432        B           718             3             718           721             0   95
432   433        C           719             5             731           736            12   90
433   434        B           720             3             721           724             1   95
434   435        B           723             3             724           727             1   95
435   436        B           725             3             727           730             2   95
436   437        A           725             3             730           733             5   95
437   438        C           727             3             739           742            12  Gas
438   439        A           727             3             733           736             6   95
439   440        C           730             5             742           747            12  Gas
440   441        C           733             7             747           754            14  Gas
441   442        C           735             3             754           757            19  Gas
442   443        B           738             3             738           741             0   90
443   444        C           739             7             741           748             2   90
444   445        C           742             5             757           762            15  Gas
445   446        B           745             3             745           748             0   95
446   447        B           747             2             748           750             1   90
447   448        C           747             5             762           767            15  Gas
448   449        B           748             3             750           753             2   90
449   450        C           751             3             767           770            16  Gas
450   451        A           754             2             754           756             0   95
451   452        C           756             5             770           775            14  Gas
452   453        A           756             2             756           758             0   95
453   454        A           759             2             759           761             0   95
454   455        A           762             3             762           765             0   95
455   456        C           765             7             765           772             0   90
456   457        B           766             3             766           769             0   95
457   458        C           766             5             775           780             9  Gas
458   459        A           766             3             769           772             3   95
459   460        C           768             7             772           779             4   90
460   461        B           771             1             779           780             8   90
461   462        C           774             5             780           785             6  Gas
462   463        C           774             5             785           790            11  Gas
463   464        C           777             5             790           795            13  Gas
464   465        A           778             3             778           781             0   95
465   466        A           779             3             781           784             2   95
466   467        B           779             3             780           783             1   90
467   468        B           779             3             784           787             5   95
468   469        C           781             5             795           800            14  Gas
469   470        A           782             1             787           788             5   95
470   471        B           785             2             785           787             0   90
471   472        B           785             2             788           790             3   95
472   473        B           787             1             790           791             3   95
473   474        B           789             2             791           793             2   95
474   475        C           790             7             790           797             0   90
475   476        C           790             5             800           805            10  Gas
476   477        C           792             5             805           810            13  Gas
477   478        B           795             2             797           799             2   90
478   479        A           797             1             797           798             0   95
479   480        C           800             5             810           815            10  Gas
480   481        B           801             3             801           804             0   95
481   482        C           804             7             815           822            11  Gas
482   483        B           805             2             805           807             0   95
483   484        B           807             2             807           809             0   95
484   485        C           807             5             822           827            15  Gas
485   486        A           810             2             810           812             0   95
486   487        B           812             3             812           815             0   90
487   488        B           815             2             815           817             0   95
488   489        C           818             3             827           830             9  Gas
489   490        B           818             1             818           819             0   95
490   491        A           821             3             821           824             0   95
491   492        A           824             3             824           827             0   95
492   493        B           825             3             825           828             0   90
493   494        B           826             1             827           828             1   95
494   495        B           826             3             828           831             2   95
495   496        C           829             7             829           836             0   90
496   497        C           830             5             830           835             0  Gas
497   498        B           833             1             833           834             0   95
498   499        A           834             3             834           837             0   95
499   500        A           835             3             837           840             2   95
500   501        C           835             5             836           841             1   90
501   502        C           837             7             837           844             0  Gas
502   503        A           839             3             840           843             1   95
503   504        B           839             2             841           843             2   90
504   505        B           842             2             843           845             1   95
505   506        B           845             3             845           848             0   95
506   507        A           847             2             848           850             1   95
507   508        B           849             3             849           852             0   90
508   509        B           852             2             852           854             0   95
509   510        C           853             7             853           860             0  Gas
510   511        A           856             3             856           859             0   95
511   512        B           856             3             859           862             3   95
512   513        C           859             3             860           863             1  Gas
513   514        B           862             3             862           865             0   95
514   515        C           864             5             864           869             0  Gas
515   516        A           864             3             865           868             1   95
516   517        C           866             3             866           869             0   90
517   518        B           868             3             868           871             0   95
518   519        A           868             3             871           874             3   95
519   520        C           870             5             870           875             0  Gas
520   521        A           871             2             874           876             3   95
521   522        C           871             5             871           876             0   90
522   523        C           874             5             875           880             1  Gas
523   524        C           875             7             876           883             1   90
524   525        C           878             7             883           890             5   90
525   526        C           881             5             881           886             0  Gas
526   527        C           884             5             886           891             2  Gas
527   528        B           886             1             890           891             4   90
528   529        C           889             7             891           898             2  Gas
529   530        B           892             2             892           894             0   90
530   531        C           894             5             898           903             4  Gas
531   532        B           897             3             897           900             0   95
532   533        C           899             5             903           908             4  Gas
533   534        C           902             5             908           913             6  Gas
534   535        B           904             1             904           905             0   90
535   536        A           905             3             905           908             0   95
536   537        A           908             3             908           911             0   95
537   538        A           908             2             911           913             3   95
538   539        C           909             7             913           920             4  Gas
539   540        C           909             5             920           925            11  Gas
540   541        C           910             3             925           928            15  Gas
541   542        A           913             1             913           914             0   95
542   543        C           913             7             928           935            15  Gas
543   544        B           916             2             916           918             0   95
544   545        A           917             1             918           919             1   95
545   546        A           919             3             919           922             0   95
546   547        A           922             2             922           924             0   95
547   548        C           922             5             922           927             0   90
548   549        B           925             3             927           930             2   90
549   550        C           926             7             930           937             4   90
550   551        B           928             2             928           930             0   95
551   552        B           928             3             930           933             2   95
552   553        C           930             5             935           940             5  Gas
553   554        C           933             5             940           945             7  Gas
554   555        C           934             5             945           950            11  Gas
555   556        B           936             1             936           937             0   95
556   557        B           938             3             938           941             0   90
557   558        C           940             5             950           955            10  Gas
558   559        C           942             7             942           949             0   90
559   560        B           944             2             949           951             5   90
560   561        C           946             5             951           956             5   90
561   562        C           949             5             955           960             6  Gas
562   563        C           952             5             960           965             8  Gas
563   564        B           953             3             956           959             3   90
564   565        A           954             1             954           955             0   95
565   566        B           956             3             959           962             3   90
566   567        B           957             3             957           960             0   95
567   568        C           959             7             962           969             3   90
568   569        B           960             3             969           972             9   90
569   570        C           961             7             965           972             4  Gas
570   571        C           963             5             972           977             9   90
571   572        A           966             1             966           967             0   95
572   573        B           967             3             967           970             0   95
573   574        B           970             2             970           972             0   95
574   575        A           973             1             973           974             0   95
575   576        C           975             5             977           982             2   90
576   577        C           978             7             978           985             0  Gas
577   578        C           979             3             985           988             6  Gas
578   579        C           980             5             988           993             8  Gas
579   580        A           983             2             983           985             0   95
580   581        A           983             2             985           987             2   95
581   582        B           986             2             987           989             1   95
582   583        C           988             5             993           998             5  Gas
583   584        C           990             7             998          1005             8  Gas
584   585        C           991             3             991           994             0   90
585   586        C           992             5            1005          1010            13  Gas
586   587        C           993             5            1010          1015            17  Gas
587   588        C           993             5             994           999             1   90
588   589        C           996             5             999          1004             3   90
589   590        C           997             5            1015          1020            18  Gas
590   591        C           999             7            1004          1011             5   90
591   592        B          1000             1            1000          1001             0   95
592   593        C          1000             5            1011          1016            11   90
593   594        B          1002             2            1002          1004             0   95
594   595        C          1003             7            1020          1027            17  Gas
595   596        C          1006             5            1016          1021            10   90
596   597        C          1006             5            1027          1032            21  Gas
597   598        A          1006             3            1006          1009             0   95
598   599        C          1008             7            1032          1039            24  Gas
599   600        B          1009             3            1021          1024            12   90
600   601        C          1009             3            1039          1042            30  Gas
601   602        A          1011             3            1011          1014             0   95
602   603        B          1013             3            1014          1017             1   95
603   604        C          1016             5            1024          1029             8   90
604   605        C          1018             5            1042          1047            24  Gas
605   606        C          1018             7            1029          1036            11   90
606   607        B          1020             1            1036          1037            16   90
607   608        B          1022             3            1037          1040            15   90
608   609        B          1023             3            1023          1026             0   95
609   610        C          1025             7            1047          1054            22  Gas
610   611        B          1026             2            1026          1028             0   95
611   612        B          1027             1            1028          1029             1   95
612   613        A          1030             1            1030          1031             0   95
613   614        C          1033             5            1040          1045             7   90
614   615        C          1033             3            1045          1048            12   90
615   616        B          1036             3            1036          1039             0   95
616   617        B          1037             3            1048          1051            11   90
617   618        A          1040             1            1040          1041             0   95
618   619        A          1043             3            1043          1046             0   95
619   620        B          1046             3            1046          1049             0   95
620   621        B          1048             2            1049          1051             1   95
621   622        B          1051             3            1051          1054             0   95
622   623        B          1053             3            1053          1056             0   90
623   624        C          1053             5            1054          1059             1  Gas
624   625        C          1053             5            1056          1061             3   90
625   626        C          1055             3            1061          1064             6   90
626   627        A          1058             2            1058          1060             0   95
627   628        B          1061             2            1061          1063             0   95
628   629        C          1061             5            1061          1066             0  Gas
629   630        A          1061             2            1063          1065             2   95
630   631        C          1062             5            1066          1071             4  Gas
631   632        A          1064             3            1065          1068             1   95
632   633        A          1064             2            1068          1070             4   95
633   634        A          1067             1            1070          1071             3   95
634   635        C          1069             3            1071          1074             2  Gas
635   636        B          1070             1            1071          1072             1   95
636   637        C          1072             7            1074          1081             2  Gas
637   638        B          1073             3            1073          1076             0   90
638   639        B          1076             2            1076          1078             0   95
639   640        A          1078             3            1078          1081             0   95
640   641        A          1079             2            1081          1083             2   95
641   642        C          1082             7            1082          1089             0   90
642   643        C          1082             7            1082          1089             0  Gas
643   644        A          1084             3            1084          1087             0   95
644   645        A          1086             3            1087          1090             1   95
645   646        A          1088             2            1090          1092             2   95
646   647        B          1091             3            1092          1095             1   95
647   648        C          1094             5            1094          1099             0  Gas
648   649        A          1096             2            1096          1098             0   95
649   650        A          1098             1            1098          1099             0   95
650   651        C          1098             3            1099          1102             1  Gas
651   652        C          1101             5            1101          1106             0   90
652   653        A          1101             3            1101          1104             0   95
653   654        B          1102             1            1104          1105             2   95
654   655        B          1105             2            1106          1108             1   90
655   656        B          1107             3            1108          1111             1   90
656   657        C          1107             5            1111          1116             4   90
657   658        B          1110             3            1110          1113             0   95
658   659        C          1113             5            1113          1118             0  Gas
659   660        C          1116             7            1118          1125             2  Gas
660   661        A          1118             2            1118          1120             0   95
661   662        A          1118             1            1120          1121             2   95
662   663        B          1119             3            1121          1124             2   95
663   664        A          1122             1            1124          1125             2   95
664   665        B          1122             1            1125          1126             3   95
665   666        B          1123             2            1126          1128             3   95
666   667        B          1126             1            1126          1127             0   90
667   668        C          1128             7            1128          1135             0   90
668   669        B          1130             1            1130          1131             0   95
669   670        C          1133             7            1133          1140             0  Gas
670   671        C          1136             3            1140          1143             4  Gas
671   672        C          1138             5            1138          1143             0   90
672   673        C          1140             7            1143          1150             3  Gas
673   674        B          1141             2            1143          1145             2   90
674   675        A          1144             2            1144          1146             0   95
675   676        C          1147             5            1150          1155             3  Gas
676   677        B          1149             2            1149          1151             0   90
677   678        B          1149             1            1151          1152             2   90
678   679        B          1149             2            1149          1151             0   95
679   680        C          1152             7            1155          1162             3  Gas
680   681        C          1152             3            1162          1165            10  Gas
681   682        B          1155             3            1155          1158             0   95
682   683        C          1157             7            1157          1164             0   90
683   684        C          1157             5            1165          1170             8  Gas
684   685        C          1159             7            1164          1171             5   90
685   686        A          1162             1            1162          1163             0   95
686   687        B          1165             1            1165          1166             0   95
687   688        A          1166             3            1166          1169             0   95
688   689        B          1169             1            1169          1170             0   95
689   690        A          1172             2            1172          1174             0   95
690   691        B          1174             3            1174          1177             0   90
691   692        B          1174             3            1174          1177             0   95
692   693        A          1177             3            1177          1180             0   95
693   694        C          1177             3            1177          1180             0  Gas
694   695        A          1180             3            1180          1183             0   95
695   696        B          1180             3            1183          1186             3   95
696   697        B          1182             3            1182          1185             0   90
697   698        B          1185             2            1186          1188             1   95
698   699        C          1187             5            1187          1192             0  Gas
699   700        C          1187             3            1192          1195             5  Gas
700   701        C          1189             7            1195          1202             6  Gas
701   702        A          1189             3            1189          1192             0   95
702   703        C          1189             5            1202          1207            13  Gas
703   704        B          1191             1            1191          1192             0   90
704   705        C          1193             3            1207          1210            14  Gas
705   706        C          1195             7            1195          1202             0   90
706   707        B          1197             3            1202          1205             5   90
707   708        A          1199             3            1199          1202             0   95
708   709        B          1199             3            1205          1208             6   90
709   710        B          1200             2            1208          1210             8   90
710   711        C          1202             5            1210          1215             8   90
711   712        C          1203             5            1210          1215             7  Gas
712   713        B          1205             3            1205          1208             0   95
713   714        B          1205             2            1215          1217            10   90
714   715        B          1208             2            1208          1210             0   95
715   716        C          1211             5            1217          1222             6   90
716   717        A          1214             2            1214          1216             0   95
717   718        C          1214             3            1215          1218             1  Gas
718   719        C          1217             3            1218          1221             1  Gas
719   720        C          1220             7            1222          1229             2   90
720   721        B          1223             3            1229          1232             6   90
721   722        A          1225             1            1225          1226             0   95
722   723        A          1226             3            1226          1229             0   95
723   724        B          1229             2            1232          1234             3   90
724   725        C          1232             7            1232          1239             0  Gas
725   726        B          1233             3            1233          1236             0   95
726   727        B          1234             3            1236          1239             2   95
727   728        A          1234             3            1239          1242             5   95
728   729        A          1235             3            1242          1245             7   95
729   730        A          1236             1            1245          1246             9   95
730   731        C          1238             7            1239          1246             1  Gas
731   732        C          1239             5            1246          1251             7  Gas
732   733        C          1242             7            1242          1249             0   90
733   734        C          1245             5            1251          1256             6  Gas
734   735        C          1248             7            1256          1263             8  Gas
735   736        B          1249             2            1249          1251             0   95
736   737        C          1252             7            1263          1270            11  Gas
737   738        C          1252             7            1270          1277            18  Gas
738   739        A          1252             3            1252          1255             0   95
739   740        B          1255             1            1255          1256             0   95
740   741        C          1256             5            1256          1261             0   90
741   742        B          1258             3            1258          1261             0   95
742   743        C          1261             5            1277          1282            16  Gas
743   744        B          1262             3            1262          1265             0   95
744   745        C          1264             5            1264          1269             0   90
745   746        B          1267             3            1269          1272             2   90
746   747        B          1269             1            1269          1270             0   95
747   748        C          1272             5            1282          1287            10  Gas
748   749        B          1275             1            1275          1276             0   90
749   750        C          1278             7            1287          1294             9  Gas
750   751        C          1279             7            1294          1301            15  Gas
751   752        B          1279             3            1279          1282             0   90
752   753        C          1281             5            1301          1306            20  Gas
753   754        C          1284             3            1306          1309            22  Gas
754   755        A          1285             3            1285          1288             0   95
755   756        C          1287             3            1287          1290             0   90
756   757        A          1289             1            1289          1290             0   95
757   758        B          1292             1            1292          1293             0   90
758   759        A          1292             3            1292          1295             0   95
759   760        A          1294             3            1295          1298             1   95
760   761        B          1295             3            1298          1301             3   95
761   762        B          1296             2            1301          1303             5   95
762   763        B          1299             3            1303          1306             4   95
763   764        B          1300             2            1300          1302             0   90
764   765        C          1302             7            1309          1316             7  Gas
765   766        B          1305             2            1306          1308             1   95
766   767        C          1306             5            1316          1321            10  Gas
767   768        C          1309             7            1321          1328            12  Gas
768   769        A          1312             2            1312          1314             0   95
769   770        C          1315             5            1328          1333            13  Gas
770   771        C          1317             7            1333          1340            16  Gas
771   772        C          1317             7            1340          1347            23  Gas
772   773        C          1318             5            1347          1352            29  Gas
773   774        A          1320             2            1320          1322             0   95
774   775        A          1322             2            1322          1324             0   95
775   776        B          1325             3            1325          1328             0   95
776   777        B          1328             2            1328          1330             0   95
777   778        B          1331             1            1331          1332             0   95
778   779        C          1332             5            1352          1357            20  Gas
779   780        C          1334             5            1334          1339             0   90
780   781        B          1336             3            1336          1339             0   95
781   782        B          1339             3            1339          1342             0   95
782   783        B          1342             2            1342          1344             0   95
783   784        C          1345             7            1357          1364            12  Gas
784   785        A          1347             1            1347          1348             0   95
785   786        B          1350             3            1350          1353             0   90
786   787        C          1352             3            1364          1367            12  Gas
787   788        B          1353             2            1353          1355             0   95
788   789        A          1353             3            1355          1358             2   95
789   790        B          1355             3            1358          1361             3   95
790   791        C          1358             7            1367          1374             9  Gas
791   792        B          1361             3            1361          1364             0   95
792   793        C          1364             7            1374          1381            10  Gas
793   794        B          1367             3            1367          1370             0   90
794   795        C          1370             5            1370          1375             0   90
795   796        B          1371             2            1371          1373             0   95
796   797        C          1374             5            1381          1386             7  Gas
797   798        B          1377             2            1377          1379             0   95
798   799        C          1380             3            1386          1389             6  Gas
799   800        C          1382             5            1389          1394             7  Gas
800   801        B          1385             3            1385          1388             0   90
801   802        A          1387             3            1387          1390             0   95
802   803        B          1390             3            1390          1393             0   95
803   804        A          1392             3            1393          1396             1   95
804   805        C          1393             7            1394          1401             1  Gas
805   806        B          1394             3            1396          1399             2   95
806   807        B          1394             1            1399          1400             5   95
807   808        C          1394             7            1394          1401             0   90
808   809        C          1397             7            1401          1408             4   90
809   810        C          1399             5            1401          1406             2  Gas
810   811        C          1399             3            1406          1409             7  Gas
811   812        A          1401             2            1401          1403             0   95
812   813        C          1401             7            1408          1415             7   90
813   814        B          1401             3            1403          1406             2   95
814   815        C          1403             3            1409          1412             6  Gas
815   816        A          1405             2            1406          1408             1   95
816   817        A          1408             3            1408          1411             0   95
817   818        B          1411             2            1415          1417             4   90
818   819        C          1414             7            1414          1421             0  Gas
819   820        A          1416             3            1416          1419             0   95
820   821        C          1418             7            1421          1428             3  Gas
821   822        B          1419             1            1419          1420             0   95
822   823        C          1422             3            1428          1431             6  Gas
823   824        A          1424             3            1424          1427             0   95
824   825        A          1427             3            1427          1430             0   95
825   826        C          1429             5            1429          1434             0   90
826   827        B          1432             3            1434          1437             2   90
827   828        A          1434             1            1434          1435             0   95
828   829        B          1435             3            1435          1438             0   95
829   830        C          1436             5            1436          1441             0  Gas
830   831        C          1438             3            1441          1444             3  Gas
831   832        C          1438             5            1444          1449             6  Gas
832   833        A          1438             2            1438          1440             0   95
833   834        B          1441             3            1441          1444             0   90
834   835        A          1444             3            1444          1447             0   95
835   836        A          1446             3            1447          1450             1   95
836   837        A          1448             2            1450          1452             2   95
837   838        B          1451             2            1452          1454             1   95
838   839        C          1451             7            1451          1458             0  Gas
839   840        A          1452             3            1454          1457             2   95
840   841        B          1454             1            1457          1458             3   95
841   842        A          1454             2            1458          1460             4   95
842   843        B          1455             3            1460          1463             5   95
843   844        B          1458             2            1458          1460             0   90
844   845        C          1461             5            1461          1466             0  Gas
845   846        A          1464             2            1464          1466             0   95
846   847        B          1465             3            1465          1468             0   90
847   848        C          1468             7            1468          1475             0   90
848   849        A          1471             1            1471          1472             0   95
849   850        B          1474             3            1474          1477             0   95
850   851        C          1477             5            1477          1482             0   90
851   852        B          1478             3            1478          1481             0   95
852   853        B          1480             2            1481          1483             1   95
853   854        C          1483             3            1483          1486             0   90
854   855        A          1485             3            1485          1488             0   95
855   856        C          1486             3            1486          1489             0   90
856   857        B          1489             2            1489          1491             0   95
857   858        A          1491             2            1491          1493             0   95
858   859        A          1492             3            1493          1496             1   95
859   860        B          1492             3            1492          1495             0   90
860   861        C          1493             5            1493          1498             0  Gas
861   862        C          1493             5            1498          1503             5  Gas
862   863        B          1496             3            1496          1499             0   95
863   864        C          1498             5            1503          1508             5  Gas
864   865        C          1498             5            1508          1513            10  Gas
865   866        C          1501             5            1501          1506             0   90
866   867        A          1504             3            1504          1507             0   95
867   868        A          1507             1            1507          1508             0   95
868   869        C          1507             3            1513          1516             6  Gas
869   870        C          1510             7            1516          1523             6  Gas
870   871        C          1513             5            1513          1518             0   90
871   872        C          1515             5            1518          1523             3   90
872   873        C          1518             5            1523          1528             5   90
873   874        C          1520             7            1523          1530             3  Gas
874   875        B          1523             3            1523          1526             0   95
875   876        C          1526             5            1528          1533             2   90
876   877        A          1529             3            1529          1532             0   95
877   878        C          1532             3            1532          1535             0  Gas
878   879        C          1535             5            1535          1540             0   90
879   880        B          1536             1            1540          1541             4   90
880   881        B          1538             1            1538          1539             0   95
881   882        C          1539             3            1541          1544             2   90
882   883        B          1542             1            1542          1543             0   95
883   884        B          1545             3            1545          1548             0   90
884   885        A          1547             3            1547          1550             0   95
885   886        B          1550             3            1550          1553             0   95
886   887        C          1553             5            1553          1558             0  Gas
887   888        B          1555             3            1555          1558             0   95
888   889        C          1556             5            1556          1561             0   90
889   890        C          1559             5            1561          1566             2   90
890   891        C          1560             3            1566          1569             6   90
891   892        B          1563             3            1563          1566             0   95
892   893        C          1563             5            1569          1574             6   90
893   894        B          1563             3            1566          1569             3   95
894   895        C          1566             5            1574          1579             8   90
895   896        C          1569             3            1579          1582            10   90
896   897        C          1572             5            1582          1587            10   90
897   898        B          1575             3            1575          1578             0   95
898   899        C          1577             7            1587          1594            10   90
899   900        A          1577             1            1578          1579             1   95
900   901        C          1577             7            1577          1584             0  Gas
901   902        C          1580             7            1594          1601            14   90
902   903        C          1580             5            1584          1589             4  Gas
903   904        B          1583             2            1601          1603            18   90
904   905        B          1583             1            1583          1584             0   95
905   906        C          1586             5            1589          1594             3  Gas
906   907        A          1586             2            1586          1588             0   95
907   908        C          1588             5            1603          1608            15   90
908   909        C          1591             7            1608          1615            17   90
909   910        C          1591             7            1615          1622            24   90
910   911        C          1593             7            1594          1601             1  Gas
911   912        C          1596             3            1622          1625            26   90
912   913        B          1597             1            1597          1598             0   95
913   914        C          1597             5            1625          1630            28   90
914   915        B          1597             3            1630          1633            33   90
915   916        B          1597             3            1598          1601             1   95
916   917        A          1600             3            1601          1604             1   95
917   918        C          1602             5            1602          1607             0  Gas
918   919        B          1605             3            1633          1636            28   90
919   920        C          1608             5            1608          1613             0  Gas
920   921        B          1609             3            1636          1639            27   90
921   922        C          1610             5            1613          1618             3  Gas
922   923        A          1612             1            1612          1613             0   95
923   924        C          1612             7            1639          1646            27   90
924   925        C          1615             3            1618          1621             3  Gas
925   926        A          1617             2            1617          1619             0   95
926   927        C          1619             7            1621          1628             2  Gas
927   928        C          1622             3            1628          1631             6  Gas
928   929        C          1625             5            1631          1636             6  Gas
929   930        C          1628             7            1636          1643             8  Gas
930   931        A          1630             2            1630          1632             0   95
931   932        C          1633             7            1646          1653            13   90
932   933        A          1633             1            1633          1634             0   95
933   934        A          1635             1            1635          1636             0   95
934   935        B          1636             2            1653          1655            17   90
935   936        B          1637             1            1637          1638             0   95
936   937        B          1637             1            1638          1639             1   95
937   938        C          1640             5            1655          1660            15   90
938   939        B          1643             3            1660          1663            17   90
939   940        A          1646             1            1646          1647             0   95
940   941        B          1649             1            1649          1650             0   95
941   942        C          1650             5            1663          1668            13   90
942   943        C          1652             3            1668          1671            16   90
943   944        A          1654             3            1654          1657             0   95
944   945        A          1655             3            1657          1660             2   95
945   946        C          1656             5            1656          1661             0  Gas
946   947        C          1658             3            1671          1674            13   90
947   948        C          1660             7            1661          1668             1  Gas
948   949        C          1663             5            1674          1679            11   90
949   950        B          1665             3            1665          1668             0   95
950   951        C          1665             7            1668          1675             3  Gas
951   952        C          1666             5            1675          1680             9  Gas
952   953        C          1668             3            1680          1683            12  Gas
953   954        A          1670             1            1670          1671             0   95
954   955        B          1671             2            1671          1673             0   95
955   956        A          1674             3            1674          1677             0   95
956   957        C          1674             5            1679          1684             5   90
957   958        B          1674             2            1677          1679             3   95
958   959        B          1675             1            1684          1685             9   90
959   960        B          1678             2            1685          1687             7   90
960   961        B          1680             3            1680          1683             0   95
961   962        C          1683             5            1687          1692             4   90
962   963        C          1683             5            1683          1688             0  Gas
963   964        C          1686             5            1688          1693             2  Gas
964   965        C          1687             7            1693          1700             6  Gas
965   966        C          1688             5            1700          1705            12  Gas
966   967        C          1689             5            1705          1710            16  Gas
967   968        C          1691             3            1710          1713            19  Gas
968   969        B          1693             3            1693          1696             0   95
969   970        B          1693             2            1696          1698             3   95
970   971        B          1693             2            1698          1700             5   95
971   972        B          1693             3            1700          1703             7   95
972   973        C          1694             7            1694          1701             0   90
973   974        C          1695             5            1713          1718            18  Gas
974   975        C          1695             7            1701          1708             6   90
975   976        C          1697             7            1718          1725            21  Gas
976   977        C          1700             5            1725          1730            25  Gas
977   978        C          1702             5            1730          1735            28  Gas
978   979        C          1702             5            1708          1713             6   90
979   980        A          1705             1            1705          1706             0   95
980   981        C          1707             5            1735          1740            28  Gas
981   982        C          1708             3            1740          1743            32  Gas
982   983        A          1710             3            1710          1713             0   95
983   984        B          1710             2            1713          1715             3   95
984   985        B          1710             3            1715          1718             5   95
985   986        C          1712             7            1743          1750            31  Gas
986   987        B          1714             2            1718          1720             4   95
987   988        C          1717             3            1750          1753            33  Gas
988   989        B          1717             1            1717          1718             0   90
989   990        A          1719             3            1720          1723             1   95
990   991        C          1721             7            1721          1728             0   90
991   992        C          1724             5            1753          1758            29  Gas
992   993        B          1727             2            1728          1730             1   90
993   994        C          1729             5            1730          1735             1   90
994   995        B          1732             1            1732          1733             0   95
995   996        B          1733             1            1733          1734             0   95
996   997        C          1736             5            1758          1763            22  Gas
997   998        C          1739             5            1763          1768            24  Gas
998   999        B          1739             2            1739          1741             0   95
999  1000        C          1740             7            1740          1747             0   90