      Car Category  Arrival Time  Service Time  Service Begins  Service Ends  Waiting Time Pump
0       1        C             2             5               2             7             0  Gas
1       2        C             2             5               7            12             5  Gas
2       3        C             4             7              12            19             8  Gas
3       4        A             7             1               7             8             0   95
4       5        B            10             3              10            13             0   90
5       6        C            10             3              19            22             9  Gas
6       7        B            12             3              13            16             1   90
7       8        C            15             7              22            29             7  Gas
8       9        A            18             3              18            21             0   95
9      10        A            19             2              21            23             2   95
10     11        C            22             7              29            36             7  Gas
11     12        C            23             5              36            41            13  Gas
12     13        B            24             3              24            27             0   90
13     14        B            27             2              27            29             0   90
14     15        A            29             3              29            32             0   95
15     16        C            32             5              41            46             9  Gas
16     17        B            35             3              35            38             0   90
17     18        B            38             3              38            41             0   90
18     19        A            40             3              40            43             0   95
19     20        C            41             5              46            51             5  Gas
20     21        C            42             5              51            56             9  Gas
21     22        A            42             3              43            46             1   95
22     23        B            43             3              43            46             0   90
23     24        B            45             2              46            48             1   90
24     25        C            48             5              56            61             8  Gas
25     26        C            49             5              49            54             0   90
26     27        B            50             2              54            56             4   90
27     28        A            53             1              53            54             0   95
28     29        B            55             3              55            58             0   95
29     30        C            58             5              58            63             0   90
30     31        B            58             3              63            66             5   90
31     32        B            60             2              60            62             0   95
32     33        C            60             5              61            66             1  Gas
33     34        B            60             1              62            63             2   95
34     35        C            61             7              66            73             5  Gas
35     36        C            62             5              73            78            11  Gas
36     37        C            62             7              66            73             4   90
37     38        A            63             3              63            66             0   95
38     39        A            65             3              66            69             1   95
39     40        C            68             3              78            81            10  Gas
40     41        A            71             1              71            72             0   95
41     42        B            73             3              73            76             0   95
42     43        C            76             5              81            86             5  Gas
43     44        C            79             5              79            84             0   90
44     45        C            82             5              84            89             2   90
45     46        C            82             7              86            93             4  Gas
46     47        A            84             3              84            87             0   95
47     48        A            87             1              87            88             0   95
48     49        B            90             3              90            93             0   90
49     50        B            93             3              93            96             0   95
50     51        C            93             3              93            96             0  Gas
51     52        C            95             5              96           101             1  Gas
52     53        C            97             3              97           100             0   90
53     54        B           100             3             100           103             0   95
54     55        C           102             5             102           107             0  Gas
55     56        B           103             3             103           106             0   95
56     57        B           104             3             106           109             2   95
57     58        C           107             5             107           112             0  Gas
58     59        A           107             2             109           111             2   95
59     60        A           109             2             111           113             2   95
60     61        C           111             7             111           118             0   90
61     62        C           114             7             118           125             4   90
62     63        C           117             3             125           128             8   90
63     64        B           117             2             117           119             0   95
64     65        C           120             5             128           133             8   90
65     66        A           121             3             121           124             0   95
66     67        A           123             2             124           126             1   95
67     68        C           123             5             123           128             0  Gas
68     69        A           124             2             126           128             2   95
69     70        B           125             2             133           135             8   90
70     71        B           126             3             135           138             9   90
71     72        B           129             3             129           132             0   95
72     73        A           130             2             132           134             2   95
73     74        C           132             7             132           139             0  Gas
74     75        C           133             7             139           146             6  Gas
75     76        A           136             1             136           137             0   95
76     77        A           139             2             139           141             0   95
77     78        C           141             5             146           151             5  Gas
78     79        A           144             3             144           147             0   95
79     80        A           146             2             147           149             1   95
80     81        A           149             3             149           152             0   95
81     82        B           151             1             152           153             1   95
82     83        C           153             7             153           160             0  Gas
83     84        A           156             3             156           159             0   95
84     85        A           157             2             159           161             2   95
85     86        C           157             7             160           167             3  Gas
86     87        C           160             5             167           172             7  Gas
87     88        C           162             3             162           165             0   90
88     89        A           164             2             164           166             0   95
89     90        B           166             2             166           168             0   95
90     91        C           166             3             172           175             6  Gas
91     92        C           168             5             168           173             0   90
92     93        C           171             3             173           176             2   90
93     94        B           172             2             172           174             0   95
94     95        C           173             7             176           183             3   90
95     96        B           174             2             183           185             9   90
96     97        A           175             3             175           178             0   95
97     98        B           175             3             185           188            10   90
98     99        C           176             5             188           193            12   90
99    100        C           176             3             176           179             0  Gas
100   101        B           178             3             178           181             0   95
101   102        C           179             7             179           186             0  Gas
102   103        B           180             2             181           183             1   95
103   104        C           183             7             186           193             3  Gas
104   105        B           183             1             183           184             0   95
105   106        C           186             5             193           198             7  Gas
106   107        B           189             3             193           196             4   90
107   108        B           191             3             191           194             0   95
108   109        C           194             5             196           201             2   90
109   110        B           195             2             201           203             6   90
110   111        C           197             5             198           203             1  Gas
111   112        C           199             7             203           210             4  Gas
112   113        B           201             3             201           204             0   95
113   114        C           203             3             210           213             7  Gas
114   115        A           205             3             205           208             0   95
115   116        C           205             3             205           208             0   90
116   117        B           208             3             208           211             0   95
117   118        A           210             2             211           213             1   95
118   119        C           213             7             213           220             0  Gas
119   120        C           213             5             220           225             7  Gas
120   121        C           215             7             225           232            10  Gas
121   122        B           218             1             218           219             0   95
122   123        B           220             2             220           222             0   95
123   124        C           220             7             232           239            12  Gas
124   125        B           220             3             222           225             2   95
125   126        B           223             3             225           228             2   95
126   127        A           223             2             228           230             5   95
127   128        C           224             5             224           229             0   90
128   129        A           227             2             230           232             3   95
129   130        C           228             5             239           244            11  Gas
130   131        B           228             3             232           235             4   95
131   132        C           231             5             244           249            13  Gas
132   133        B           231             3             235           238             4   95
133   134        A           234             2             238           240             4   95
134   135        B           237             2             237           239             0   90
135   136        B           240             3             240           243             0   95
136   137        B           241             1             243           244             2   95
137   138        C           242             3             249           252             7  Gas
138   139        C           242             5             252           257            10  Gas
139   140        A           244             3             244           247             0   95
140   141        B           244             2             244           246             0   90
141   142        B           245             3             247           250             2   95
142   143        B           248             2             250           252             2   95
143   144        A           249             1             252           253             3   95
144   145        C           252             7             252           259             0   90
145   146        C           254             5             257           262             3  Gas
146   147        C           256             5             262           267             6  Gas
147   148        C           259             5             267           272             8  Gas
148   149        B           260             2             260           262             0   90
149   150        B           263             1             263           264             0   95
150   151        B           263             2             263           265             0   90
151   152        B           266             2             266           268             0   95
152   153        B           269             1             269           270             0   90
153   154        C           269             5             272           277             3  Gas
154   155        C           272             3             277           280             5  Gas
155   156        B           275             3             275           278             0   90
156   157        B           277             2             277           279             0   95
157   158        C           277             7             280           287             3  Gas
158   159        C           278             5             287           292             9  Gas
159   160        C           278             5             278           283             0   90
160   161        A           278             2             279           281             1   95
161   162        B           279             3             283           286             4   90
162   163        A           279             2             281           283             2   95
163   164        B           280             2             283           285             3   95
164   165        C           283             7             292           299             9  Gas
165   166        B           286             2             286           288             0   95
166   167        C           286             7             286           293             0   90
167   168        C           288             7             299           306            11  Gas
168   169        C           291             5             306           311            15  Gas
169   170        C           294             3             294           297             0   90
170   171        B           297             3             297           300             0   90
171   172        B           297             3             297           300             0   95
172   173        C           300             7             311           318            11  Gas
173   174        A           301             2             301           303             0   95
174   175        B           303             2             303           305             0   90
175   176        B           306             3             306           309             0   90
176   177        C           307             5             318           323            11  Gas
177   178        B           307             3             307           310             0   95
178   179        C           309             5             323           328            14  Gas
179   180        B           312             3             312           315             0   90
180   181        B           312             3             315           318             3   90
181   182        B           313             3             318           321             5   90
182   183        C           315             7             321           328             6   90
183   184        A           318             3             318           321             0   95
184   185        C           321             7             328           335             7  Gas
185   186        B           324             3             324           327             0   95
186   187        C           326             5             335           340             9  Gas
187   188        B           329             3             329           332             0   95
188   189        B           329             3             332           335             3   95
189   190        B           332             3             332           335             0   90
190   191        C           334             5             335           340             1   90
191   192        B           337             3             337           340             0   95
192   193        B           338             3             340           343             2   90
193   194        C           341             3             343           346             2   90
194   195        A           344             3             344           347             0   95
195   196        B           344             3             347           350             3   95
196   197        C           344             7             344           351             0  Gas
197   198        C           346             5             346           351             0   90
198   199        A           349             3             350           353             1   95
199   200        C           349             5             351           356             2  Gas
200   201        B           351             2             353           355             2   95
201   202        B           354             1             355           356             1   95
202   203        C           357             7             357           364             0  Gas
203   204        B           358             3             358           361             0   90
204   205        C           360             3             364           367             4  Gas
205   206        A           363             3             363           366             0   95
206   207        C           364             3             364           367             0   90
207   208        B           367             3             367           370             0   95
208   209        B           370             2             370           372             0   95
209   210        B           371             3             372           375             1   95
210   211        C           374             5             374           379             0  Gas
211   212        C           376             3             376           379             0   90
212   213        C           378             7             379           386             1   90
213   214        C           378             5             379           384             1  Gas
214   215        B           380             3             380           383             0   95
215   216        C           383             3             384           387             1  Gas
216   217        B           386             2             386           388             0   90
217   218        B           389             3             389           392             0   90
218   219        C           390             5             392           397             2   90
219   220        C           392             5             392           397             0  Gas
220   221        B           394             3             394           397             0   95
221   222        B           396             2             397           399             1   95
222   223        C           398             3             398           401             0   90
223   224        A           401             3             401           404             0   95
224   225        C           403             5             403           408             0  Gas
225   226        B           404             3             404           407             0   90
226   227        B           404             1             404           405             0   95
227   228        B           406             1             407           408             1   90
228   229        A           407             1             407           408             0   95
229   230        A           408             2             408           410             0   95
230   231        B           411             3             411           414             0   95
231   232        A           414             3             414           417             0   95
232   233        B           417             2             417           419             0   95
233   234        B           419             2             419           421             0   90
234   235        B           420             1             420           421             0   95
235   236        A           421             3             421           424             0   95
236   237        A           422             3             424           427             2   95
237   238        B           425             3             427           430             2   95
238   239        C           428             5             428           433             0   90
239   240        A           428             3             430           433             2   95
240   241        C           428             5             433           438             5   90
241   242        A           431             3             433           436             2   95
242   243        B           432             2             436           438             4   95
243   244        B           434             3             438           441             4   95
244   245        B           437             3             441           444             4   95
245   246        A           437             3             444           447             7   95
246   247        A           438             3             447           450             9   95
247   248        A           438             2             450           452            12   95
248   249        C           440             7             440           447             0  Gas
249   250        C           443             5             447           452             4  Gas
250   251        C           445             3             452           455             7  Gas
251   252        B           445             2             452           454             7   95
252   253        C           448             7             455           462             7  Gas
253   254        B           449             1             454           455             5   95
254   255        C           450             5             462           467            12  Gas
255   256        B           452             2             452           454             0   90
256   257        C           455             5             467           472            12  Gas
257   258        B           455             3             455           458             0   90
258   259        C           457             7             472           479            15  Gas
259   260        A           459             1             459           460             0   95
260   261        B           459             2             460           462             1   95
261   262        C           462             7             462           469             0   90
262   263        C           465             5             469           474             4   90
263   264        C           466             5             474           479             8   90
264   265        C           466             7             479           486            13   90
265   266        C           468             5             479           484            11  Gas
266   267        C           469             5             484           489            15  Gas
267   268        C           472             5             486           491            14   90
268   269        C           475             3             489           492            14  Gas
269   270        B           478             1             491           492            13   90
270   271        A           478             1             478           479             0   95
271   272        C           481             3             492           495            11  Gas
272   273        B           481             3             481           484             0   95
273   274        B           484             3             484           487             0   95
274   275        A           485             3             487           490             2   95
275   276        B           488             3             490           493             2   95
276   277        C           489             5             495           500             6  Gas
277   278        A           491             3             493           496             2   95
278   279        A           494             3             496           499             2   95
279   280        B           494             3             499           502             5   95
280   281        B           497             2             502           504             5   95
281   282        C           497             5             497           502             0   90
282   283        B           500             2             502           504             2   90
283   284        B           502             2             504           506             2   95
284   285        C           504             7             504           511             0  Gas
285   286        C           505             5             511           516             6  Gas
286   287        B           508             1             508           509             0   95
287   288        C           509             7             509           516             0   90
288   289        B           509             1             509           510             0   95
289   290        B           511             1             516           517             5   90
290   291        C           512             5             516           521             4  Gas
291   292        A           512             3             512           515             0   95
292   293        B           513             1             515           516             2   95
293   294        A           515             1             516           517             1   95
294   295        C           516             5             521           526             5  Gas
295   296        C           518             5             526           531             8  Gas
296   297        B           520             3             520           523             0   95
297   298        A           521             1             523           524             2   95
298   299        C           522             3             531           534             9  Gas
299   300        A           525             2             525           527             0   95
300   301        C           527             3             534           537             7  Gas
301   302        C           528             5             528           533             0   90
302   303        A           531             1             531           532             0   95
303   304        B           531             3             532           535             1   95
304   305        C           533             3             537           540             4  Gas
305   306        B           536             3             536           539             0   90
306   307        A           537             3             537           540             0   95
307   308        B           539             3             540           543             1   95
308   309        C           539             5             540           545             1  Gas
309   310        B           541             3             543           546             2   95
310   311        B           542             3             546           549             4   95
311   312        B           543             1             543           544             0   90
312   313        A           544             3             549           552             5   95
313   314        A           547             1             552           553             5   95
314   315        B           550             3             550           553             0   90
315   316        C           553             7             553           560             0   90
316   317        B           556             3             560           563             4   90
317   318        A           559             3             559           562             0   95
318   319        A           560             1             562           563             2   95
319   320        C           563             5             563           568             0  Gas
320   321        B           566             1             566           567             0   90
321   322        C           569             7             569           576             0  Gas
322   323        C           571             5             571           576             0   90
323   324        C           573             7             576           583             3  Gas
324   325        C           575             5             583           588             8  Gas
325   326        A           575             3             575           578             0   95
326   327        B           576             1             576           577             0   90
327   328        C           578             5             588           593            10  Gas
328   329        C           581             5             581           586             0   90
329   330        B           584             3             586           589             2   90
330   331        C           585             3             589           592             4   90
331   332        A           588             2             588           590             0   95
332   333        B           590             3             592           595             2   90
333   334        B           593             2             593           595             0   95
334   335        C           596             3             596           599             0   90
335   336        B           597             3             597           600             0   95
336   337        A           598             3             600           603             2   95
337   338        A           600             3             603           606             3   95
338   339        A           600             3             606           609             6   95
339   340        C           600             5             600           605             0   90
340   341        C           603             3             603           606             0  Gas
341   342        B           604             3             605           608             1   90
342   343        C           605             5             606           611             1  Gas
343   344        C           608             5             611           616             3  Gas
344   345        C           610             5             616           621             6  Gas
345   346        A           610             3             610           613             0   95
346   347        B           612             3             613           616             1   95
347   348        C           614             7             621           628             7  Gas
348   349        B           617             1             617           618             0   95
349   350        A           620             2             620           622             0   95
350   351        B           621             3             622           625             1   95
351   352        C           623             5             628           633             5  Gas
352   353        C           623             3             633           636            10  Gas
353   354        A           625             2             625           627             0   95
354   355        B           627             2             627           629             0   95
355   356        A           629             3             629           632             0   95
356   357        C           632             5             632           637             0   90
357   358        B           633             2             637           639             4   90
358   359        C           634             5             636           641             2  Gas
359   360        A           634             2             634           636             0   95
360   361        A           635             3             636           639             1   95
361   362        C           635             5             641           646             6  Gas
362   363        B           636             3             639           642             3   95
363   364        A           636             2             642           644             6   95
364   365        C           639             5             646           651             7  Gas
365   366        B           642             3             642           645             0   90
366   367        B           645             3             645           648             0   95
367   368        A           646             1             648           649             2   95
368   369        C           649             7             649           656             0   90
369   370        A           651             1             651           652             0   95
370   371        C           654             7             656           663             2   90
371   372        A           654             1             654           655             0   95
372   373        B           657             3             663           666             6   90
373   374        A           657             2             657           659             0   95
374   375        C           660             7             660           667             0  Gas
375   376        C           660             7             667           674             7  Gas
376   377        C           660             5             674           679            14  Gas
377   378        C           661             5             666           671             5   90
378   379        B           661             3             671           674            10   90
379   380        A           664             1             664           665             0   95
380   381        A           665             3             665           668             0   95
381   382        C           668             5             679           684            11  Gas
382   383        B           668             1             674           675             6   90
383   384        B           669             2             669           671             0   95
384   385        B           672             2             672           674             0   95
385   386        A           673             3             674           677             1   95
386   387        C           675             3             675           678             0   90
387   388        C           676             5             678           683             2   90
388   389        C           677             5             684           689             7  Gas
389   390        C           678             5             689           694            11  Gas
390   391        C           681             5             694           699            13  Gas
391   392        C           683             5             699           704            16  Gas
392   393        C           685             5             685           690             0   90
393   394        C           686             5             704           709            18  Gas
394   395        B           689             2             689           691             0   95
395   396        A           691             3             691           694             0   95
396   397        C           691             3             691           694             0   90
397   398        B           691             3             694           697             3   90
398   399        C           694             7             709           716            15  Gas
399   400        C           696             5             697           702             1   90
400   401        B           696             3             696           699             0   95
401   402        A           699             3             699           702             0   95
402   403        B           702             3             702           705             0   95
403   404        B           705             3             705           708             0   90
404   405        C           706             7             716           723            10  Gas
405   406        C           709             5             709           714             0   90
406   407        B           711             2             714           716             3   90
407   408        C           714             5             723           728             9  Gas
408   409        A           714             3             714           717             0   95
409   410        A           716             3             717           720             1   95
410   411        B           716             2             720           722             4   95
411   412        A           719             1             722           723             3   95
412   413        B           721             3             721           724             0   90
413   414        B           722             3             723           726             1   95
414   415        C           723             3             728           731             5  Gas
415   416        B           724             3             724           727             0   90
416   417        B           727             1             727           728             0   95
417   418        B           728             2             728           730             0   90
418   419        B           729             3             730           733             1   90
419   420        A           732             2             732           734             0   95
420   421        A           734             1             734           735             0   95
421   422        B           737             1             737           738             0   90
422   423        A           738             2             738           740             0   95
423   424        C           741             7             741           748             0   90
424   425        C           743             7             743           750             0  Gas
425   426        C           746             5             750           755             4  Gas
426   427        C           747             5             755           760             8  Gas
427   428        C           748             7             760           767            12  Gas
428   429        C           749             7             767           774            18  Gas
429   430        A           752             3             752           755             0   95
430   431        B           753             1             753           754             0   90
431   432        A           755             1             755           756             0   95
432   433        C           757             7             774           781            17  Gas
433   434        C           760             7             760           767             0   90
434   435        A           761             3             761           764             0   95
435   436        A           762             3             764           767             2   95
436   437        C           763             5             781           786            18  Gas
437   438        C           763             5             786           791            23  Gas
438   439        C           766             5             791           796            25  Gas
439   440        A           769             1             769           770             0   95
440   441        B           770             3             770           773             0   95
441   442        C           772             7             772           779             0   90
442   443        B           775             1             779           780             4   90
443   444        B           775             2             780           782             5   90
444   445        A           778             2             778           780             0   95
445   446        C           779             3             782           785             3   90
446   447        C           782             3             796           799            14  Gas
447   448        B           785             3             785           788             0   90
448   449        B           788             2             788           790             0   95
449   450        C           790             3             799           802             9  Gas
450   451        A           791             2             791           793             0   95
451   452        B           794             3             794           797             0   90
452   453        A           797             1             797           798             0   95
453   454        B           797             3             797           800             0   90
454   455        B           800             1             800           801             0   90
455   456        B           802             3             802           805             0   90
456   457        C           805             5             805           810             0   90
457   458        C           808             7             810           817             2   90
458   459        A           808             1             808           809             0   95
459   460        B           808             2             817           819             9   90
460   461        C           810             5             819           824             9   90
461   462        B           813             3             824           827            11   90
462   463        C           816             5             816           821             0  Gas
463   464        A           818             3             818           821             0   95
464   465        A           819             3             821           824             2   95
465   466        C           821             5             821           826             0  Gas
466   467        B           823             3             824           827             1   95
467   468        C           826             3             826           829             0  Gas
468   469        C           829             7             829           836             0  Gas
469   470        B           830             2             830           832             0   95
470   471        A           833             3             833           836             0   95
471   472        A           833             3             836           839             3   95
472   473        B           836             3             839           842             3   95
473   474        C           839             7             839           846             0  Gas
474   475        A           841             2             842           844             1   95
475   476        C           841             5             846           851             5  Gas
476   477        C           842             5             842           847             0   90
477   478        B           844             2             844           846             0   95
478   479        C           845             5             851           856             6  Gas
479   480        C           847             7             847           854             0   90
480   481        C           848             5             856           861             8  Gas
481   482        C           851             5             861           866            10  Gas
482   483        B           854             2             854           856             0   95
483   484        B           857             3             857           860             0   90
484   485        A           860             1             860           861             0   95
485   486        B           860             2             860           862             0   90
486   487        B           862             3             862           865             0   90
487   488        C           863             5             866           871             3  Gas
488   489        A           864             3             864           867             0   95
489   490        C           867             3             871           874             4  Gas
490   491        C           869             7             874           881             5  Gas
491   492        C           871             5             881           886            10  Gas
492   493        C           871             7             886           893            15  Gas
493   494        B           874             1             874           875             0   90
494   495        C           876             5             893           898            17  Gas
495   496        B           876             1             876           877             0   95
496   497        C           878             5             898           903            20  Gas
497   498        B           878             3             878           881             0   95
498   499        C           880             5             880           885             0   90
499   500        C           883             7             903           910            20  Gas
500   501        B           885             3             885           888             0   95
501   502        B           886             2             888           890             2   95
502   503        B           887             3             887           890             0   90
503   504        B           889             1             890           891             1   95
504   505        C           889             7             890           897             1   90
505   506        B           889             3             897           900             8   90
506   507        C           892             5             910           915            18  Gas
507   508        B           893             3             893           896             0   95
508   509        B           896             2             900           902             4   90
509   510        C           899             7             902           909             3   90
510   511        B           901             3             909           912             8   90
511   512        C           904             5             912           917             8   90
512   513        C           907             7             915           922             8  Gas
513   514        C           909             5             922           927            13  Gas
514   515        C           910             7             927           934            17  Gas
515   516        C           913             5             917           922             4   90
516   517        A           914             3             914           917             0   95
517   518        C           917             5             934           939            17  Gas
518   519        C           920             5             922           927             2   90
519   520        A           923             2             923           925             0   95
520   521        C           923             3             939           942            16  Gas
521   522        B           925             3             925           928             0   95
522   523        C           928             5             928           933             0   90
523   524        C           928             7             942           949            14  Gas
524   525        C           931             5             949           954            18  Gas
525   526        C           934             5             954           959            20  Gas
526   527        B           937             2             937           939             0   90
527   528        C           940             3             940           943             0   90
528   529        C           943             3             943           946             0   90
529   530        A           946             1             946           947             0   95
530   531        A           949             1             949           950             0   95
531   532        B           952             3             952           955             0   90
532   533        C           952             3             955           958             3   90
533   534        B           953             2             953           955             0   95
534   535        C           953             7             959           966             6  Gas
535   536        B           956             1             958           959             2   90
536   537        C           957             5             966           971             9  Gas
537   538        B           958             3             958           961             0   95
538   539        B           958             2             961           963             3   95
539   540        C           961             5             961           966             0   90
540   541        C           961             7             966           973             5   90
541   542        A           963             3             963           966             0   95
542   543        C           965             3             971           974             6  Gas
543   544        B           966             3             966           969             0   95
544   545        A           967             2             969           971             2   95
545   546        B           970             3             973           976             3   90
546   547        B           970             1             971           972             1   95
547   548        B           973             1             976           977             3   90
548   549        B           975             3             977           980             2   90
549   550        C           978             7             978           985             0  Gas
550   551        B           980             3             980           983             0   90
551   552        B           982             3             983           986             1   90
552   553        C           985             7             986           993             1   90
553   554        B           988             2             993           995             5   90
554   555        A           991             2             991           993             0   95
555   556        A           993             3             993           996             0   95
556   557        A           995             3             996           999             1   95
557   558        B           998             1             999          1000             1   95
558   559        C          1000             7            1000          1007             0   90
559   560        B          1002             3            1007          1010             5   90
560   561        A          1005             1            1005          1006             0   95
561   562        C          1007             5            1010          1015             3   90
562   563        C          1010             7            1015          1022             5   90
563   564        C          1012             5            1012          1017             0  Gas
564   565        A          1012             2            1012          1014             0   95
565   566        A          1013             3            1014          1017             1   95
566   567        B          1015             2            1022          1024             7   90
567   568        C          1018             5            1018          1023             0  Gas
568   569        C          1020             3            1024          1027             4   90
569   570        A          1021             2            1021          1023             0   95
570   571        B          1022             2            1023          1025             1   95
571   572        C          1022             5            1027          1032             5   90
572   573        C          1025             5            1025          1030             0  Gas
573   574        B          1025             2            1032          1034             7   90
574   575        A          1026             1            1026          1027             0   95
575   576        A          1029             3            1029          1032             0   95
576   577        C          1031             3            1031          1034             0  Gas
577   578        B          1031             3            1032          1035             1   95
578   579        A          1034             2            1035          1037             1   95
579   580        C          1035             5            1035          1040             0   90
580   581        B          1037             1            1040          1041             3   90
581   582        C          1040             5            1040          1045             0  Gas
582   583        C          1042             5            1042          1047             0   90
583   584        A          1045             1            1045          1046             0   95
584   585        C          1045             5            1047          1052             2   90
585   586        C          1046             7            1046          1053             0  Gas
586   587        C          1049             3            1053          1056             4  Gas
587   588        C          1052             3            1056          1059             4  Gas
588   589        C          1054             7            1059          1066             5  Gas
589   590        C          1054             3            1054          1057             0   90
590   591        A          1057             3            1057          1060             0   95
591   592        B          1057             2            1060          1062             3   95
592   593        B          1060             1            1060          1061             0   90
593   594        B          1061             2            1061          1063             0   90
594   595        C          1061             5            1066          1071             5  Gas
595   596        A          1061             2            1062          1064             1   95
596   597        B          1063             3            1063          1066             0   90
597   598        B          1064             3            1066          1069             2   90
598   599        A          1065             3            1065          1068             0   95
599   600        C          1068             5            1071          1076             3  Gas
600   601        B          1071             3            1071          1074             0   95
601   602        A          1072             2            1074          1076             2   95
602   603        C          1075             5            1076          1081             1  Gas
603   604        B          1078             1            1078          1079             0   95
604   605        C          1080             3            1080          1083             0   90
605   606        C          1081             7            1081          1088             0  Gas
606   607        C          1084             3            1084          1087             0   90
607   608        B          1084             2            1084          1086             0   95
608   609        C          1084             5            1088          1093             4  Gas
609   610        B          1086             3            1087          1090             1   90
610   611        B          1088             2            1090          1092             2   90
611   612        B          1091             1            1092          1093             1   90
612   613        A          1094             2            1094          1096             0   95
613   614        A          1095             3            1096          1099             1   95
614   615        B          1096             1            1096          1097             0   90
615   616        C          1099             5            1099          1104             0  Gas
616   617        C          1102             5            1104          1109             2  Gas
617   618        A          1105             3            1105          1108             0   95
618   619        B          1108             2            1108          1110             0   95
619   620        B          1109             3            1110          1113             1   95
620   621        A          1109             3            1113          1116             4   95
621   622        A          1112             3            1116          1119             4   95
622   623        B          1112             2            1119          1121             7   95
623   624        C          1113             7            1113          1120             0  Gas
624   625        A          1115             2            1121          1123             6   95
625   626        C          1118             5            1120          1125             2  Gas
626   627        C          1120             7            1120          1127             0   90
627   628        A          1122             3            1123          1126             1   95
628   629        C          1122             7            1125          1132             3  Gas
629   630        B          1124             1            1127          1128             3   90
630   631        A          1127             3            1127          1130             0   95
631   632        C          1128             7            1132          1139             4  Gas
632   633        C          1128             7            1139          1146            11  Gas
633   634        B          1131             3            1131          1134             0   95
634   635        A          1131             3            1134          1137             3   95
635   636        A          1134             1            1137          1138             3   95
636   637        A          1137             2            1138          1140             1   95
637   638        C          1139             5            1146          1151             7  Gas
638   639        C          1139             5            1151          1156            12  Gas
639   640        B          1142             1            1142          1143             0   95
640   641        C          1144             5            1156          1161            12  Gas
641   642        C          1146             5            1161          1166            15  Gas
642   643        C          1148             7            1166          1173            18  Gas
643   644        B          1150             3            1150          1153             0   95
644   645        B          1152             3            1153          1156             1   95
645   646        B          1154             3            1156          1159             2   95
646   647        C          1157             5            1157          1162             0   90
647   648        C          1159             7            1173          1180            14  Gas
648   649        C          1160             7            1180          1187            20  Gas
649   650        C          1161             5            1187          1192            26  Gas
650   651        B          1164             2            1164          1166             0   95
651   652        A          1167             1            1167          1168             0   95
652   653        C          1169             3            1192          1195            23  Gas
653   654        C          1172             5            1195          1200            23  Gas
654   655        B          1174             1            1174          1175             0   95
655   656        B          1177             3            1177          1180             0   90
656   657        C          1180             3            1200          1203            20  Gas
657   658        C          1182             7            1203          1210            21  Gas
658   659        C          1185             5            1185          1190             0   90
659   660        A          1187             2            1187          1189             0   95
660   661        B          1190             1            1190          1191             0   90
661   662        C          1192             3            1210          1213            18  Gas
662   663        C          1195             5            1213          1218            18  Gas
663   664        A          1196             3            1196          1199             0   95
664   665        B          1197             3            1199          1202             2   95
665   666        C          1198             7            1218          1225            20  Gas
666   667        A          1201             2            1202          1204             1   95
667   668        B          1202             3            1202          1205             0   90
668   669        C          1205             3            1205          1208             0   90
669   670        A          1207             2            1207          1209             0   95
670   671        B          1209             3            1209          1212             0   90
671   672        A          1212             1            1212          1213             0   95
672   673        B          1212             3            1213          1216             1   95
673   674        B          1214             2            1214          1216             0   90
674   675        B          1215             3            1216          1219             1   95
675   676        C          1217             7            1225          1232             8  Gas
676   677        C          1217             5            1232          1237            15  Gas
677   678        C          1218             7            1237          1244            19  Gas
678   679        C          1219             7            1244          1251            25  Gas
679   680        B          1222             1            1222          1223             0   95
680   681        B          1225             3            1225          1228             0   95
681   682        B          1225             2            1225          1227             0   90
682   683        C          1228             3            1251          1254            23  Gas
683   684        B          1230             3            1230          1233             0   95
684   685        B          1233             3            1233          1236             0   90
685   686        A          1235             3            1235          1238             0   95
686   687        B          1236             1            1238          1239             2   95
687   688        C          1237             5            1254          1259            17  Gas
688   689        C          1239             7            1259          1266            20  Gas
689   690        A          1242             1            1242          1243             0   95
690   691        B          1243             2            1243          1245             0   90
691   692        B          1245             2            1245          1247             0   90
692   693        C          1248             7            1266          1273            18  Gas
693   694        A          1251             1            1251          1252             0   95
694   695        B          1254             1            1254          1255             0   95
695   696        C          1256             5            1256          1261             0   90
696   697        A          1256             3            1256          1259             0   95
697   698        B          1259             3            1261          1264             2   90
698   699        A          1260             2            1260          1262             0   95
699   700        C          1263             5            1273          1278            10  Gas
700   701        A          1265             1            1265          1266             0   95
701   702        C          1266             5            1266          1271             0   90
702   703        C          1269             5            1278          1283             9  Gas
703   704        B          1270             3            1271          1274             1   90
704   705        B          1271             2            1274          1276             3   90
705   706        C          1272             7            1283          1290            11  Gas
706   707        B          1275             2            1276          1278             1   90
707   708        C          1276             5            1278          1283             2   90
708   709        A          1279             1            1279          1280             0   95
709   710        C          1282             5            1283          1288             1   90
710   711        C          1282             5            1290          1295             8  Gas
711   712        A          1285             1            1285          1286             0   95
712   713        A          1286             2            1286          1288             0   95
713   714        C          1287             5            1295          1300             8  Gas
714   715        A          1290             3            1290          1293             0   95
715   716        C          1293             5            1293          1298             0   90
716   717        C          1296             3            1300          1303             4  Gas
717   718        C          1296             5            1303          1308             7  Gas
718   719        B          1297             1            1298          1299             1   90
719   720        B          1300             2            1300          1302             0   95
720   721        A          1303             2            1303          1305             0   95
721   722        A          1306             2            1306          1308             0   95
722   723        C          1306             5            1308          1313             2  Gas
723   724        B          1309             2            1309          1311             0   95
724   725        A          1311             1            1311          1312             0   95
725   726        B          1314             1            1314          1315             0   90
726   727        C          1314             7            1314          1321             0  Gas
727   728        C          1315             7            1315          1322             0   90
728   729        C          1318             5            1321          1326             3  Gas
729   730        B          1318             3            1318          1321             0   95
730   731        C          1319             7            1326          1333             7  Gas
731   732        B          1319             3            1321          1324             2   95
732   733        C          1319             7            1333          1340            14  Gas
733   734        C          1321             5            1340          1345            19  Gas
734   735        A          1323             3            1324          1327             1   95
735   736        C          1326             7            1326          1333             0   90
736   737        B          1328             3            1328          1331             0   95
737   738        C          1328             5            1345          1350            17  Gas
738   739        B          1328             3            1331          1334             3   95
739   740        C          1329             5            1350          1355            21  Gas
740   741        B          1332             1            1334          1335             2   95
741   742        C          1334             7            1334          1341             0   90
742   743        A          1337             3            1337          1340             0   95
743   744        B          1337             3            1341          1344             4   90
744   745        A          1338             1            1340          1341             2   95
745   746        B          1340             1            1344          1345             4   90
746   747        C          1343             5            1355          1360            12  Gas
747   748        C          1345             5            1360          1365            15  Gas
748   749        B          1348             1            1348          1349             0   95
749   750        A          1350             2            1350          1352             0   95
750   751        C          1353             7            1365          1372            12  Gas
751   752        B          1354             3            1354          1357             0   90
752   753        C          1355             7            1372          1379            17  Gas
753   754        A          1356             3            1356          1359             0   95
754   755        C          1359             7            1359          1366             0   90
755   756        B          1362             3            1362          1365             0   95
756   757        A          1364             3            1365          1368             1   95
757   758        C          1364             7            1366          1373             2   90
758   759        B          1367             2            1368          1370             1   95
759   760        B          1368             1            1370          1371             2   95
760   761        B          1371             3            1371          1374             0   95
761   762        C          1372             7            1379          1386             7  Gas
762   763        C          1375             5            1386          1391            11  Gas
763   764        B          1378             1            1378          1379             0   90
764   765        B          1379             1            1379          1380             0   95
765   766        B          1381             1            1381          1382             0   95
766   767        B          1384             2            1384          1386             0   90
767   768        A          1385             3            1385          1388             0   95
768   769        A          1386             3            1388          1391             2   95
769   770        C          1386             3            1391          1394             5  Gas
770   771        C          1386             5            1394          1399             8  Gas
771   772        B          1386             3            1391          1394             5   95
772   773        C          1386             3            1386          1389             0   90
773   774        B          1389             1            1394          1395             5   95
774   775        C          1392             3            1392          1395             0   90
775   776        B          1394             2            1395          1397             1   95
776   777        B          1396             3            1397          1400             1   95
777   778        A          1396             2            1400          1402             4   95
778   779        B          1399             3            1402          1405             3   95
779   780        C          1402             5            1402          1407             0   90
780   781        C          1405             5            1405          1410             0  Gas
781   782        C          1407             7            1407          1414             0   90
782   783        A          1407             2            1407          1409             0   95
783   784        A          1409             1            1409          1410             0   95
784   785        C          1412             5            1412          1417             0  Gas
785   786        B          1415             2            1415          1417             0   95
786   787        C          1416             3            1417          1420             1  Gas
787   788        A          1419             3            1419          1422             0   95
788   789        C          1422             5            1422          1427             0  Gas
789   790        C          1425             3            1425          1428             0   90
790   791        B          1427             2            1427          1429             0   95
791   792        A          1430             3            1430          1433             0   95
792   793        B          1433             2            1433          1435             0   90
793   794        C          1436             5            1436          1441             0   90
794   795        B          1438             2            1438          1440             0   95
795   796        B          1438             2            1441          1443             3   90
796   797        C          1438             7            1443          1450             5   90
797   798        B          1438             2            1450          1452            12   90
798   799        C          1439             5            1452          1457            13   90
799   800        A          1442             3            1442          1445             0   95
800   801        C          1445             5            1445          1450             0  Gas
801   802        B          1447             1            1457          1458            10   90
802   803        B          1449             3            1449          1452             0   95
803   804        C          1450             3            1450          1453             0  Gas
804   805        A          1452             3            1452          1455             0   95
805   806        A          1455             3            1455          1458             0   95
806   807        B          1457             1            1458          1459             1   90
807   808        C          1459             7            1459          1466             0  Gas
808   809        B          1461             2            1461          1463             0   95
809   810        B          1463             2            1463          1465             0   90
810   811        A          1466             2            1466          1468             0   95
811   812        A          1469             3            1469          1472             0   95
812   813        B          1470             2            1472          1474             2   95
813   814        B          1472             3            1474          1477             2   95
814   815        C          1475             5            1475          1480             0  Gas
815   816        C          1477             7            1480          1487             3  Gas
816   817        B          1480             3            1480          1483             0   95
817   818        A          1480             3            1483          1486             3   95
818   819        C          1483             7            1487          1494             4  Gas
819   820        C          1486             7            1486          1493             0   90
820   821        C          1489             7            1494          1501             5  Gas
821   822        C          1491             5            1501          1506            10  Gas
822   823        B          1493             3            1493          1496             0   90
823   824        B          1496             3            1496          1499             0   90
824   825        C          1496             5            1506          1511            10  Gas
825   826        A          1497             1            1497          1498             0   95
826   827        C          1499             5            1499          1504             0   90
827   828        C          1502             5            1511          1516             9  Gas
828   829        A          1504             2            1504          1506             0   95
829   830        B          1505             3            1506          1509             1   95
830   831        B          1506             3            1509          1512             3   95
831   832        C          1508             7            1508          1515             0   90
832   833        A          1508             2            1512          1514             4   95
833   834        A          1509             1            1514          1515             5   95
834   835        B          1511             1            1515          1516             4   95
835   836        C          1513             7            1516          1523             3  Gas
836   837        C          1516             7            1523          1530             7  Gas
837   838        A          1519             3            1519          1522             0   95
838   839        A          1520             2            1522          1524             2   95
839   840        B          1520             1            1524          1525             4   95
840   841        C          1521             3            1521          1524             0   90
841   842        C          1521             7            1524          1531             3   90
842   843        C          1523             7            1530          1537             7  Gas
843   844        C          1526             7            1531          1538             5   90
844   845        C          1528             5            1537          1542             9  Gas
845   846        A          1531             3            1531          1534             0   95
846   847        C          1532             5            1538          1543             6   90
847   848        C          1533             5            1543          1548            10   90
848   849        B          1535             3            1535          1538             0   95
849   850        C          1537             5            1548          1553            11   90
850   851        A          1540             3            1540          1543             0   95
851   852        C          1541             5            1553          1558            12   90
852   853        B          1542             3            1558          1561            16   90
853   854        C          1542             5            1542          1547             0  Gas
854   855        B          1543             3            1543          1546             0   95
855   856        C          1543             5            1547          1552             4  Gas
856   857        B          1546             3            1546          1549             0   95
857   858        C          1546             3            1561          1564            15   90
858   859        C          1549             5            1552          1557             3  Gas
859   860        B          1550             1            1564          1565            14   90
860   861        C          1551             5            1557          1562             6  Gas
861   862        C          1554             5            1565          1570            11   90
862   863        C          1557             7            1562          1569             5  Gas
863   864        C          1558             3            1569          1572            11  Gas
864   865        C          1561             3            1572          1575            11  Gas
865   866        A          1562             2            1562          1564             0   95
866   867        B          1565             2            1570          1572             5   90
867   868        C          1567             5            1575          1580             8  Gas
868   869        B          1569             3            1569          1572             0   95
869   870        C          1570             5            1572          1577             2   90
870   871        C          1571             5            1577          1582             6   90
871   872        B          1573             1            1582          1583             9   90
872   873        A          1575             2            1575          1577             0   95
873   874        B          1577             2            1577          1579             0   95
874   875        C          1579             7            1583          1590             4   90
875   876        B          1580             3            1580          1583             0   95
876   877        B          1583             3            1590          1593             7   90
877   878        B          1586             3            1586          1589             0   95
878   879        C          1586             7            1593          1600             7   90
879   880        B          1587             3            1589          1592             2   95
880   881        A          1589             2            1592          1594             3   95
881   882        A          1590             1            1594          1595             4   95
882   883        C          1593             7            1593          1600             0  Gas
883   884        C          1594             3            1600          1603             6  Gas
884   885        C          1594             3            1603          1606             9  Gas
885   886        B          1595             2            1600          1602             5   90
886   887        B          1597             2            1602          1604             5   90
887   888        C          1599             7            1606          1613             7  Gas
888   889        B          1602             3            1602          1605             0   95
889   890        B          1605             3            1605          1608             0   95
890   891        B          1608             2            1608          1610             0   90
891   892        B          1610             1            1610          1611             0   95
892   893        B          1610             1            1611          1612             1   95
893   894        C          1612             3            1613          1616             1  Gas
894   895        A          1614             3            1614          1617             0   95
895   896        B          1616             2            1616          1618             0   90
896   897        B          1617             2            1618          1620             1   90
897   898        A          1618             3            1618          1621             0   95
898   899        C          1619             5            1619          1624             0  Gas
899   900        B          1622             1            1622          1623             0   95
900   901        B          1625             2            1625          1627             0   95
901   902        B          1627             2            1627          1629             0   95
902   903        B          1630             1            1630          1631             0   95
903   904        C          1632             5            1632          1637             0   90
904   905        C          1635             5            1637          1642             2   90
905   906        C          1637             5            1642          1647             5   90
906   907        C          1640             7            1640          1647             0  Gas
907   908        B          1643             3            1643          1646             0   95
908   909        C          1646             5            1647          1652             1   90
909   910        B          1649             1            1652          1653             3   90
910   911        C          1652             3            1652          1655             0  Gas
911   912        A          1655             2            1655          1657             0   95
912   913        C          1657             3            1657          1660             0   90
913   914        B          1658             3            1658          1661             0   95
914   915        C          1658             7            1660          1667             2   90
915   916        C          1661             3            1667          1670             6   90
916   917        B          1664             3            1670          1673             6   90
917   918        C          1664             5            1664          1669             0  Gas
918   919        A          1664             2            1664          1666             0   95
919   920        C          1667             5            1673          1678             6   90
920   921        C          1667             7            1678          1685            11   90
921   922        C          1669             7            1669          1676             0  Gas
922   923        C          1670             5            1676          1681             6  Gas
923   924        B          1671             3            1685          1688            14   90
924   925        A          1674             3            1674          1677             0   95
925   926        B          1677             1            1677          1678             0   95
926   927        C          1680             7            1681          1688             1  Gas
927   928        C          1683             5            1688          1693             5   90
928   929        C          1683             7            1688          1695             5  Gas
929   930        B          1686             1            1686          1687             0   95
930   931        C          1689             5            1695          1700             6  Gas
931   932        C          1692             5            1700          1705             8  Gas
932   933        C          1692             5            1693          1698             1   90
933   934        C          1692             5            1705          1710            13  Gas
934   935        A          1692             3            1692          1695             0   95
935   936        C          1694             7            1710          1717            16  Gas
936   937        B          1694             3            1695          1698             1   95
937   938        C          1694             7            1698          1705             4   90
938   939        A          1697             3            1698          1701             1   95
939   940        B          1698             2            1705          1707             7   90
940   941        B          1699             3            1701          1704             2   95
941   942        B          1702             3            1707          1710             5   90
942   943        B          1705             3            1710          1713             5   90
943   944        B          1705             3            1713          1716             8   90
944   945        B          1708             2            1708          1710             0   95
945   946        B          1709             3            1710          1713             1   95
946   947        B          1712             1            1713          1714             1   95
947   948        C          1714             5            1716          1721             2   90
948   949        C          1717             3            1717          1720             0  Gas
949   950        A          1720             3            1720          1723             0   95
950   951        C          1723             3            1723          1726             0   90
951   952        C          1726             7            1726          1733             0  Gas
952   953        C          1727             5            1727          1732             0   90
953   954        C          1729             7            1733          1740             4  Gas
954   955        A          1731             3            1731          1734             0   95
955   956        A          1734             3            1734          1737             0   95
956   957        C          1734             7            1740          1747             6  Gas
957   958        C          1736             5            1747          1752            11  Gas
958   959        C          1737             3            1752          1755            15  Gas
959   960        B          1738             3            1738          1741             0   95
960   961        C          1738             3            1738          1741             0   90
961   962        B          1741             2            1741          1743             0   90
962   963        B          1744             1            1744          1745             0   90
963   964        C          1747             7            1747          1754             0   90
964   965        C          1748             7            1755          1762             7  Gas
965   966        A          1751             3            1751          1754             0   95
966   967        B          1753             2            1754          1756             1   90
967   968        B          1755             2            1755          1757             0   95
968   969        A          1755             3            1757          1760             2   95
969   970        C          1755             3            1756          1759             1   90
970   971        B          1757             1            1760          1761             3   95
971   972        C          1759             5            1762          1767             3  Gas
972   973        B          1762             2            1762          1764             0   95
973   974        C          1765             5            1767          1772             2  Gas
974   975        B          1768             2            1768          1770             0   90
975   976        B          1771             2            1771          1773             0   95
976   977        B          1773             1            1773          1774             0   95
977   978        B          1773             3            1774          1777             1   95
978   979        A          1775             1            1777          1778             2   95
979   980        C          1776             7            1776          1783             0   90
980   981        C          1779             5            1783          1788             4   90
981   982        C          1779             7            1788          1795             9   90
982   983        A          1781             2            1781          1783             0   95
983   984        C          1782             5            1782          1787             0  Gas
984   985        A          1782             1            1783          1784             1   95
985   986        B          1784             1            1784          1785             0   95
986   987        B          1786             2            1786          1788             0   95
987   988        C          1788             3            1788          1791             0  Gas
988   989        C          1788             5            1791          1796             3  Gas
989   990        A          1788             3            1788          1791             0   95
990   991        C          1791             7            1796          1803             5  Gas
991   992        C          1792             5            1803          1808            11  Gas
992   993        A          1792             1            1792          1793             0   95
993   994        C          1795             5            1808          1813            13  Gas
994   995        C          1795             5            1795          1800             0   90
995   996        B          1795             3            1800          1803             5   90
996   997        B          1798             3            1803          1806             5   90
997   998        B          1799             1            1799          1800             0   95
998   999        C          1800             7            1806          1813             6   90
999  1000        A          1803             3            1803          1806             0   95