      Car Category  Arrival Time  Service Time  Service Begins  Service Ends  Waiting Time Pump
0       1        C             2             5               2             7             0  Gas
1       2        B             3             1               3             4             0   90
2       3        B             3             3               4             7             1   90
3       4        C             5             3               7            10             2  Gas
4       5        C             6             5              10            15             4  Gas
5       6        B             7             2               7             9             0   90
6       7        C            10             7              15            22             5  Gas
7       8        B            13             2              13            15             0   90
8       9        A            16             3              16            19             0   95
9      10        C            17             5              22            27             5  Gas
10     11        C            19             5              19            24             0   90
11     12        C            22             5              27            32             5  Gas
12     13        A            23             3              23            26             0   95
13     14        C            26             7              32            39             6  Gas
14     15        C            27             5              39            44            12  Gas
15     16        B            27             3              27            30             0   95
16     17        B            28             3              30            33             2   95
17     18        B            28             2              33            35             5   95
18     19        C            30             5              30            35             0   90
19     20        B            33             2              35            37             2   95
20     21        B            35             2              35            37             0   90
21     22        B            37             2              37            39             0   90
22     23        C            38             5              44            49             6  Gas
23     24        B            40             3              40            43             0   95
24     25        C            43             5              49            54             6  Gas
25     26        C            44             3              54            57            10  Gas
26     27        A            44             3              44            47             0   95
27     28        B            46             3              47            50             1   95
28     29        C            46             3              57            60            11  Gas
29     30        C            47             5              60            65            13  Gas
30     31        C            48             5              48            53             0   90
31     32        C            48             5              65            70            17  Gas
32     33        B            48             3              50            53             2   95
33     34        C            50             5              70            75            20  Gas
34     35        B            53             3              53            56             0   95
35     36        B            54             3              56            59             2   95
36     37        C            57             5              75            80            18  Gas
37     38        A            59             3              59            62             0   95
38     39        C            60             7              80            87            20  Gas
39     40        B            61             2              61            63             0   90
40     41        C            61             5              87            92            26  Gas
41     42        B            64             3              64            67             0   95
42     43        A            65             1              67            68             2   95
43     44        B            65             3              65            68             0   90
44     45        B            68             1              68            69             0   90
45     46        A            71             3              71            74             0   95
46     47        C            74             3              74            77             0   90
47     48        C            77             3              92            95            15  Gas
48     49        C            80             3              95            98            15  Gas
49     50        B            83             1              83            84             0   90
50     51        C            86             5              98           103            12  Gas
51     52        B            86             2              86            88             0   95
52     53        C            89             7             103           110            14  Gas
53     54        B            92             1              92            93             0   95
54     55        C            93             5             110           115            17  Gas
55     56        B            94             2              94            96             0   90
56     57        B            94             3              94            97             0   95
57     58        C            97             3             115           118            18  Gas
58     59        C           100             7             118           125            18  Gas
59     60        C           101             5             125           130            24  Gas
60     61        B           104             3             104           107             0   95
61     62        C           107             7             130           137            23  Gas
62     63        A           107             3             107           110             0   95
63     64        B           110             3             110           113             0   95
64     65        A           111             2             113           115             2   95
65     66        B           112             2             115           117             3   95
66     67        C           114             7             137           144            23  Gas
67     68        B           117             3             117           120             0   95
68     69        B           120             3             120           123             0   90
69     70        B           121             1             121           122             0   95
70     71        B           124             3             124           127             0   95
71     72        B           124             2             124           126             0   90
72     73        C           127             5             127           132             0   90
73     74        A           127             2             127           129             0   95
74     75        B           128             3             129           132             1   95
75     76        B           128             2             132           134             4   90
76     77        B           129             2             134           136             5   90
77     78        C           132             7             136           143             4   90
78     79        C           133             7             144           151            11  Gas
79     80        B           136             1             143           144             7   90
80     81        A           137             1             137           138             0   95
81     82        C           139             5             151           156            12  Gas
82     83        C           140             3             156           159            16  Gas
83     84        A           141             2             141           143             0   95
84     85        C           143             7             144           151             1   90
85     86        B           146             1             146           147             0   95
86     87        A           146             2             147           149             1   95
87     88        C           147             5             159           164            12  Gas
88     89        A           149             3             149           152             0   95
89     90        B           149             1             151           152             2   90
90     91        B           150             2             152           154             2   90
91     92        A           151             2             152           154             1   95
92     93        C           154             7             154           161             0   90
93     94        C           157             5             164           169             7  Gas
94     95        C           158             5             161           166             3   90
95     96        C           159             3             166           169             7   90
96     97        C           162             5             169           174             7  Gas
97     98        C           165             5             174           179             9  Gas
98     99        A           167             2             167           169             0   95
99    100        C           167             3             179           182            12  Gas
100   101        C           167             5             182           187            15  Gas
101   102        A           168             2             169           171             1   95
102   103        B           169             3             169           172             0   90
103   104        A           171             2             171           173             0   95
104   105        C           173             7             187           194            14  Gas
105   106        A           176             3             176           179             0   95
106   107        B           179             3             179           182             0   95
107   108        A           180             2             182           184             2   95
108   109        B           182             3             184           187             2   95
109   110        A           185             2             187           189             2   95
110   111        B           187             3             189           192             2   95
111   112        C           189             7             189           196             0   90
112   113        B           192             3             192           195             0   95
113   114        B           192             1             195           196             3   95
114   115        B           192             2             196           198             4   95
115   116        B           193             2             198           200             5   95
116   117        C           195             5             195           200             0  Gas
117   118        B           195             1             196           197             1   90
118   119        A           198             3             200           203             2   95
119   120        C           198             5             200           205             2  Gas
120   121        C           199             5             199           204             0   90
121   122        C           202             5             205           210             3  Gas
122   123        B           204             1             204           205             0   95
123   124        A           207             2             207           209             0   95
124   125        C           209             5             209           214             0   90
125   126        C           212             5             212           217             0  Gas
126   127        A           215             3             215           218             0   95
127   128        A           217             1             218           219             1   95
128   129        B           220             2             220           222             0   95
129   130        A           222             2             222           224             0   95
130   131        A           223             3             224           227             1   95
131   132        C           225             7             225           232             0  Gas
132   133        C           226             7             226           233             0   90
133   134        C           228             7             232           239             4  Gas
134   135        B           230             3             233           236             3   90
135   136        B           231             2             231           233             0   95
136   137        B           234             1             234           235             0   95
137   138        C           236             5             239           244             3  Gas
138   139        C           238             5             238           243             0   90
139   140        B           240             3             243           246             3   90
140   141        B           242             3             242           245             0   95
141   142        B           244             3             245           248             1   95
142   143        B           247             2             247           249             0   90
143   144        C           250             7             250           257             0  Gas
144   145        B           252             2             252           254             0   95
145   146        C           255             7             255           262             0   90
146   147        B           258             3             258           261             0   95
147   148        B           258             1             262           263             4   90
148   149        B           261             3             263           266             2   90
149   150        A           261             3             261           264             0   95
150   151        B           262             2             264           266             2   95
151   152        B           265             2             266           268             1   95
152   153        C           265             5             266           271             1   90
153   154        C           265             5             265           270             0  Gas
154   155        C           267             3             270           273             3  Gas
155   156        A           270             2             270           272             0   95
156   157        C           270             7             273           280             3  Gas
157   158        B           270             3             272           275             2   95
158   159        A           270             2             275           277             5   95
159   160        A           272             3             277           280             5   95
160   161        C           275             7             275           282             0   90
161   162        C           276             5             280           285             4  Gas
162   163        B           279             3             282           285             3   90
163   164        A           281             3             281           284             0   95
164   165        B           283             2             284           286             1   95
165   166        C           286             5             286           291             0  Gas
166   167        A           289             2             289           291             0   95
167   168        A           291             3             291           294             0   95
168   169        C           294             7             294           301             0  Gas
169   170        A           297             2             297           299             0   95
170   171        C           297             5             297           302             0   90
171   172        B           298             2             302           304             4   90
172   173        B           301             3             301           304             0   95
173   174        B           302             3             304           307             2   95
174   175        B           302             3             304           307             2   90
175   176        C           303             7             303           310             0  Gas
176   177        C           303             3             310           313             7  Gas
177   178        A           304             2             307           309             3   95
178   179        C           307             5             313           318             6  Gas
179   180        C           307             5             318           323            11  Gas
180   181        B           309             1             309           310             0   95
181   182        A           311             3             311           314             0   95
182   183        A           312             3             314           317             2   95
183   184        B           314             2             317           319             3   95
184   185        A           315             3             319           322             4   95
185   186        B           318             3             318           321             0   90
186   187        C           321             7             321           328             0   90
187   188        C           323             5             328           333             5   90
188   189        A           326             3             326           329             0   95
189   190        C           326             5             333           338             7   90
190   191        C           328             7             328           335             0  Gas
191   192        C           329             3             335           338             6  Gas
192   193        C           329             5             338           343             9  Gas
193   194        C           330             3             338           341             8   90
194   195        C           332             3             343           346            11  Gas
195   196        B           335             3             335           338             0   95
196   197        A           336             2             338           340             2   95
197   198        B           338             2             341           343             3   90
198   199        C           341             5             346           351             5  Gas
199   200        C           344             5             344           349             0   90
200   201        C           346             7             351           358             5  Gas
201   202        A           347             1             347           348             0   95
202   203        B           350             2             350           352             0   95
203   204        B           350             1             350           351             0   90
204   205        C           353             5             358           363             5  Gas
205   206        C           355             5             355           360             0   90
206   207        B           355             3             355           358             0   95
207   208        A           356             1             358           359             2   95
208   209        C           359             7             360           367             1   90
209   210        C           362             7             363           370             1  Gas
210   211        B           362             1             367           368             5   90
211   212        C           365             7             370           377             5  Gas
212   213        C           366             7             377           384            11  Gas
213   214        B           367             3             367           370             0   95
214   215        C           370             3             384           387            14  Gas
215   216        A           370             2             370           372             0   95
216   217        B           371             3             372           375             1   95
217   218        C           374             5             387           392            13  Gas
218   219        A           377             3             377           380             0   95
219   220        B           380             2             380           382             0   95
220   221        C           382             5             392           397            10  Gas
221   222        A           384             3             384           387             0   95
222   223        C           387             5             397           402            10  Gas
223   224        B           389             3             389           392             0   95
224   225        C           392             7             392           399             0   90
225   226        B           394             3             394           397             0   95
226   227        B           397             1             397           398             0   95
227   228        B           400             2             400           402             0   95
228   229        A           400             2             402           404             2   95
229   230        C           403             5             403           408             0   90
230   231        B           404             1             408           409             4   90
231   232        C           406             5             406           411             0  Gas
232   233        A           409             3             409           412             0   95
233   234        A           411             3             412           415             1   95
234   235        B           414             3             414           417             0   90
235   236        C           414             5             414           419             0  Gas
236   237        B           415             3             415           418             0   95
237   238        B           418             1             418           419             0   95
238   239        B           419             2             419           421             0   95
239   240        A           419             2             421           423             2   95
240   241        B           419             3             423           426             4   95
241   242        C           419             7             419           426             0   90
242   243        C           422             7             422           429             0  Gas
243   244        C           422             3             429           432             7  Gas
244   245        B           422             3             426           429             4   90
245   246        C           425             7             432           439             7  Gas
246   247        C           425             3             429           432             4   90
247   248        B           428             2             432           434             4   90
248   249        A           430             3             430           433             0   95
249   250        C           433             5             439           444             6  Gas
250   251        C           435             3             444           447             9  Gas
251   252        C           438             5             438           443             0   90
252   253        A           438             3             438           441             0   95
253   254        A           438             3             441           444             3   95
254   255        A           439             3             444           447             5   95
255   256        B           442             1             443           444             1   90
256   257        B           445             3             447           450             2   95
257   258        A           448             1             450           451             2   95
258   259        A           451             3             451           454             0   95
259   260        C           453             5             453           458             0  Gas
260   261        A           456             3             456           459             0   95
261   262        A           459             2             459           461             0   95
262   263        C           462             7             462           469             0   90
263   264        B           465             2             465           467             0   95
264   265        C           465             7             469           476             4   90
265   266        C           465             7             476           483            11   90
266   267        B           466             1             467           468             1   95
267   268        A           468             3             468           471             0   95
268   269        A           471             3             471           474             0   95
269   270        B           472             3             483           486            11   90
270   271        C           475             7             486           493            11   90
271   272        C           478             3             493           496            15   90
272   273        A           481             3             481           484             0   95
273   274        C           484             5             484           489             0  Gas
274   275        C           486             5             489           494             3  Gas
275   276        C           489             5             494           499             5  Gas
276   277        A           491             3             491           494             0   95
277   278        C           493             3             499           502             6  Gas
278   279        C           493             5             496           501             3   90
279   280        B           496             1             496           497             0   95
280   281        C           497             7             502           509             5  Gas
281   282        A           500             2             500           502             0   95
282   283        B           503             1             503           504             0   90
283   284        C           506             5             506           511             0   90
284   285        C           508             7             509           516             1  Gas
285   286        B           511             2             511           513             0   95
286   287        C           513             5             516           521             3  Gas
287   288        B           515             1             515           516             0   95
288   289        A           516             3             516           519             0   95
289   290        A           519             3             519           522             0   95
290   291        A           519             3             522           525             3   95
291   292        C           519             3             519           522             0   90
292   293        B           522             3             522           525             0   90
293   294        C           524             5             524           529             0  Gas
294   295        B           524             3             525           528             1   95
295   296        B           526             2             526           528             0   90
296   297        C           526             7             529           536             3  Gas
297   298        C           528             5             536           541             8  Gas
298   299        B           529             3             529           532             0   95
299   300        B           529             2             529           531             0   90
300   301        C           532             5             541           546             9  Gas
301   302        A           535             3             535           538             0   95
302   303        C           538             5             546           551             8  Gas
303   304        B           539             3             539           542             0   90
304   305        B           542             1             542           543             0   95
305   306        B           545             2             545           547             0   95
306   307        B           546             2             547           549             1   95
307   308        B           547             1             547           548             0   90
308   309        B           550             2             550           552             0   90
309   310        B           552             1             552           553             0   90
310   311        A           554             3             554           557             0   95
311   312        C           557             7             557           564             0  Gas
312   313        B           560             2             560           562             0   95
313   314        B           563             3             563           566             0   95
314   315        B           566             3             566           569             0   90
315   316        C           567             5             567           572             0  Gas
316   317        A           570             1             570           571             0   95
317   318        C           571             7             571           578             0   90
318   319        C           571             3             578           581             7   90
319   320        B           573             3             581           584             8   90
320   321        A           574             3             574           577             0   95
321   322        B           574             1             577           578             3   95
322   323        C           574             5             574           579             0  Gas
323   324        C           574             5             579           584             5  Gas
324   325        C           577             3             584           587             7   90
325   326        A           580             2             580           582             0   95
326   327        C           581             3             584           587             3  Gas
327   328        B           582             3             582           585             0   95
328   329        B           582             2             587           589             5   90
329   330        B           584             3             589           592             5   90
330   331        C           587             3             592           595             5   90
331   332        C           587             7             587           594             0  Gas
332   333        B           587             3             595           598             8   90
333   334        A           588             1             588           589             0   95
334   335        A           589             3             589           592             0   95
335   336        B           589             3             592           595             3   95
336   337        A           591             3             595           598             4   95
337   338        C           593             5             598           603             5   90
338   339        C           594             5             594           599             0  Gas
339   340        C           594             5             599           604             5  Gas
340   341        B           595             3             598           601             3   95
341   342        C           596             5             603           608             7   90
342   343        C           596             5             604           609             8  Gas
343   344        C           597             7             609           616            12  Gas
344   345        B           599             1             601           602             2   95
345   346        C           602             7             616           623            14  Gas
346   347        A           604             1             604           605             0   95
347   348        B           604             1             608           609             4   90
348   349        C           604             5             623           628            19  Gas
349   350        C           607             7             609           616             2   90
350   351        B           610             3             610           613             0   95
351   352        B           612             1             613           614             1   95
352   353        B           615             3             615           618             0   95
353   354        C           618             7             618           625             0   90
354   355        A           619             3             619           622             0   95
355   356        A           622             3             622           625             0   95
356   357        B           624             2             625           627             1   95
357   358        C           624             5             625           630             1   90
358   359        C           626             5             628           633             2  Gas
359   360        B           629             3             629           632             0   95
360   361        C           632             3             632           635             0   90
361   362        C           633             7             633           640             0  Gas
362   363        A           633             2             633           635             0   95
363   364        A           634             3             635           638             1   95
364   365        B           637             3             637           640             0   90
365   366        A           639             1             639           640             0   95
366   367        A           641             3             641           644             0   95
367   368        B           644             3             644           647             0   95
368   369        C           645             3             645           648             0  Gas
369   370        B           648             3             648           651             0   95
370   371        C           649             7             649           656             0  Gas
371   372        C           652             7             652           659             0   90
372   373        C           653             5             659           664             6   90
373   374        C           654             5             664           669            10   90
374   375        B           657             2             657           659             0   95
375   376        A           660             1             660           661             0   95
376   377        C           663             5             663           668             0  Gas
377   378        B           666             3             666           669             0   95
378   379        C           667             5             669           674             2   90
379   380        C           669             7             674           681             5   90
380   381        C           670             5             670           675             0  Gas
381   382        A           670             1             670           671             0   95
382   383        C           672             5             681           686             9   90
383   384        C           674             7             675           682             1  Gas
384   385        C           677             5             686           691             9   90
385   386        B           680             3             680           683             0   95
386   387        C           680             3             682           685             2  Gas
387   388        A           682             3             683           686             1   95
388   389        C           682             5             691           696             9   90
389   390        A           684             2             686           688             2   95
390   391        C           687             5             687           692             0  Gas
391   392        C           689             5             696           701             7   90
392   393        B           692             3             692           695             0   95
393   394        C           692             7             692           699             0  Gas
394   395        C           694             5             699           704             5  Gas
395   396        B           696             3             696           699             0   95
396   397        C           697             7             701           708             4   90
397   398        C           697             7             704           711             7  Gas
398   399        C           700             7             711           718            11  Gas
399   400        C           701             3             718           721            17  Gas
400   401        A           704             1             704           705             0   95
401   402        C           707             5             708           713             1   90
402   403        B           710             3             710           713             0   95
403   404        C           711             7             721           728            10  Gas
404   405        C           714             5             714           719             0   90
405   406        C           716             7             719           726             3   90
406   407        C           717             7             726           733             9   90
407   408        C           718             5             733           738            15   90
408   409        C           720             7             738           745            18   90
409   410        C           720             7             728           735             8  Gas
410   411        C           722             5             745           750            23   90
411   412        A           724             2             724           726             0   95
412   413        C           724             5             750           755            26   90
413   414        A           727             1             727           728             0   95
414   415        B           729             3             729           732             0   95
415   416        C           731             5             735           740             4  Gas
416   417        C           734             5             755           760            21   90
417   418        B           735             3             735           738             0   95
418   419        B           735             3             760           763            25   90
419   420        C           737             7             740           747             3  Gas
420   421        B           740             1             740           741             0   95
421   422        C           740             7             747           754             7  Gas
422   423        B           741             3             741           744             0   95
423   424        B           742             1             744           745             2   95
424   425        B           745             3             763           766            18   90
425   426        C           745             5             754           759             9  Gas
426   427        B           748             2             766           768            18   90
427   428        C           750             5             768           773            18   90
428   429        B           752             3             752           755             0   95
429   430        B           752             3             773           776            21   90
430   431        B           755             3             776           779            21   90
431   432        B           757             1             757           758             0   95
432   433        C           758             5             759           764             1  Gas
433   434        C           759             3             764           767             5  Gas
434   435        B           760             3             779           782            19   90
435   436        B           761             2             782           784            21   90
436   437        B           763             1             784           785            21   90
437   438        A           766             3             766           769             0   95
438   439        C           768             5             785           790            17   90
439   440        A           771             2             771           773             0   95
440   441        C           772             7             772           779             0  Gas
441   442        C           775             7             790           797            15   90
442   443        B           778             3             797           800            19   90
443   444        C           781             7             781           788             0  Gas
444   445        C           784             3             788           791             4  Gas
445   446        B           787             3             800           803            13   90
446   447        B           790             2             803           805            13   90
447   448        C           792             5             805           810            13   90
448   449        C           792             3             792           795             0  Gas
449   450        C           793             7             810           817            17   90
450   451        A           796             3             796           799             0   95
451   452        C           798             5             798           803             0  Gas
452   453        C           798             5             803           808             5  Gas
453   454        C           798             3             808           811            10  Gas
454   455        C           799             5             817           822            18   90
455   456        B           801             3             822           825            21   90
456   457        A           803             3             803           806             0   95
457   458        C           806             3             825           828            19   90
458   459        C           808             5             828           833            20   90
459   460        B           810             3             833           836            23   90
460   461        C           813             5             813           818             0  Gas
461   462        C           815             5             836           841            21   90
462   463        C           815             5             841           846            26   90
463   464        C           818             7             846           853            28   90
464   465        C           821             5             853           858            32   90
465   466        B           822             2             858           860            36   90
466   467        A           824             1             824           825             0   95
467   468        B           825             2             860           862            35   90
468   469        A           827             1             827           828             0   95
469   470        B           829             1             829           830             0   95
470   471        C           831             3             862           865            31   90
471   472        B           834             2             865           867            31   90
472   473        C           837             5             837           842             0  Gas
473   474        B           838             3             867           870            29   90
474   475        C           841             5             870           875            29   90
475   476        C           844             5             844           849             0  Gas
476   477        C           847             3             849           852             2  Gas
477   478        B           849             2             875           877            26   90
478   479        C           852             5             877           882            25   90
479   480        A           852             3             852           855             0   95
480   481        C           855             7             855           862             0  Gas
481   482        B           856             3             856           859             0   95
482   483        B           856             1             859           860             3   95
483   484        C           859             5             862           867             3  Gas
484   485        C           859             5             867           872             8  Gas
485   486        B           862             1             882           883            20   90
486   487        C           865             5             883           888            18   90
487   488        C           866             5             872           877             6  Gas
488   489        C           867             3             877           880            10  Gas
489   490        C           868             5             880           885            12  Gas
490   491        B           869             1             869           870             0   95
491   492        C           869             5             888           893            19   90
492   493        C           870             5             893           898            23   90
493   494        B           870             3             870           873             0   95
494   495        C           873             3             885           888            12  Gas
495   496        C           876             5             888           893            12  Gas
496   497        C           879             7             893           900            14  Gas
497   498        B           881             2             898           900            17   90
498   499        C           884             3             900           903            16  Gas
499   500        B           886             3             886           889             0   95
500   501        B           887             2             900           902            13   90
501   502        C           889             7             902           909            13   90
502   503        C           890             7             903           910            13  Gas
503   504        A           890             2             890           892             0   95
504   505        A           891             2             892           894             1   95
505   506        C           892             5             909           914            17   90
506   507        C           893             5             910           915            17  Gas
507   508        C           896             5             914           919            18   90
508   509        B           898             2             919           921            21   90
509   510        C           901             3             915           918            14  Gas
510   511        C           902             5             921           926            19   90
511   512        A           905             3             905           908             0   95
512   513        B           907             2             908           910             1   95
513   514        C           909             7             918           925             9  Gas
514   515        B           911             1             911           912             0   95
515   516        A           911             2             912           914             1   95
516   517        B           914             3             926           929            12   90
517   518        C           915             5             929           934            14   90
518   519        A           918             2             918           920             0   95
519   520        B           921             3             921           924             0   95
520   521        A           924             2             924           926             0   95
521   522        A           924             2             926           928             2   95
522   523        A           925             3             928           931             3   95
523   524        C           928             3             928           931             0  Gas
524   525        C           930             5             934           939             4   90
525   526        B           931             3             931           934             0   95
526   527        B           934             3             934           937             0   95
527   528        B           936             1             937           938             1   95
528   529        B           939             3             939           942             0   90
529   530        C           942             7             942           949             0   90
530   531        B           942             3             942           945             0   95
531   532        C           945             5             945           950             0  Gas
532   533        A           946             3             946           949             0   95
533   534        A           948             3             949           952             1   95
534   535        C           951             5             951           956             0   90
535   536        B           951             2             952           954             1   95
536   537        C           951             3             951           954             0  Gas
537   538        B           953             3             956           959             3   90
538   539        B           955             2             955           957             0   95
539   540        A           957             3             957           960             0   95
540   541        C           958             7             958           965             0  Gas
541   542        A           959             3             960           963             1   95
542   543        C           961             7             961           968             0   90
543   544        C           961             3             965           968             4  Gas
544   545        C           963             5             968           973             5  Gas
545   546        B           964             3             968           971             4   90
546   547        C           967             7             973           980             6  Gas
547   548        C           970             3             980           983            10  Gas
548   549        B           970             3             970           973             0   95
549   550        C           973             7             973           980             0   90
550   551        B           973             3             980           983             7   90
551   552        C           976             5             983           988             7  Gas
552   553        B           978             2             978           980             0   95
553   554        C           980             7             988           995             8  Gas
554   555        A           982             2             982           984             0   95
555   556        B           984             3             984           987             0   95
556   557        A           987             2             987           989             0   95
557   558        C           990             7             995          1002             5  Gas
558   559        B           993             3             993           996             0   95
559   560        B           995             3             996           999             1   95
560   561        C           995             7            1002          1009             7  Gas
561   562        B           997             3             997          1000             0   90
562   563        C           998             7            1009          1016            11  Gas
563   564        C           999             5            1000          1005             1   90
564   565        B          1001             2            1005          1007             4   90
565   566        C          1004             7            1016          1023            12  Gas
566   567        C          1007             5            1023          1028            16  Gas
567   568        A          1010             2            1010          1012             0   95
568   569        B          1012             1            1012          1013             0   95
569   570        B          1014             2            1014          1016             0   95
570   571        C          1016             3            1016          1019             0   90
571   572        B          1017             3            1019          1022             2   90
572   573        C          1020             3            1028          1031             8  Gas
573   574        B          1023             3            1023          1026             0   95
574   575        C          1026             7            1026          1033             0   90
575   576        C          1026             5            1033          1038             7   90
576   577        C          1028             5            1038          1043            10   90
577   578        B          1030             3            1030          1033             0   95
578   579        A          1032             1            1033          1034             1   95
579   580        A          1035             1            1035          1036             0   95
580   581        B          1037             3            1043          1046             6   90
581   582        C          1038             5            1046          1051             8   90
582   583        C          1041             5            1041          1046             0  Gas
583   584        B          1043             1            1051          1052             8   90
584   585        B          1046             1            1052          1053             6   90
585   586        B          1046             3            1046          1049             0   95
586   587        B          1049             3            1049          1052             0   95
587   588        C          1052             7            1053          1060             1   90
588   589        B          1054             3            1060          1063             6   90
589   590        C          1056             5            1063          1068             7   90
590   591        B          1058             1            1058          1059             0   95
591   592        C          1061             5            1068          1073             7   90
592   593        B          1064             2            1064          1066             0   95
593   594        B          1065             2            1073          1075             8   90
594   595        B          1067             3            1067          1070             0   95
595   596        B          1067             2            1075          1077             8   90
596   597        B          1070             2            1077          1079             7   90
597   598        B          1071             1            1071          1072             0   95
598   599        C          1072             5            1079          1084             7   90
599   600        C          1073             7            1073          1080             0  Gas
600   601        B          1076             1            1076          1077             0   95
601   602        A          1079             1            1079          1080             0   95
602   603        B          1080             3            1080          1083             0   95
603   604        A          1083             3            1083          1086             0   95
604   605        A          1083             2            1086          1088             3   95
605   606        B          1085             1            1088          1089             3   95
606   607        B          1086             2            1089          1091             3   95
607   608        A          1089             3            1091          1094             2   95
608   609        B          1089             1            1089          1090             0   90
609   610        B          1089             3            1094          1097             5   95
610   611        C          1092             5            1092          1097             0  Gas
611   612        C          1092             7            1092          1099             0   90
612   613        B          1095             1            1097          1098             2   95
613   614        C          1098             7            1099          1106             1   90
614   615        C          1098             3            1098          1101             0  Gas
615   616        C          1101             5            1101          1106             0  Gas
616   617        B          1102             2            1102          1104             0   95
617   618        C          1105             7            1106          1113             1   90
618   619        B          1107             3            1107          1110             0   95
619   620        B          1108             3            1110          1113             2   95
620   621        A          1109             3            1113          1116             4   95
621   622        C          1112             5            1112          1117             0  Gas
622   623        B          1114             2            1116          1118             2   95
623   624        B          1115             1            1118          1119             3   95
624   625        B          1118             1            1118          1119             0   90
625   626        C          1119             7            1119          1126             0   90
626   627        B          1121             2            1121          1123             0   95
627   628        C          1122             5            1126          1131             4   90
628   629        C          1122             3            1131          1134             9   90
629   630        A          1125             2            1125          1127             0   95
630   631        A          1128             3            1128          1131             0   95
631   632        C          1129             7            1129          1136             0  Gas
632   633        C          1132             7            1134          1141             2   90
633   634        C          1134             7            1136          1143             2  Gas
634   635        C          1137             3            1143          1146             6  Gas
635   636        C          1140             5            1146          1151             6  Gas
636   637        B          1143             1            1143          1144             0   95
637   638        A          1144             1            1144          1145             0   95
638   639        C          1147             5            1151          1156             4  Gas
639   640        B          1148             2            1148          1150             0   90
640   641        C          1151             5            1156          1161             5  Gas
641   642        B          1151             1            1151          1152             0   90
642   643        A          1154             1            1154          1155             0   95
643   644        B          1156             1            1156          1157             0   90
644   645        C          1159             5            1161          1166             2  Gas
645   646        C          1162             3            1166          1169             4  Gas
646   647        B          1164             3            1164          1167             0   90
647   648        B          1164             3            1164          1167             0   95
648   649        C          1164             7            1169          1176             5  Gas
649   650        B          1167             2            1167          1169             0   90
650   651        B          1170             3            1170          1173             0   90
651   652        C          1171             5            1176          1181             5  Gas
652   653        C          1172             7            1173          1180             1   90
653   654        B          1174             2            1174          1176             0   95
654   655        B          1175             3            1176          1179             1   95
655   656        C          1178             3            1180          1183             2   90
656   657        B          1178             2            1183          1185             5   90
657   658        B          1179             2            1179          1181             0   95
658   659        B          1182             2            1182          1184             0   95
659   660        C          1183             7            1185          1192             2   90
660   661        B          1183             3            1192          1195             9   90
661   662        A          1186             2            1186          1188             0   95
662   663        B          1189             2            1195          1197             6   90
663   664        B          1191             2            1191          1193             0   95
664   665        C          1194             3            1194          1197             0  Gas
665   666        C          1197             3            1197          1200             0  Gas
666   667        B          1200             1            1200          1201             0   95
667   668        C          1203             7            1203          1210             0  Gas
668   669        C          1206             5            1210          1215             4  Gas
669   670        C          1206             5            1206          1211             0   90
670   671        C          1209             7            1211          1218             2   90
671   672        A          1212             2            1212          1214             0   95
672   673        C          1215             3            1215          1218             0  Gas
673   674        C          1216             7            1218          1225             2   90
674   675        A          1217             2            1217          1219             0   95
675   676        A          1220             2            1220          1222             0   95
676   677        C          1222             7            1222          1229             0  Gas
677   678        C          1225             5            1229          1234             4  Gas
678   679        B          1228             2            1228          1230             0   90
679   680        C          1230             7            1230          1237             0   90
680   681        C          1233             7            1234          1241             1  Gas
681   682        B          1234             2            1234          1236             0   95
682   683        B          1236             2            1237          1239             1   90
683   684        A          1236             3            1236          1239             0   95
684   685        B          1239             2            1239          1241             0   90
685   686        A          1239             1            1239          1240             0   95
686   687        C          1239             5            1241          1246             2  Gas
687   688        A          1241             1            1241          1242             0   95
688   689        C          1243             3            1246          1249             3  Gas
689   690        A          1246             3            1246          1249             0   95
690   691        B          1246             2            1249          1251             3   95
691   692        C          1247             3            1247          1250             0   90
692   693        C          1250             5            1250          1255             0   90
693   694        A          1250             1            1251          1252             1   95
694   695        A          1253             1            1253          1254             0   95
695   696        C          1255             5            1255          1260             0   90
696   697        B          1255             3            1255          1258             0   95
697   698        B          1257             1            1260          1261             3   90
698   699        B          1260             2            1260          1262             0   95
699   700        C          1260             7            1260          1267             0  Gas
700   701        A          1260             1            1262          1263             2   95
701   702        C          1263             5            1263          1268             0   90
702   703        C          1265             3            1268          1271             3   90
703   704        C          1268             5            1271          1276             3   90
704   705        C          1270             5            1270          1275             0  Gas
705   706        C          1273             7            1276          1283             3   90
706   707        C          1276             5            1276          1281             0  Gas
707   708        A          1279             3            1279          1282             0   95
708   709        A          1280             1            1282          1283             2   95
709   710        A          1280             2            1283          1285             3   95
710   711        C          1280             5            1283          1288             3   90
711   712        B          1283             3            1285          1288             2   95
712   713        C          1286             5            1286          1291             0  Gas
713   714        C          1289             5            1289          1294             0   90
714   715        C          1289             7            1291          1298             2  Gas
715   716        B          1289             3            1289          1292             0   95
716   717        C          1291             5            1298          1303             7  Gas
717   718        A          1291             3            1292          1295             1   95
718   719        B          1292             3            1295          1298             3   95
719   720        B          1293             1            1298          1299             5   95
720   721        A          1296             3            1299          1302             3   95
721   722        B          1296             3            1302          1305             6   95
722   723        C          1299             5            1303          1308             4  Gas
723   724        C          1299             5            1308          1313             9  Gas
724   725        A          1301             3            1305          1308             4   95
725   726        A          1302             3            1308          1311             6   95
726   727        C          1302             7            1313          1320            11  Gas
727   728        C          1305             5            1305          1310             0   90
728   729        C          1305             5            1310          1315             5   90
729   730        A          1308             3            1311          1314             3   95
730   731        C          1311             5            1320          1325             9  Gas
731   732        B          1313             2            1314          1316             1   95
732   733        C          1315             7            1325          1332            10  Gas
733   734        C          1316             7            1316          1323             0   90
734   735        B          1317             2            1323          1325             6   90
735   736        C          1320             5            1332          1337            12  Gas
736   737        B          1321             2            1321          1323             0   95
737   738        C          1322             5            1325          1330             3   90
738   739        C          1324             7            1337          1344            13  Gas
739   740        C          1325             5            1344          1349            19  Gas
740   741        C          1325             5            1330          1335             5   90
741   742        B          1325             2            1335          1337            10   90
742   743        C          1327             7            1349          1356            22  Gas
743   744        A          1327             3            1327          1330             0   95
744   745        B          1330             3            1330          1333             0   95
745   746        A          1331             3            1333          1336             2   95
746   747        C          1332             3            1356          1359            24  Gas
747   748        C          1332             3            1337          1340             5   90
748   749        A          1333             3            1336          1339             3   95
749   750        C          1336             5            1340          1345             4   90
750   751        B          1339             1            1339          1340             0   95
751   752        B          1340             3            1345          1348             5   90
752   753        B          1340             2            1340          1342             0   95
753   754        A          1341             1            1342          1343             1   95
754   755        B          1342             3            1343          1346             1   95
755   756        C          1345             7            1348          1355             3   90
756   757        A          1347             3            1347          1350             0   95
757   758        A          1348             3            1350          1353             2   95
758   759        B          1348             3            1353          1356             5   95
759   760        B          1350             3            1356          1359             6   95
760   761        C          1351             5            1355          1360             4   90
761   762        C          1353             3            1359          1362             6  Gas
762   763        C          1353             3            1362          1365             9  Gas
763   764        C          1354             5            1365          1370            11  Gas
764   765        C          1357             5            1360          1365             3   90
765   766        B          1358             1            1365          1366             7   90
766   767        A          1361             2            1361          1363             0   95
767   768        C          1364             7            1370          1377             6  Gas
768   769        A          1367             3            1367          1370             0   95
769   770        C          1369             3            1377          1380             8  Gas
770   771        A          1371             2            1371          1373             0   95
771   772        C          1372             5            1372          1377             0   90
772   773        C          1375             3            1380          1383             5  Gas
773   774        C          1375             5            1377          1382             2   90
774   775        C          1376             3            1383          1386             7  Gas
775   776        B          1379             3            1379          1382             0   95
776   777        C          1381             5            1382          1387             1   90
777   778        A          1381             2            1382          1384             1   95
778   779        B          1383             2            1387          1389             4   90
779   780        C          1386             7            1389          1396             3   90
780   781        C          1386             3            1386          1389             0  Gas
781   782        C          1387             5            1389          1394             2  Gas
782   783        C          1388             3            1396          1399             8   90
783   784        C          1389             3            1394          1397             5  Gas
784   785        C          1392             7            1397          1404             5  Gas
785   786        B          1395             2            1395          1397             0   95
786   787        C          1397             3            1404          1407             7  Gas
787   788        B          1400             3            1400          1403             0   90
788   789        B          1401             2            1401          1403             0   95
789   790        B          1404             3            1404          1407             0   95
790   791        B          1407             2            1407          1409             0   95
791   792        B          1410             3            1410          1413             0   95
792   793        C          1413             5            1413          1418             0   90
793   794        B          1414             3            1418          1421             4   90
794   795        B          1414             3            1421          1424             7   90
795   796        C          1417             3            1417          1420             0  Gas
796   797        C          1418             5            1424          1429             6   90
797   798        B          1420             1            1429          1430             9   90
798   799        A          1423             1            1423          1424             0   95
799   800        B          1426             3            1430          1433             4   90
800   801        B          1426             3            1426          1429             0   95
801   802        C          1428             3            1428          1431             0  Gas
802   803        B          1431             2            1431          1433             0   95
803   804        C          1433             5            1433          1438             0   90
804   805        A          1435             1            1435          1436             0   95
805   806        A          1437             3            1437          1440             0   95
806   807        B          1440             2            1440          1442             0   90
807   808        C          1443             5            1443          1448             0  Gas
808   809        C          1446             5            1448          1453             2  Gas
809   810        A          1449             2            1449          1451             0   95
810   811        B          1450             2            1451          1453             1   95
811   812        C          1453             7            1453          1460             0   90
812   813        A          1456             3            1456          1459             0   95
813   814        C          1459             7            1460          1467             1   90
814   815        B          1460             3            1460          1463             0   95
815   816        C          1460             3            1467          1470             7   90
816   817        A          1463             3            1463          1466             0   95
817   818        A          1465             3            1466          1469             1   95
818   819        C          1467             7            1467          1474             0  Gas
819   820        B          1470             2            1470          1472             0   90
820   821        C          1472             5            1474          1479             2  Gas
821   822        A          1474             1            1474          1475             0   95
822   823        A          1476             3            1476          1479             0   95
823   824        B          1478             3            1479          1482             1   95
824   825        C          1480             5            1480          1485             0  Gas
825   826        C          1480             5            1480          1485             0   90
826   827        C          1482             3            1485          1488             3   90
827   828        B          1483             1            1483          1484             0   95
828   829        B          1486             3            1488          1491             2   90
829   830        A          1487             3            1487          1490             0   95
830   831        A          1488             3            1490          1493             2   95
831   832        C          1489             5            1491          1496             2   90
832   833        B          1489             3            1493          1496             4   95
833   834        B          1492             1            1496          1497             4   95
834   835        C          1493             3            1496          1499             3   90
835   836        B          1496             3            1497          1500             1   95
836   837        A          1499             3            1500          1503             1   95
837   838        C          1501             5            1501          1506             0   90
838   839        C          1503             5            1506          1511             3   90
839   840        A          1504             3            1504          1507             0   95
840   841        A          1505             3            1507          1510             2   95
841   842        C          1508             7            1511          1518             3   90
842   843        B          1510             2            1518          1520             8   90
843   844        C          1513             7            1520          1527             7   90
844   845        A          1515             3            1515          1518             0   95
845   846        B          1515             1            1527          1528            12   90
846   847        C          1518             7            1518          1525             0  Gas
847   848        C          1519             3            1525          1528             6  Gas
848   849        B          1522             1            1528          1529             6   90
849   850        A          1522             3            1522          1525             0   95
850   851        B          1522             3            1529          1532             7   90
851   852        C          1522             3            1528          1531             6  Gas
852   853        B          1522             3            1532          1535            10   90
853   854        B          1522             2            1525          1527             3   95
854   855        C          1525             7            1535          1542            10   90
855   856        C          1526             7            1542          1549            16   90
856   857        C          1527             3            1531          1534             4  Gas
857   858        C          1529             7            1534          1541             5  Gas
858   859        B          1531             3            1531          1534             0   95
859   860        B          1533             3            1534          1537             1   95
860   861        C          1534             3            1541          1544             7  Gas
861   862        B          1535             3            1537          1540             2   95
862   863        B          1538             2            1549          1551            11   90
863   864        C          1541             7            1544          1551             3  Gas
864   865        C          1544             5            1551          1556             7  Gas
865   866        C          1547             7            1556          1563             9  Gas
866   867        C          1550             5            1551          1556             1   90
867   868        B          1550             3            1556          1559             6   90
868   869        C          1551             3            1559          1562             8   90
869   870        C          1554             5            1563          1568             9  Gas
870   871        C          1554             5            1568          1573            14  Gas
871   872        A          1557             3            1557          1560             0   95
872   873        C          1559             7            1562          1569             3   90
873   874        B          1559             1            1569          1570            10   90
874   875        C          1560             7            1570          1577            10   90
875   876        B          1562             2            1562          1564             0   95
876   877        C          1565             5            1573          1578             8  Gas
877   878        C          1568             3            1577          1580             9   90
878   879        C          1569             5            1580          1585            11   90
879   880        C          1570             5            1585          1590            15   90
880   881        B          1573             1            1573          1574             0   95
881   882        C          1576             7            1578          1585             2  Gas
882   883        A          1579             3            1579          1582             0   95
883   884        C          1582             7            1590          1597             8   90
884   885        B          1585             2            1597          1599            12   90
885   886        B          1586             3            1586          1589             0   95
886   887        B          1589             2            1599          1601            10   90
887   888        C          1590             3            1590          1593             0  Gas
888   889        C          1591             5            1593          1598             2  Gas
889   890        A          1591             2            1591          1593             0   95
890   891        C          1593             3            1598          1601             5  Gas
891   892        A          1596             3            1596          1599             0   95
892   893        B          1599             3            1599          1602             0   95
893   894        A          1600             3            1602          1605             2   95
894   895        C          1603             7            1603          1610             0  Gas
895   896        C          1604             3            1610          1613             6  Gas
896   897        A          1604             3            1605          1608             1   95
897   898        A          1604             3            1608          1611             4   95
898   899        C          1606             5            1613          1618             7  Gas
899   900        C          1609             5            1618          1623             9  Gas
900   901        C          1610             5            1623          1628            13  Gas
901   902        A          1613             3            1613          1616             0   95
902   903        C          1615             5            1615          1620             0   90
903   904        B          1618             3            1620          1623             2   90
904   905        C          1621             3            1623          1626             2   90
905   906        C          1624             3            1628          1631             4  Gas
906   907        A          1627             3            1627          1630             0   95
907   908        B          1630             3            1630          1633             0   95
908   909        A          1632             3            1633          1636             1   95
909   910        A          1635             1            1636          1637             1   95
910   911        B          1636             2            1637          1639             1   95
911   912        C          1636             7            1636          1643             0  Gas
912   913        C          1637             7            1643          1650             6  Gas
913   914        B          1639             2            1639          1641             0   90
914   915        C          1642             3            1650          1653             8  Gas
915   916        B          1644             1            1644          1645             0   95
916   917        B          1646             3            1646          1649             0   90
917   918        B          1646             3            1646          1649             0   95
918   919        B          1647             3            1649          1652             2   90
919   920        B          1648             1            1649          1650             1   95
920   921        C          1649             5            1652          1657             3   90
921   922        C          1650             7            1657          1664             7   90
922   923        C          1653             5            1653          1658             0  Gas
923   924        C          1656             7            1658          1665             2  Gas
924   925        B          1656             2            1656          1658             0   95
925   926        B          1657             1            1658          1659             1   95
926   927        C          1658             5            1665          1670             7  Gas
927   928        C          1659             5            1670          1675            11  Gas
928   929        A          1659             3            1659          1662             0   95
929   930        A          1662             3            1662          1665             0   95
930   931        A          1664             1            1665          1666             1   95
931   932        C          1667             5            1675          1680             8  Gas
932   933        C          1667             5            1680          1685            13  Gas
933   934        C          1668             3            1685          1688            17  Gas
934   935        A          1669             3            1669          1672             0   95
935   936        C          1671             5            1671          1676             0   90
936   937        C          1673             7            1688          1695            15  Gas
937   938        B          1673             3            1673          1676             0   95
938   939        C          1673             5            1676          1681             3   90
939   940        B          1676             2            1681          1683             5   90
940   941        A          1677             2            1677          1679             0   95
941   942        B          1679             2            1679          1681             0   95
942   943        C          1680             5            1683          1688             3   90
943   944        B          1682             3            1682          1685             0   95
944   945        B          1683             1            1685          1686             2   95
945   946        B          1683             3            1688          1691             5   90
946   947        C          1685             5            1691          1696             6   90
947   948        C          1685             5            1695          1700            10  Gas
948   949        C          1686             3            1696          1699            10   90
949   950        C          1689             5            1700          1705            11  Gas
950   951        B          1689             1            1699          1700            10   90
951   952        C          1692             7            1705          1712            13  Gas
952   953        C          1695             7            1700          1707             5   90
953   954        C          1697             3            1707          1710            10   90
954   955        B          1700             2            1710          1712            10   90
955   956        A          1700             2            1700          1702             0   95
956   957        C          1703             5            1712          1717             9  Gas
957   958        B          1703             1            1703          1704             0   95
958   959        B          1705             2            1705          1707             0   95
959   960        C          1705             3            1717          1720            12  Gas
960   961        C          1708             5            1720          1725            12  Gas
961   962        C          1711             3            1725          1728            14  Gas
962   963        C          1712             7            1728          1735            16  Gas
963   964        B          1712             3            1712          1715             0   95
964   965        C          1715             5            1735          1740            20  Gas
965   966        B          1716             3            1716          1719             0   95
966   967        A          1718             3            1719          1722             1   95
967   968        A          1720             3            1722          1725             2   95
968   969        C          1723             3            1740          1743            17  Gas
969   970        C          1726             7            1743          1750            17  Gas
970   971        A          1729             1            1729          1730             0   95
971   972        C          1731             3            1731          1734             0   90
972   973        B          1733             3            1733          1736             0   95
973   974        C          1733             5            1750          1755            17  Gas
974   975        B          1735             2            1735          1737             0   90
975   976        A          1735             3            1736          1739             1   95
976   977        C          1736             7            1755          1762            19  Gas
977   978        C          1739             5            1739          1744             0   90
978   979        C          1739             5            1762          1767            23  Gas
979   980        C          1741             7            1767          1774            26  Gas
980   981        C          1744             5            1744          1749             0   90
981   982        B          1747             3            1749          1752             2   90
982   983        C          1750             5            1752          1757             2   90
983   984        B          1751             3            1757          1760             6   90
984   985        C          1754             5            1760          1765             6   90
985   986        C          1757             3            1765          1768             8   90
986   987        B          1760             3            1768          1771             8   90
987   988        C          1760             5            1771          1776            11   90
988   989        B          1760             3            1776          1779            16   90
989   990        B          1762             1            1779          1780            17   90
990   991        B          1764             3            1780          1783            16   90
991   992        C          1766             5            1783          1788            17   90
992   993        B          1768             2            1768          1770             0   95
993   994        C          1771             5            1788          1793            17   90
994   995        A          1772             2            1772          1774             0   95
995   996        C          1774             5            1774          1779             0  Gas
996   997        C          1775             5            1779          1784             4  Gas
997   998        A          1775             2            1775          1777             0   95
998   999        C          1778             5            1784          1789             6  Gas
999  1000        A          1779             3            1779          1782             0   95