      Car Category  Arrival Time  Service Time  Service Begins  Service Ends  Waiting Time Pump
0       1        A             1             3               1             4             0   95
1       2        C             4             3               4             7             0  Gas
2       3        A             7             2               7             9             0   95
3       4        A             7             3               9            12             2   95
4       5        C            10             7              10            17             0  Gas
5       6        B            11             1              11            12             0   90
6       7        B            11             1              12            13             1   90
7       8        C            14             5              17            22             3  Gas
8       9        A            17             1              17            18             0   95
9      10        C            20             5              22            27             2  Gas
10     11        B            20             1              20            21             0   90
11     12        B            22             2              22            24             0   90
12     13        B            23             3              23            26             0   95
13     14        B            26             2              26            28             0   95
14     15        C            27             3              27            30             0  Gas
15     16        C            29             5              29            34             0   90
16     17        B            32             3              32            35             0   95
17     18        B            35             3              35            38             0   95
18     19        B            36             3              38            41             2   95
19     20        A            38             2              41            43             3   95
20     21        A            39             3              43            46             4   95
21     22        B            39             1              39            40             0   90
22     23        B            39             3              40            43             1   90
23     24        B            40             2              46            48             6   95
24     25        C            40             7              40            47             0  Gas
25     26        A            43             1              48            49             5   95
26     27        B            45             3              45            48             0   90
27     28        A            48             3              49            52             1   95
28     29        C            51             7              51            58             0   90
29     30        C            51             7              58            65             7   90
30     31        C            54             3              65            68            11   90
31     32        A            55             1              55            56             0   95
32     33        B            58             1              58            59             0   95
33     34        B            59             3              59            62             0   95
34     35        C            62             5              68            73             6   90
35     36        C            64             7              73            80             9   90
36     37        A            66             3              66            69             0   95
37     38        B            69             3              69            72             0   95
38     39        C            71             5              71            76             0  Gas
39     40        B            74             2              80            82             6   90
40     41        C            74             5              82            87             8   90
41     42        C            76             5              87            92            11   90
42     43        A            78             2              78            80             0   95
43     44        C            80             5              80            85             0  Gas
44     45        A            82             2              82            84             0   95
45     46        C            85             5              85            90             0  Gas
46     47        B            85             1              92            93             7   90
47     48        C            88             7              90            97             2  Gas
48     49        C            91             5              97           102             6  Gas
49     50        C            93             5             102           107             9  Gas
50     51        C            94             7              94           101             0   90
51     52        B            95             2             101           103             6   90
52     53        A            97             2              97            99             0   95
53     54        A           100             2             100           102             0   95
54     55        C           102             5             107           112             5  Gas
55     56        B           104             2             104           106             0   90
56     57        C           106             3             112           115             6  Gas
57     58        C           109             5             115           120             6  Gas
58     59        B           109             2             109           111             0   90
59     60        C           110             5             111           116             1   90
60     61        C           113             3             116           119             3   90
61     62        C           116             5             119           124             3   90
62     63        C           117             7             120           127             3  Gas
63     64        B           119             3             119           122             0   95
64     65        C           121             5             124           129             3   90
65     66        B           122             3             129           132             7   90
66     67        C           122             3             127           130             5  Gas
67     68        A           125             3             125           128             0   95
68     69        C           128             5             130           135             2  Gas
69     70        C           128             7             132           139             4   90
70     71        A           131             1             131           132             0   95
71     72        B           131             3             132           135             1   95
72     73        A           134             2             135           137             1   95
73     74        C           137             7             137           144             0  Gas
74     75        B           138             3             138           141             0   95
75     76        A           138             2             141           143             3   95
76     77        B           139             1             139           140             0   90
77     78        C           142             3             142           145             0   90
78     79        C           145             5             145           150             0  Gas
79     80        C           148             7             148           155             0   90
80     81        B           151             3             151           154             0   95
81     82        C           152             3             152           155             0  Gas
82     83        B           155             2             155           157             0   95
83     84        C           158             7             158           165             0   90
84     85        B           161             1             161           162             0   95
85     86        A           161             2             162           164             1   95
86     87        B           164             3             164           167             0   95
87     88        B           164             2             165           167             1   90
88     89        A           164             3             167           170             3   95
89     90        C           167             5             167           172             0  Gas
90     91        C           169             7             172           179             3  Gas
91     92        C           169             7             179           186            10  Gas
92     93        A           172             1             172           173             0   95
93     94        B           174             3             174           177             0   95
94     95        B           177             1             177           178             0   90
95     96        B           180             3             180           183             0   90
96     97        B           183             2             183           185             0   95
97     98        B           185             3             185           188             0   90
98     99        A           188             1             188           189             0   95
99    100        B           189             1             189           190             0   90
100   101        A           191             2             191           193             0   95
101   102        C           192             3             192           195             0  Gas
102   103        B           194             2             194           196             0   95
103   104        B           195             2             196           198             1   95
104   105        B           196             1             198           199             2   95
105   106        B           199             3             199           202             0   95
106   107        B           200             3             202           205             2   95
107   108        B           201             2             201           203             0   90
108   109        C           204             3             204           207             0   90
109   110        B           205             3             205           208             0   95
110   111        A           205             3             208           211             3   95
111   112        A           206             2             211           213             5   95
112   113        B           208             1             213           214             5   95
113   114        B           209             1             214           215             5   95
114   115        B           210             2             215           217             5   95
115   116        C           213             5             213           218             0  Gas
116   117        A           215             3             217           220             2   95
117   118        C           215             7             218           225             3  Gas
118   119        B           215             2             215           217             0   90
119   120        B           218             1             220           221             2   95
120   121        C           218             5             218           223             0   90
121   122        A           218             3             221           224             3   95
122   123        C           221             3             223           226             2   90
123   124        B           221             1             224           225             3   95
124   125        B           222             3             225           228             3   95
125   126        A           222             3             228           231             6   95
126   127        C           224             3             225           228             1  Gas
127   128        C           226             7             228           235             2  Gas
128   129        B           229             2             231           233             2   95
129   130        C           229             3             235           238             6  Gas
130   131        C           231             3             238           241             7  Gas
131   132        B           231             3             233           236             2   95
132   133        C           234             7             234           241             0   90
133   134        A           236             3             236           239             0   95
134   135        C           238             3             241           244             3  Gas
135   136        B           239             2             239           241             0   95
136   137        B           241             3             241           244             0   90
137   138        B           242             1             242           243             0   95
138   139        C           245             5             245           250             0   90
139   140        C           248             7             248           255             0  Gas
140   141        A           248             3             248           251             0   95
141   142        B           249             3             250           253             1   90
142   143        A           250             1             251           252             1   95
143   144        A           253             1             253           254             0   95
144   145        B           256             3             256           259             0   95
145   146        B           259             3             259           262             0   95
146   147        C           260             3             260           263             0  Gas
147   148        C           261             5             263           268             2  Gas
148   149        A           261             1             262           263             1   95
149   150        C           262             3             262           265             0   90
150   151        B           265             3             265           268             0   95
151   152        C           266             5             266           271             0   90
152   153        C           269             7             269           276             0  Gas
153   154        B           272             2             272           274             0   95
154   155        C           275             5             276           281             1  Gas
155   156        C           278             5             281           286             3  Gas
156   157        C           280             5             280           285             0   90
157   158        B           281             2             281           283             0   95
158   159        C           282             5             286           291             4  Gas
159   160        C           285             5             291           296             6  Gas
160   161        B           287             3             287           290             0   95
161   162        A           290             3             290           293             0   95
162   163        C           291             7             296           303             5  Gas
163   164        C           294             3             303           306             9  Gas
164   165        B           296             3             296           299             0   90
165   166        C           298             3             306           309             8  Gas
166   167        C           299             3             309           312            10  Gas
167   168        B           301             3             301           304             0   95
168   169        B           302             3             302           305             0   90
169   170        B           305             2             305           307             0   95
170   171        C           308             5             312           317             4  Gas
171   172        C           311             5             317           322             6  Gas
172   173        B           311             3             311           314             0   95
173   174        B           312             3             314           317             2   95
174   175        B           312             3             312           315             0   90
175   176        A           315             3             317           320             2   95
176   177        C           318             5             318           323             0   90
177   178        A           320             3             320           323             0   95
178   179        B           322             3             323           326             1   95
179   180        C           322             5             322           327             0  Gas
180   181        A           324             2             326           328             2   95
181   182        B           327             3             328           331             1   95
182   183        A           327             2             331           333             4   95
183   184        C           330             3             330           333             0   90
184   185        A           331             2             333           335             2   95
185   186        A           332             1             335           336             3   95
186   187        C           334             5             334           339             0   90
187   188        B           335             1             339           340             4   90
188   189        C           337             5             340           345             3   90
189   190        A           340             1             340           341             0   95
190   191        B           343             2             345           347             2   90
191   192        B           344             3             344           347             0   95
192   193        C           346             7             347           354             1   90
193   194        A           347             3             347           350             0   95
194   195        C           350             7             350           357             0  Gas
195   196        A           353             1             353           354             0   95
196   197        C           356             3             357           360             1  Gas
197   198        B           359             2             359           361             0   95
198   199        B           360             3             360           363             0   90
199   200        B           363             3             363           366             0   95
200   201        C           363             5             363           368             0  Gas
201   202        A           366             1             366           367             0   95
202   203        A           366             1             367           368             1   95
203   204        A           369             2             369           371             0   95
204   205        C           370             5             370           375             0   90
205   206        A           372             3             372           375             0   95
206   207        C           373             3             373           376             0  Gas
207   208        C           376             5             376           381             0  Gas
208   209        A           379             2             379           381             0   95
209   210        C           382             3             382           385             0  Gas
210   211        C           382             5             385           390             3  Gas
211   212        B           384             1             384           385             0   90
212   213        B           385             2             385           387             0   90
213   214        B           387             2             387           389             0   90
214   215        C           389             7             390           397             1  Gas
215   216        C           392             7             392           399             0   90
216   217        B           395             2             399           401             4   90
217   218        C           396             3             401           404             5   90
218   219        B           396             2             396           398             0   95
219   220        A           397             3             398           401             1   95
220   221        C           400             7             404           411             4   90
221   222        B           402             3             402           405             0   95
222   223        A           405             1             405           406             0   95
223   224        B           406             1             411           412             5   90
224   225        A           409             3             409           412             0   95
225   226        C           411             7             411           418             0  Gas
226   227        B           414             3             414           417             0   90
227   228        C           414             7             417           424             3   90
228   229        B           416             3             416           419             0   95
229   230        A           419             3             419           422             0   95
230   231        A           422             2             422           424             0   95
231   232        B           423             3             424           427             1   95
232   233        A           424             3             427           430             3   95
233   234        C           425             3             425           428             0  Gas
234   235        B           426             3             426           429             0   90
235   236        B           429             1             429           430             0   90
236   237        C           431             7             431           438             0   90
237   238        C           433             5             438           443             5   90
238   239        A           434             3             434           437             0   95
239   240        B           436             3             437           440             1   95
240   241        C           438             5             438           443             0  Gas
241   242        B           441             3             443           446             2   90
242   243        B           444             3             444           447             0   95
243   244        B           447             2             447           449             0   95
244   245        C           449             3             449           452             0  Gas
245   246        B           450             3             450           453             0   95
246   247        B           453             3             453           456             0   95
247   248        C           455             7             455           462             0   90
248   249        B           458             2             458           460             0   95
249   250        C           460             3             462           465             2   90
250   251        C           461             5             461           466             0  Gas
251   252        C           464             7             465           472             1   90
252   253        B           464             2             464           466             0   95
253   254        C           467             5             467           472             0  Gas
254   255        A           468             3             468           471             0   95
255   256        C           470             5             472           477             2  Gas
256   257        A           473             2             473           475             0   95
257   258        C           475             7             477           484             2  Gas
258   259        A           478             1             478           479             0   95
259   260        B           481             3             481           484             0   95
260   261        A           484             3             484           487             0   95
261   262        C           486             5             486           491             0  Gas
262   263        A           489             1             489           490             0   95
263   264        A           491             1             491           492             0   95
264   265        B           493             1             493           494             0   95
265   266        B           493             3             494           497             1   95
266   267        B           495             3             497           500             2   95
267   268        A           498             3             500           503             2   95
268   269        A           501             2             503           505             2   95
269   270        A           501             3             505           508             4   95
270   271        A           503             1             508           509             5   95
271   272        B           504             3             504           507             0   90
272   273        A           507             3             509           512             2   95
273   274        C           509             7             509           516             0  Gas
274   275        C           510             5             510           515             0   90
275   276        A           510             3             512           515             2   95
276   277        C           513             5             515           520             2   90
277   278        A           516             2             516           518             0   95
278   279        B           519             3             519           522             0   95
279   280        B           522             3             522           525             0   95
280   281        C           524             5             524           529             0  Gas
281   282        A           525             2             525           527             0   95
282   283        C           528             7             528           535             0   90
283   284        C           528             3             529           532             1  Gas
284   285        C           531             5             535           540             4   90
285   286        C           532             7             532           539             0  Gas
286   287        A           535             2             535           537             0   95
287   288        A           536             2             537           539             1   95
288   289        C           537             7             539           546             2  Gas
289   290        B           537             2             539           541             2   95
290   291        B           540             3             540           543             0   90
291   292        C           543             7             543           550             0   90
292   293        B           546             2             546           548             0   95
293   294        C           546             5             550           555             4   90
294   295        B           547             2             555           557             8   90
295   296        C           550             5             550           555             0  Gas
296   297        A           551             1             551           552             0   95
297   298        A           554             3             554           557             0   95
298   299        C           557             5             557           562             0   90
299   300        C           559             7             562           569             3   90
300   301        C           559             7             559           566             0  Gas
301   302        A           559             3             559           562             0   95
302   303        B           559             2             569           571            10   90
303   304        B           562             3             571           574             9   90
304   305        A           562             3             562           565             0   95
305   306        B           562             2             565           567             3   95
306   307        C           563             5             574           579            11   90
307   308        B           566             3             567           570             1   95
308   309        B           568             2             570           572             2   95
309   310        C           570             5             570           575             0  Gas
310   311        C           573             7             579           586             6   90
311   312        B           574             3             574           577             0   95
312   313        C           577             5             577           582             0  Gas
313   314        B           579             1             579           580             0   95
314   315        C           581             5             582           587             1  Gas
315   316        C           584             5             587           592             3  Gas
316   317        C           584             5             586           591             2   90
317   318        A           585             3             585           588             0   95
318   319        A           588             1             588           589             0   95
319   320        B           590             3             591           594             1   90
320   321        C           593             7             594           601             1   90
321   322        C           593             5             593           598             0  Gas
322   323        B           593             2             593           595             0   95
323   324        B           595             2             601           603             6   90
324   325        B           598             1             603           604             5   90
325   326        A           601             3             601           604             0   95
326   327        A           604             2             604           606             0   95
327   328        A           606             1             606           607             0   95
328   329        A           608             3             608           611             0   95
329   330        C           609             5             609           614             0  Gas
330   331        B           609             2             611           613             2   95
331   332        C           609             3             614           617             5  Gas
332   333        A           609             3             613           616             4   95
333   334        B           610             1             610           611             0   90
334   335        A           613             1             616           617             3   95
335   336        C           616             7             617           624             1  Gas
336   337        B           618             2             618           620             0   95
337   338        C           620             7             624           631             4  Gas
338   339        B           623             3             623           626             0   90
339   340        A           626             1             626           627             0   95
340   341        C           627             7             627           634             0   90
341   342        C           628             5             631           636             3  Gas
342   343        C           629             3             636           639             7  Gas
343   344        B           630             3             630           633             0   95
344   345        C           633             7             634           641             1   90
345   346        A           635             1             635           636             0   95
346   347        B           638             1             638           639             0   95
347   348        C           640             7             641           648             1   90
348   349        A           642             2             642           644             0   95
349   350        B           645             3             648           651             3   90
350   351        C           646             5             651           656             5   90
351   352        C           647             7             656           663             9   90
352   353        B           650             2             663           665            13   90
353   354        A           652             3             652           655             0   95
354   355        A           655             2             655           657             0   95
355   356        C           658             7             665           672             7   90
356   357        B           658             2             658           660             0   95
357   358        C           659             5             672           677            13   90
358   359        B           661             1             661           662             0   95
359   360        C           661             3             677           680            16   90
360   361        B           661             1             662           663             1   95
361   362        C           662             5             680           685            18   90
362   363        B           665             2             685           687            20   90
363   364        B           666             1             687           688            21   90
364   365        A           667             2             667           669             0   95
365   366        C           670             5             670           675             0  Gas
366   367        C           670             5             675           680             5  Gas
367   368        B           673             3             673           676             0   95
368   369        C           675             5             688           693            13   90
369   370        C           676             3             680           683             4  Gas
370   371        B           676             3             693           696            17   90
371   372        C           679             3             683           686             4  Gas
372   373        B           679             3             679           682             0   95
373   374        C           682             5             686           691             4  Gas
374   375        C           682             5             696           701            14   90
375   376        B           685             1             685           686             0   95
376   377        B           687             2             701           703            14   90
377   378        B           689             1             689           690             0   95
378   379        B           692             3             692           695             0   95
379   380        C           695             3             703           706             8   90
380   381        C           698             3             706           709             8   90
381   382        C           701             5             701           706             0  Gas
382   383        A           701             3             701           704             0   95
383   384        C           704             3             709           712             5   90
384   385        B           705             3             705           708             0   95
385   386        B           705             1             708           709             3   95
386   387        B           708             3             709           712             1   95
387   388        C           711             5             711           716             0  Gas
388   389        B           712             3             712           715             0   95
389   390        B           714             2             714           716             0   90
390   391        C           714             3             716           719             2   90
391   392        C           714             5             716           721             2  Gas
392   393        C           714             7             721           728             7  Gas
393   394        B           716             3             719           722             3   90
394   395        C           718             5             722           727             4   90
395   396        B           719             3             719           722             0   95
396   397        C           719             3             727           730             8   90
397   398        C           720             5             728           733             8  Gas
398   399        C           721             3             733           736            12  Gas
399   400        B           724             2             730           732             6   90
400   401        C           727             5             736           741             9  Gas
401   402        C           727             7             741           748            14  Gas
402   403        A           729             1             729           730             0   95
403   404        A           732             3             732           735             0   95
404   405        C           735             5             748           753            13  Gas
405   406        A           738             2             738           740             0   95
406   407        B           740             3             740           743             0   95
407   408        A           740             2             743           745             3   95
408   409        C           740             7             740           747             0   90
409   410        B           741             1             747           748             6   90
410   411        C           742             3             753           756            11  Gas
411   412        B           745             3             745           748             0   95
412   413        A           747             3             748           751             1   95
413   414        C           749             5             749           754             0   90
414   415        B           750             1             751           752             1   95
415   416        A           753             1             753           754             0   95
416   417        A           756             3             756           759             0   95
417   418        A           759             3             759           762             0   95
418   419        B           760             3             762           765             2   95
419   420        B           761             2             761           763             0   90
420   421        B           763             1             765           766             2   95
421   422        A           764             1             766           767             2   95
422   423        C           766             5             766           771             0   90
423   424        B           768             2             771           773             3   90
424   425        C           770             3             773           776             3   90
425   426        C           770             5             776           781             6   90
426   427        C           773             3             781           784             8   90
427   428        B           776             1             784           785             8   90
428   429        A           778             3             778           781             0   95
429   430        C           779             5             779           784             0  Gas
430   431        C           782             7             784           791             2  Gas
431   432        B           782             3             782           785             0   95
432   433        C           782             3             791           794             9  Gas
433   434        C           785             5             785           790             0   90
434   435        C           788             3             794           797             6  Gas
435   436        C           789             5             790           795             1   90
436   437        A           792             2             792           794             0   95
437   438        A           792             2             794           796             2   95
438   439        A           795             3             796           799             1   95
439   440        C           798             3             798           801             0   90
440   441        A           798             3             799           802             1   95
441   442        C           801             3             801           804             0  Gas
442   443        C           802             3             804           807             2  Gas
443   444        C           805             7             805           812             0   90
444   445        A           808             2             808           810             0   95
445   446        C           811             7             812           819             1   90
446   447        A           813             1             813           814             0   95
447   448        C           815             5             815           820             0  Gas
448   449        C           818             5             820           825             2  Gas
449   450        B           818             1             819           820             1   90
450   451        C           819             7             825           832             6  Gas
451   452        C           821             5             821           826             0   90
452   453        A           823             3             823           826             0   95
453   454        B           825             2             826           828             1   90
454   455        C           825             5             828           833             3   90
455   456        C           826             3             832           835             6  Gas
456   457        B           828             2             828           830             0   95
457   458        B           830             3             830           833             0   95
458   459        B           830             1             833           834             3   95
459   460        C           831             7             835           842             4  Gas
460   461        B           834             1             834           835             0   95
461   462        B           837             3             837           840             0   95
462   463        C           840             7             840           847             0   90
463   464        B           842             2             847           849             5   90
464   465        B           845             1             845           846             0   95
465   466        C           846             7             846           853             0  Gas
466   467        A           848             2             848           850             0   95
467   468        B           851             3             851           854             0   90
468   469        B           853             2             854           856             1   90
469   470        A           853             3             853           856             0   95
470   471        C           856             5             856           861             0  Gas
471   472        C           856             7             861           868             5  Gas
472   473        A           857             2             857           859             0   95
473   474        A           857             1             859           860             2   95
474   475        C           857             3             868           871            11  Gas
475   476        C           860             5             871           876            11  Gas
476   477        B           860             3             860           863             0   95
477   478        C           862             7             862           869             0   90
478   479        C           862             3             876           879            14  Gas
479   480        C           864             3             869           872             5   90
480   481        C           867             7             879           886            12  Gas
481   482        C           868             5             886           891            18  Gas
482   483        B           868             1             868           869             0   95
483   484        B           871             3             871           874             0   95
484   485        C           874             3             891           894            17  Gas
485   486        A           874             1             874           875             0   95
486   487        C           876             5             876           881             0   90
487   488        C           877             5             894           899            17  Gas
488   489        B           878             2             881           883             3   90
489   490        B           879             3             883           886             4   90
490   491        A           880             2             880           882             0   95
491   492        B           881             3             882           885             1   95
492   493        B           884             2             886           888             2   90
493   494        B           886             3             886           889             0   95
494   495        C           888             7             899           906            11  Gas
495   496        B           891             3             891           894             0   95
496   497        A           891             3             894           897             3   95
497   498        C           893             7             906           913            13  Gas
498   499        C           893             5             893           898             0   90
499   500        C           896             5             913           918            17  Gas
500   501        C           899             3             918           921            19  Gas
501   502        C           902             7             921           928            19  Gas
502   503        B           905             3             905           908             0   95
503   504        B           905             2             908           910             3   95
504   505        B           908             1             908           909             0   90
505   506        C           908             5             909           914             1   90
506   507        C           911             5             928           933            17  Gas
507   508        C           913             5             933           938            20  Gas
508   509        C           916             5             916           921             0   90
509   510        C           916             5             938           943            22  Gas
510   511        B           917             3             921           924             4   90
511   512        A           919             3             919           922             0   95
512   513        C           921             3             943           946            22  Gas
513   514        C           921             3             946           949            25  Gas
514   515        C           924             5             924           929             0   90
515   516        A           926             2             926           928             0   95
516   517        B           927             2             929           931             2   90
517   518        C           928             3             949           952            21  Gas
518   519        B           930             3             931           934             1   90
519   520        C           930             3             952           955            22  Gas
520   521        C           933             5             955           960            22  Gas
521   522        B           935             2             935           937             0   95
522   523        B           936             2             936           938             0   90
523   524        C           939             5             960           965            21  Gas
524   525        C           942             7             942           949             0   90
525   526        C           945             5             965           970            20  Gas
526   527        C           946             7             970           977            24  Gas
527   528        A           949             3             949           952             0   95
528   529        B           950             3             952           955             2   95
529   530        A           950             3             955           958             5   95
530   531        B           953             3             958           961             5   95
531   532        C           953             3             953           956             0   90
532   533        A           956             3             961           964             5   95
533   534        C           957             7             957           964             0   90
534   535        C           958             5             964           969             6   90
535   536        B           961             2             969           971             8   90
536   537        C           961             3             971           974            10   90
537   538        B           963             1             964           965             1   95
538   539        B           964             1             974           975            10   90
539   540        C           966             5             975           980             9   90
540   541        B           968             2             980           982            12   90
541   542        B           971             2             982           984            11   90
542   543        B           972             1             972           973             0   95
543   544        B           974             1             984           985            10   90
544   545        A           974             2             974           976             0   95
545   546        A           976             3             976           979             0   95
546   547        A           978             3             979           982             1   95
547   548        C           980             7             980           987             0  Gas
548   549        C           981             7             987           994             6  Gas
549   550        B           982             2             985           987             3   90
550   551        C           983             5             994           999            11  Gas
551   552        C           986             5             999          1004            13  Gas
552   553        B           988             2             988           990             0   90
553   554        B           991             3             991           994             0   95
554   555        B           994             1             994           995             0   95
555   556        C           995             7            1004          1011             9  Gas
556   557        B           997             2             997           999             0   95
557   558        A           998             3             999          1002             1   95
558   559        A          1000             2            1002          1004             2   95
559   560        C          1003             3            1003          1006             0   90
560   561        C          1003             7            1011          1018             8  Gas
561   562        C          1003             3            1006          1009             3   90
562   563        B          1006             2            1006          1008             0   95
563   564        C          1007             7            1009          1016             2   90
564   565        C          1009             7            1016          1023             7   90
565   566        C          1011             5            1018          1023             7  Gas
566   567        C          1013             7            1023          1030            10  Gas
567   568        B          1015             3            1015          1018             0   95
568   569        C          1018             3            1023          1026             5   90
569   570        C          1021             3            1026          1029             5   90
570   571        A          1023             1            1023          1024             0   95
571   572        B          1026             1            1029          1030             3   90
572   573        B          1027             2            1030          1032             3   90
573   574        B          1028             2            1028          1030             0   95
574   575        C          1031             5            1031          1036             0  Gas
575   576        B          1034             2            1034          1036             0   95
576   577        C          1036             5            1036          1041             0   90
577   578        A          1039             2            1039          1041             0   95
578   579        B          1041             1            1041          1042             0   90
579   580        A          1044             2            1044          1046             0   95
580   581        C          1046             3            1046          1049             0  Gas
581   582        B          1049             3            1049          1052             0   95
582   583        A          1049             3            1052          1055             3   95
583   584        A          1049             3            1055          1058             6   95
584   585        A          1050             1            1058          1059             8   95
585   586        C          1053             7            1053          1060             0  Gas
586   587        A          1056             3            1059          1062             3   95
587   588        A          1057             1            1062          1063             5   95
588   589        B          1057             2            1063          1065             6   95
589   590        B          1059             3            1059          1062             0   90
590   591        B          1059             1            1062          1063             3   90
591   592        C          1061             7            1061          1068             0  Gas
592   593        C          1064             5            1068          1073             4  Gas
593   594        B          1065             2            1065          1067             0   90
594   595        B          1068             3            1068          1071             0   95
595   596        B          1071             3            1071          1074             0   95
596   597        C          1072             5            1073          1078             1  Gas
597   598        B          1075             2            1075          1077             0   95
598   599        C          1076             5            1076          1081             0   90
599   600        C          1079             5            1079          1084             0  Gas
600   601        C          1079             5            1081          1086             2   90
601   602        C          1079             5            1084          1089             5  Gas
602   603        B          1082             2            1086          1088             4   90
603   604        C          1085             3            1089          1092             4  Gas
604   605        C          1087             5            1092          1097             5  Gas
605   606        C          1087             3            1088          1091             1   90
606   607        A          1088             1            1088          1089             0   95
607   608        C          1088             3            1097          1100             9  Gas
608   609        C          1090             5            1100          1105            10  Gas
609   610        B          1093             3            1093          1096             0   90
610   611        C          1093             5            1105          1110            12  Gas
611   612        B          1093             3            1093          1096             0   95
612   613        A          1093             3            1096          1099             3   95
613   614        A          1093             3            1099          1102             6   95
614   615        A          1096             2            1102          1104             6   95
615   616        A          1099             2            1104          1106             5   95
616   617        C          1102             5            1110          1115             8  Gas
617   618        C          1105             7            1105          1112             0   90
618   619        C          1106             5            1115          1120             9  Gas
619   620        A          1109             2            1109          1111             0   95
620   621        A          1110             2            1111          1113             1   95
621   622        A          1113             2            1113          1115             0   95
622   623        B          1116             3            1116          1119             0   95
623   624        C          1118             7            1120          1127             2  Gas
624   625        C          1118             3            1127          1130             9  Gas
625   626        A          1119             3            1119          1122             0   95
626   627        B          1122             3            1122          1125             0   90
627   628        B          1125             2            1125          1127             0   95
628   629        B          1128             1            1128          1129             0   95
629   630        C          1130             3            1130          1133             0  Gas
630   631        C          1132             5            1132          1137             0   90
631   632        C          1132             7            1133          1140             1  Gas
632   633        B          1132             2            1132          1134             0   95
633   634        B          1134             3            1137          1140             3   90
634   635        C          1137             5            1140          1145             3  Gas
635   636        A          1139             1            1139          1140             0   95
636   637        A          1142             2            1142          1144             0   95
637   638        C          1145             7            1145          1152             0   90
638   639        C          1148             7            1152          1159             4   90
639   640        C          1151             5            1151          1156             0  Gas
640   641        B          1151             3            1151          1154             0   95
641   642        B          1154             3            1159          1162             5   90
642   643        C          1154             7            1156          1163             2  Gas
643   644        B          1155             1            1155          1156             0   95
644   645        C          1156             5            1162          1167             6   90
645   646        B          1158             2            1158          1160             0   95
646   647        A          1159             1            1160          1161             1   95
647   648        B          1162             3            1167          1170             5   90
648   649        C          1162             5            1163          1168             1  Gas
649   650        B          1165             2            1170          1172             5   90
650   651        A          1168             2            1168          1170             0   95
651   652        C          1170             5            1170          1175             0  Gas
652   653        C          1173             5            1175          1180             2  Gas
653   654        B          1174             3            1174          1177             0   95
654   655        B          1174             1            1177          1178             3   95
655   656        C          1174             5            1174          1179             0   90
656   657        C          1176             7            1179          1186             3   90
657   658        C          1177             5            1180          1185             3  Gas
658   659        B          1180             1            1186          1187             6   90
659   660        C          1182             5            1187          1192             5   90
660   661        B          1185             1            1192          1193             7   90
661   662        A          1185             3            1185          1188             0   95
662   663        B          1188             3            1188          1191             0   95
663   664        C          1191             7            1193          1200             2   90
664   665        C          1194             5            1200          1205             6   90
665   666        C          1194             5            1205          1210            11   90
666   667        C          1197             7            1197          1204             0  Gas
667   668        C          1200             7            1204          1211             4  Gas
668   669        A          1202             3            1202          1205             0   95
669   670        A          1204             2            1205          1207             1   95
670   671        B          1207             3            1207          1210             0   95
671   672        A          1210             3            1210          1213             0   95
672   673        A          1211             1            1213          1214             2   95
673   674        C          1213             5            1213          1218             0  Gas
674   675        A          1216             3            1216          1219             0   95
675   676        C          1217             7            1217          1224             0   90
676   677        C          1220             5            1220          1225             0  Gas
677   678        A          1220             1            1220          1221             0   95
678   679        B          1221             3            1221          1224             0   95
679   680        C          1222             5            1225          1230             3  Gas
680   681        B          1223             2            1224          1226             1   90
681   682        B          1226             2            1226          1228             0   90
682   683        C          1228             7            1230          1237             2  Gas
683   684        B          1229             1            1229          1230             0   90
684   685        B          1229             1            1230          1231             1   90
685   686        B          1231             3            1231          1234             0   95
686   687        B          1234             2            1234          1236             0   95
687   688        B          1237             3            1237          1240             0   95
688   689        C          1239             7            1239          1246             0   90
689   690        B          1240             2            1246          1248             6   90
690   691        B          1242             1            1242          1243             0   95
691   692        B          1245             2            1248          1250             3   90
692   693        C          1247             7            1247          1254             0  Gas
693   694        C          1248             3            1254          1257             6  Gas
694   695        B          1248             1            1248          1249             0   95
695   696        C          1250             3            1250          1253             0   90
696   697        C          1253             5            1257          1262             4  Gas
697   698        C          1256             3            1256          1259             0   90
698   699        B          1258             2            1258          1260             0   95
699   700        C          1260             3            1262          1265             2  Gas
700   701        C          1263             3            1265          1268             2  Gas
701   702        C          1265             7            1268          1275             3  Gas
702   703        B          1266             2            1266          1268             0   95
703   704        C          1269             7            1269          1276             0   90
704   705        C          1271             3            1275          1278             4  Gas
705   706        B          1273             2            1273          1275             0   95
706   707        B          1274             3            1275          1278             1   95
707   708        A          1277             3            1278          1281             1   95
708   709        B          1277             3            1281          1284             4   95
709   710        C          1280             7            1280          1287             0  Gas
710   711        A          1282             3            1284          1287             2   95
711   712        C          1283             7            1287          1294             4  Gas
712   713        C          1284             5            1284          1289             0   90
713   714        B          1285             1            1289          1290             4   90
714   715        A          1287             1            1287          1288             0   95
715   716        C          1290             5            1294          1299             4  Gas
716   717        C          1293             5            1299          1304             6  Gas
717   718        B          1295             1            1295          1296             0   90
718   719        B          1298             1            1298          1299             0   95
719   720        C          1300             5            1300          1305             0   90
720   721        C          1302             5            1304          1309             2  Gas
721   722        C          1302             7            1309          1316             7  Gas
722   723        C          1305             3            1316          1319            11  Gas
723   724        C          1308             5            1319          1324            11  Gas
724   725        C          1308             7            1308          1315             0   90
725   726        C          1310             5            1324          1329            14  Gas
726   727        C          1310             7            1329          1336            19  Gas
727   728        A          1312             3            1312          1315             0   95
728   729        B          1314             3            1315          1318             1   90
729   730        C          1315             5            1336          1341            21  Gas
730   731        C          1317             5            1341          1346            24  Gas
731   732        C          1318             5            1318          1323             0   90
732   733        B          1320             3            1320          1323             0   95
733   734        C          1320             5            1323          1328             3   90
734   735        C          1323             5            1328          1333             5   90
735   736        C          1324             5            1333          1338             9   90
736   737        C          1327             5            1346          1351            19  Gas
737   738        C          1330             5            1351          1356            21  Gas
738   739        C          1333             5            1338          1343             5   90
739   740        B          1335             1            1335          1336             0   95
740   741        A          1338             3            1338          1341             0   95
741   742        A          1341             3            1341          1344             0   95
742   743        B          1342             2            1344          1346             2   95
743   744        C          1342             7            1343          1350             1   90
744   745        A          1343             1            1346          1347             3   95
745   746        B          1344             2            1347          1349             3   95
746   747        C          1347             7            1356          1363             9  Gas
747   748        C          1347             5            1363          1368            16  Gas
748   749        B          1348             3            1350          1353             2   90
749   750        B          1351             1            1353          1354             2   90
750   751        B          1354             3            1354          1357             0   95
751   752        C          1354             3            1368          1371            14  Gas
752   753        A          1354             3            1357          1360             3   95
753   754        C          1355             5            1355          1360             0   90
754   755        A          1357             3            1360          1363             3   95
755   756        C          1359             3            1371          1374            12  Gas
756   757        C          1362             7            1374          1381            12  Gas
757   758        B          1365             2            1365          1367             0   90
758   759        C          1367             3            1381          1384            14  Gas
759   760        B          1369             1            1369          1370             0   90
760   761        C          1372             3            1384          1387            12  Gas
761   762        B          1374             3            1374          1377             0   95
762   763        A          1376             2            1377          1379             1   95
763   764        A          1377             3            1379          1382             2   95
764   765        B          1380             3            1380          1383             0   90
765   766        C          1383             5            1387          1392             4  Gas
766   767        A          1385             2            1385          1387             0   95
767   768        C          1387             7            1392          1399             5  Gas
768   769        C          1387             5            1399          1404            12  Gas
769   770        C          1389             3            1404          1407            15  Gas
770   771        C          1392             5            1407          1412            15  Gas
771   772        B          1394             1            1394          1395             0   95
772   773        C          1396             7            1396          1403             0   90
773   774        B          1396             2            1396          1398             0   95
774   775        A          1398             3            1398          1401             0   95
775   776        B          1401             3            1403          1406             2   90
776   777        B          1401             1            1406          1407             5   90
777   778        A          1403             1            1403          1404             0   95
778   779        B          1405             2            1405          1407             0   95
779   780        C          1407             5            1407          1412             0   90
780   781        B          1410             1            1410          1411             0   95
781   782        C          1413             5            1413          1418             0   90
782   783        A          1415             1            1415          1416             0   95
783   784        C          1418             7            1418          1425             0   90
784   785        B          1419             2            1425          1427             6   90
785   786        A          1421             1            1421          1422             0   95
786   787        C          1424             5            1424          1429             0  Gas
787   788        C          1427             7            1427          1434             0   90
788   789        C          1428             7            1429          1436             1  Gas
789   790        C          1429             3            1436          1439             7  Gas
790   791        C          1432             5            1434          1439             2   90
791   792        C          1432             7            1439          1446             7  Gas
792   793        A          1434             1            1434          1435             0   95
793   794        C          1437             7            1439          1446             2   90
794   795        B          1437             2            1446          1448             9   90
795   796        A          1438             2            1438          1440             0   95
796   797        A          1438             1            1440          1441             2   95
797   798        A          1441             3            1441          1444             0   95
798   799        B          1444             3            1444          1447             0   95
799   800        C          1446             5            1448          1453             2   90
800   801        B          1449             3            1449          1452             0   95
801   802        B          1452             2            1453          1455             1   90
802   803        B          1453             1            1455          1456             2   90
803   804        B          1455             1            1455          1456             0   95
804   805        B          1456             3            1456          1459             0   95
805   806        B          1458             2            1459          1461             1   95
806   807        B          1461             2            1461          1463             0   95
807   808        B          1463             1            1463          1464             0   90
808   809        C          1464             7            1464          1471             0  Gas
809   810        B          1466             3            1466          1469             0   90
810   811        C          1468             5            1469          1474             1   90
811   812        C          1471             7            1471          1478             0  Gas
812   813        B          1471             3            1474          1477             3   90
813   814        B          1471             3            1471          1474             0   95
814   815        C          1473             7            1478          1485             5  Gas
815   816        B          1476             3            1476          1479             0   95
816   817        A          1479             3            1479          1482             0   95
817   818        C          1481             5            1485          1490             4  Gas
818   819        C          1483             5            1490          1495             7  Gas
819   820        A          1486             3            1486          1489             0   95
820   821        B          1488             3            1488          1491             0   90
821   822        C          1491             5            1495          1500             4  Gas
822   823        C          1492             3            1500          1503             8  Gas
823   824        B          1492             3            1492          1495             0   90
824   825        A          1495             3            1495          1498             0   95
825   826        B          1496             1            1498          1499             2   95
826   827        C          1498             3            1498          1501             0   90
827   828        B          1501             3            1501          1504             0   90
828   829        C          1504             5            1504          1509             0  Gas
829   830        C          1505             3            1509          1512             4  Gas
830   831        C          1506             5            1512          1517             6  Gas
831   832        B          1508             1            1508          1509             0   95
832   833        B          1508             2            1509          1511             1   95
833   834        B          1510             2            1511          1513             1   95
834   835        C          1513             5            1513          1518             0   90
835   836        B          1513             2            1513          1515             0   95
836   837        C          1515             7            1518          1525             3   90
837   838        A          1517             3            1517          1520             0   95
838   839        C          1517             5            1517          1522             0  Gas
839   840        B          1519             3            1520          1523             1   95
840   841        C          1520             5            1525          1530             5   90
841   842        B          1522             3            1530          1533             8   90
842   843        C          1525             5            1525          1530             0  Gas
843   844        C          1528             7            1533          1540             5   90
844   845        B          1529             2            1540          1542            11   90
845   846        A          1529             2            1529          1531             0   95
846   847        A          1532             3            1532          1535             0   95
847   848        C          1532             5            1532          1537             0  Gas
848   849        C          1534             7            1542          1549             8   90
849   850        C          1535             5            1549          1554            14   90
850   851        A          1536             2            1536          1538             0   95
851   852        B          1537             3            1538          1541             1   95
852   853        C          1538             3            1554          1557            16   90
853   854        C          1538             7            1557          1564            19   90
854   855        B          1539             3            1564          1567            25   90
855   856        B          1542             3            1542          1545             0   95
856   857        C          1545             5            1567          1572            22   90
857   858        C          1546             5            1546          1551             0  Gas
858   859        B          1548             2            1548          1550             0   95
859   860        B          1549             3            1550          1553             1   95
860   861        B          1549             2            1572          1574            23   90
861   862        C          1552             7            1574          1581            22   90
862   863        B          1555             3            1581          1584            26   90
863   864        C          1555             5            1584          1589            29   90
864   865        C          1556             5            1556          1561             0  Gas
865   866        A          1559             3            1559          1562             0   95
866   867        B          1562             3            1589          1592            27   90
867   868        C          1564             7            1592          1599            28   90
868   869        C          1565             7            1599          1606            34   90
869   870        A          1567             2            1567          1569             0   95
870   871        B          1568             3            1569          1572             1   95
871   872        B          1568             2            1606          1608            38   90
872   873        C          1570             5            1570          1575             0  Gas
873   874        B          1573             3            1573          1576             0   95
874   875        C          1576             7            1576          1583             0  Gas
875   876        C          1576             5            1608          1613            32   90
876   877        C          1579             5            1583          1588             4  Gas
877   878        B          1582             3            1613          1616            31   90
878   879        C          1585             3            1588          1591             3  Gas
879   880        B          1585             2            1585          1587             0   95
880   881        B          1588             3            1588          1591             0   95
881   882        A          1590             3            1591          1594             1   95
882   883        C          1592             3            1592          1595             0  Gas
883   884        C          1593             7            1616          1623            23   90
884   885        C          1594             5            1595          1600             1  Gas
885   886        C          1597             7            1623          1630            26   90
886   887        B          1599             1            1599          1600             0   95
887   888        C          1601             7            1601          1608             0  Gas
888   889        C          1602             3            1630          1633            28   90
889   890        B          1604             2            1633          1635            29   90
890   891        C          1605             3            1608          1611             3  Gas
891   892        B          1608             3            1635          1638            27   90
892   893        B          1609             1            1609          1610             0   95
893   894        B          1609             1            1638          1639            29   90
894   895        B          1610             3            1639          1642            29   90
895   896        C          1612             5            1642          1647            30   90
896   897        C          1614             3            1614          1617             0  Gas
897   898        B          1614             2            1614          1616             0   95
898   899        C          1617             5            1617          1622             0  Gas
899   900        A          1619             2            1619          1621             0   95
900   901        C          1621             5            1622          1627             1  Gas
901   902        C          1621             7            1627          1634             6  Gas
902   903        A          1624             3            1624          1627             0   95
903   904        C          1624             5            1647          1652            23   90
904   905        B          1625             3            1627          1630             2   95
905   906        C          1628             5            1652          1657            24   90
906   907        C          1629             5            1657          1662            28   90
907   908        C          1632             3            1634          1637             2  Gas
908   909        C          1632             5            1662          1667            30   90
909   910        B          1632             1            1632          1633             0   95
910   911        B          1635             3            1667          1670            32   90
911   912        C          1638             7            1670          1677            32   90
912   913        C          1640             7            1640          1647             0  Gas
913   914        B          1643             3            1677          1680            34   90
914   915        C          1645             5            1647          1652             2  Gas
915   916        B          1648             2            1648          1650             0   95
916   917        B          1649             3            1650          1653             1   95
917   918        C          1649             7            1680          1687            31   90
918   919        A          1652             2            1653          1655             1   95
919   920        B          1655             2            1655          1657             0   95
920   921        A          1658             2            1658          1660             0   95
921   922        B          1660             3            1687          1690            27   90
922   923        B          1661             3            1661          1664             0   95
923   924        C          1663             5            1663          1668             0  Gas
924   925        A          1666             2            1666          1668             0   95
925   926        B          1666             3            1668          1671             2   95
926   927        A          1668             2            1671          1673             3   95
927   928        A          1669             3            1673          1676             4   95
928   929        C          1672             5            1672          1677             0  Gas
929   930        A          1675             2            1676          1678             1   95
930   931        C          1676             7            1677          1684             1  Gas
931   932        B          1679             2            1679          1681             0   95
932   933        C          1682             5            1684          1689             2  Gas
933   934        C          1685             5            1689          1694             4  Gas
934   935        C          1687             5            1694          1699             7  Gas
935   936        A          1689             1            1689          1690             0   95
936   937        C          1689             5            1699          1704            10  Gas
937   938        B          1690             3            1690          1693             0   95
938   939        C          1693             5            1704          1709            11  Gas
939   940        B          1696             2            1696          1698             0   90
940   941        A          1697             3            1697          1700             0   95
941   942        C          1697             5            1698          1703             1   90
942   943        B          1700             3            1703          1706             3   90
943   944        C          1701             3            1706          1709             5   90
944   945        C          1701             5            1709          1714             8   90
945   946        B          1702             2            1702          1704             0   95
946   947        A          1703             3            1704          1707             1   95
947   948        B          1704             3            1707          1710             3   95
948   949        A          1707             3            1710          1713             3   95
949   950        B          1707             3            1714          1717             7   90
950   951        B          1710             1            1713          1714             3   95
951   952        A          1713             3            1714          1717             1   95
952   953        C          1714             5            1714          1719             0  Gas
953   954        B          1715             1            1717          1718             2   90
954   955        A          1717             3            1717          1720             0   95
955   956        B          1717             3            1718          1721             1   90
956   957        A          1720             3            1720          1723             0   95
957   958        A          1723             2            1723          1725             0   95
958   959        B          1724             2            1725          1727             1   95
959   960        C          1727             3            1727          1730             0  Gas
960   961        B          1730             3            1730          1733             0   90
961   962        C          1731             5            1733          1738             2   90
962   963        C          1731             7            1731          1738             0  Gas
963   964        C          1733             5            1738          1743             5  Gas
964   965        A          1736             1            1736          1737             0   95
965   966        C          1737             3            1738          1741             1   90
966   967        C          1740             7            1743          1750             3  Gas
967   968        B          1743             3            1743          1746             0   95
968   969        C          1743             3            1750          1753             7  Gas
969   970        A          1746             3            1746          1749             0   95
970   971        C          1747             7            1753          1760             6  Gas
971   972        A          1750             2            1750          1752             0   95
972   973        C          1752             5            1760          1765             8  Gas
973   974        C          1755             5            1765          1770            10  Gas
974   975        C          1758             5            1758          1763             0   90
975   976        B          1758             1            1758          1759             0   95
976   977        C          1760             5            1763          1768             3   90
977   978        C          1762             5            1770          1775             8  Gas
978   979        B          1765             1            1765          1766             0   95
979   980        C          1767             7            1775          1782             8  Gas
980   981        C          1770             5            1770          1775             0   90
981   982        C          1772             7            1782          1789            10  Gas
982   983        A          1775             3            1775          1778             0   95
983   984        B          1775             3            1778          1781             3   95
984   985        B          1777             1            1781          1782             4   95
985   986        B          1778             2            1782          1784             4   95
986   987        B          1780             1            1780          1781             0   90
987   988        B          1781             1            1781          1782             0   90
988   989        C          1784             7            1789          1796             5  Gas
989   990        C          1784             7            1796          1803            12  Gas
990   991        A          1787             3            1787          1790             0   95
991   992        A          1787             3            1790          1793             3   95
992   993        B          1790             2            1793          1795             3   95
993   994        B          1791             3            1795          1798             4   95
994   995        A          1794             2            1798          1800             4   95
995   996        C          1797             7            1803          1810             6  Gas
996   997        B          1798             3            1798          1801             0   90
997   998        B          1801             3            1801          1804             0   95
998   999        C          1803             3            1810          1813             7  Gas
999  1000        A          1806             1            1806          1807             0   95