      Car Category  Arrival Time  Service Time  Service Begins  Service Ends  Waiting Time Pump
0       1        B             3             2               3             5             0   90
1       2        B             4             1               5             6             1   90
2       3        C             5             7               5            12             0  Gas
3       4        B             6             3               6             9             0   90
4       5        C             8             7              12            19             4  Gas
5       6        C             9             3              19            22            10  Gas
6       7        C             9             5              22            27            13  Gas
7       8        B             9             2               9            11             0   90
8       9        A             9             2               9            11             0   95
9      10        C            12             5              27            32            15  Gas
10     11        C            12             5              32            37            20  Gas
11     12        C            15             3              15            18             0   90
12     13        B            15             3              18            21             3   90
13     14        B            16             2              16            18             0   95
14     15        B            19             2              21            23             2   90
15     16        C            22             7              37            44            15  Gas
16     17        A            23             2              23            25             0   95
17     18        C            26             5              26            31             0   90
18     19        C            29             5              31            36             2   90
19     20        C            30             3              44            47            14  Gas
20     21        C            30             7              47            54            17  Gas
21     22        C            33             7              36            43             3   90
22     23        C            36             5              54            59            18  Gas
23     24        A            36             3              36            39             0   95
24     25        C            38             5              43            48             5   90
25     26        C            40             5              48            53             8   90
26     27        C            42             5              53            58            11   90
27     28        B            44             1              44            45             0   95
28     29        B            47             3              47            50             0   95
29     30        C            49             5              59            64            10  Gas
30     31        B            52             2              58            60             6   90
31     32        B            52             1              60            61             8   90
32     33        B            54             3              61            64             7   90
33     34        B            55             2              55            57             0   95
34     35        C            58             5              64            69             6   90
35     36        B            59             2              59            61             0   95
36     37        C            60             7              64            71             4  Gas
37     38        B            63             1              69            70             6   90
38     39        A            65             3              65            68             0   95
39     40        B            68             1              68            69             0   95
40     41        A            71             2              71            73             0   95
41     42        B            73             3              73            76             0   95
42     43        B            76             2              76            78             0   95
43     44        A            77             3              78            81             1   95
44     45        B            80             2              81            83             1   95
45     46        B            80             2              80            82             0   90
46     47        A            83             1              83            84             0   95
47     48        C            86             7              86            93             0  Gas
48     49        B            89             1              89            90             0   95
49     50        C            92             5              93            98             1  Gas
50     51        B            93             1              93            94             0   95
51     52        B            96             3              96            99             0   90
52     53        C            97             3              98           101             1  Gas
53     54        B           100             3             100           103             0   95
54     55        C           101             7             101           108             0  Gas
55     56        A           104             3             104           107             0   95
56     57        B           107             1             107           108             0   90
57     58        B           110             1             110           111             0   95
58     59        C           113             5             113           118             0   90
59     60        B           114             2             118           120             4   90
60     61        A           117             1             117           118             0   95
61     62        B           118             3             118           121             0   95
62     63        C           121             7             121           128             0  Gas
63     64        C           122             3             128           131             6  Gas
64     65        B           125             3             125           128             0   95
65     66        C           128             7             128           135             0   90
66     67        A           131             3             131           134             0   95
67     68        C           134             3             134           137             0  Gas
68     69        A           134             3             134           137             0   95
69     70        A           137             2             137           139             0   95
70     71        B           137             2             139           141             2   95
71     72        B           140             3             141           144             1   95
72     73        C           140             5             140           145             0   90
73     74        B           142             2             144           146             2   95
74     75        B           144             3             146           149             2   95
75     76        A           147             2             149           151             2   95
76     77        A           150             1             151           152             1   95
77     78        C           153             5             153           158             0  Gas
78     79        A           155             3             155           158             0   95
79     80        C           158             3             158           161             0   90
80     81        C           160             7             161           168             1   90
81     82        A           162             2             162           164             0   95
82     83        C           162             7             168           175             6   90
83     84        B           162             2             175           177            13   90
84     85        B           164             3             164           167             0   95
85     86        A           165             3             167           170             2   95
86     87        B           168             3             170           173             2   95
87     88        B           169             3             173           176             4   95
88     89        B           171             1             177           178             6   90
89     90        C           172             7             178           185             6   90
90     91        B           174             2             176           178             2   95
91     92        C           175             7             185           192            10   90
92     93        A           176             2             178           180             2   95
93     94        B           179             3             192           195            13   90
94     95        A           182             2             182           184             0   95
95     96        B           184             1             184           185             0   95
96     97        C           186             3             195           198             9   90
97     98        C           186             7             198           205            12   90
98     99        C           186             5             205           210            19   90
99    100        C           188             3             188           191             0  Gas
100   101        C           190             7             210           217            20   90
101   102        C           190             5             191           196             1  Gas
102   103        C           192             5             196           201             4  Gas
103   104        A           195             1             195           196             0   95
104   105        C           195             7             217           224            22   90
105   106        C           198             7             201           208             3  Gas
106   107        B           201             2             201           203             0   95
107   108        A           203             3             203           206             0   95
108   109        B           203             2             206           208             3   95
109   110        B           205             2             208           210             3   95
110   111        B           205             3             210           213             5   95
111   112        B           206             3             213           216             7   95
112   113        B           207             3             216           219             9   95
113   114        B           207             3             224           227            17   90
114   115        A           209             2             219           221            10   95
115   116        C           212             5             212           217             0  Gas
116   117        B           215             3             221           224             6   95
117   118        B           215             2             224           226             9   95
118   119        C           216             5             227           232            11   90
119   120        C           217             5             217           222             0  Gas
120   121        A           219             3             226           229             7   95
121   122        A           222             3             229           232             7   95
122   123        C           225             7             232           239             7   90
123   124        A           228             3             232           235             4   95
124   125        C           229             5             239           244            10   90
125   126        A           232             3             235           238             3   95
126   127        B           234             1             244           245            10   90
127   128        C           237             5             245           250             8   90
128   129        A           238             2             238           240             0   95
129   130        B           241             3             241           244             0   95
130   131        C           241             5             250           255             9   90
131   132        C           244             5             244           249             0  Gas
132   133        C           247             3             249           252             2  Gas
133   134        A           249             1             249           250             0   95
134   135        C           249             5             252           257             3  Gas
135   136        C           251             5             255           260             4   90
136   137        B           253             1             253           254             0   95
137   138        B           255             3             260           263             5   90
138   139        A           256             2             256           258             0   95
139   140        C           257             7             257           264             0  Gas
140   141        C           259             7             263           270             4   90
141   142        B           262             3             270           273             8   90
142   143        C           265             5             273           278             8   90
143   144        C           267             7             267           274             0  Gas
144   145        A           268             1             268           269             0   95
145   146        A           271             2             271           273             0   95
146   147        C           274             5             278           283             4   90
147   148        C           275             7             283           290             8   90
148   149        A           277             1             277           278             0   95
149   150        A           280             3             280           283             0   95
150   151        C           282             7             282           289             0  Gas
151   152        B           285             2             285           287             0   95
152   153        C           288             7             290           297             2   90
153   154        B           291             2             297           299             6   90
154   155        C           293             3             299           302             6   90
155   156        B           296             1             296           297             0   95
156   157        C           299             5             302           307             3   90
157   158        B           300             3             307           310             7   90
158   159        C           301             3             301           304             0  Gas
159   160        C           303             7             304           311             1  Gas
160   161        C           306             5             310           315             4   90
161   162        C           309             5             311           316             2  Gas
162   163        C           311             5             315           320             4   90
163   164        C           314             7             316           323             2  Gas
164   165        C           314             5             323           328             9  Gas
165   166        C           316             5             328           333            12  Gas
166   167        C           316             5             320           325             4   90
167   168        B           319             3             319           322             0   95
168   169        C           320             5             333           338            13  Gas
169   170        C           322             7             338           345            16  Gas
170   171        A           325             2             325           327             0   95
171   172        A           328             3             328           331             0   95
172   173        B           330             2             330           332             0   90
173   174        C           333             3             333           336             0   90
174   175        C           336             5             336           341             0   90
175   176        B           339             3             339           342             0   95
176   177        C           342             5             345           350             3  Gas
177   178        A           344             1             344           345             0   95
178   179        C           347             5             347           352             0   90
179   180        C           350             5             352           357             2   90
180   181        C           351             7             357           364             6   90
181   182        B           353             3             353           356             0   95
182   183        C           355             5             355           360             0  Gas
183   184        B           358             1             358           359             0   95
184   185        B           358             1             359           360             1   95
185   186        A           359             3             360           363             1   95
186   187        B           362             2             363           365             1   95
187   188        C           363             5             364           369             1   90
188   189        A           364             3             365           368             1   95
189   190        C           367             3             367           370             0  Gas
190   191        B           367             1             368           369             1   95
191   192        C           368             5             370           375             2  Gas
192   193        B           370             3             370           373             0   95
193   194        C           371             7             375           382             4  Gas
194   195        A           372             2             373           375             1   95
195   196        C           375             3             375           378             0   90
196   197        B           377             3             377           380             0   95
197   198        B           379             3             380           383             1   95
198   199        C           381             5             381           386             0   90
199   200        C           382             7             386           393             4   90
200   201        C           385             3             385           388             0  Gas
201   202        C           388             5             388           393             0  Gas
202   203        A           391             3             391           394             0   95
203   204        B           392             2             394           396             2   95
204   205        B           392             1             396           397             4   95
205   206        C           393             5             393           398             0   90
206   207        C           393             5             393           398             0  Gas
207   208        B           394             3             398           401             4   90
208   209        C           395             5             401           406             6   90
209   210        A           395             2             397           399             2   95
210   211        C           395             5             398           403             3  Gas
211   212        B           396             2             399           401             3   95
212   213        C           398             3             403           406             5  Gas
213   214        B           398             3             401           404             3   95
214   215        C           399             5             406           411             7  Gas
215   216        C           399             7             406           413             7   90
216   217        B           402             3             404           407             2   95
217   218        B           402             3             407           410             5   95
218   219        B           402             3             410           413             8   95
219   220        C           405             5             411           416             6  Gas
220   221        C           406             5             416           421            10  Gas
221   222        B           407             3             413           416             6   90
222   223        A           410             2             413           415             3   95
223   224        C           411             5             421           426            10  Gas
224   225        B           414             2             415           417             1   95
225   226        C           416             5             426           431            10  Gas
226   227        C           416             7             431           438            15  Gas
227   228        B           419             1             419           420             0   95
228   229        C           419             3             438           441            19  Gas
229   230        B           420             3             420           423             0   90
230   231        B           423             3             423           426             0   95
231   232        A           424             3             426           429             2   95
232   233        C           425             3             441           444            16  Gas
233   234        C           428             5             444           449            16  Gas
234   235        C           430             7             430           437             0   90
235   236        B           433             2             433           435             0   95
236   237        C           436             5             449           454            13  Gas
237   238        C           438             7             438           445             0   90
238   239        B           439             1             439           440             0   95
239   240        C           441             5             454           459            13  Gas
240   241        A           444             3             444           447             0   95
241   242        B           447             2             447           449             0   90
242   243        B           450             1             450           451             0   95
243   244        C           451             5             451           456             0   90
244   245        B           454             2             454           456             0   95
245   246        A           454             3             456           459             2   95
246   247        B           454             2             456           458             2   90
247   248        C           457             7             459           466             2  Gas
248   249        C           459             5             466           471             7  Gas
249   250        C           459             7             459           466             0   90
250   251        C           460             5             466           471             6   90
251   252        A           462             1             462           463             0   95
252   253        B           463             3             463           466             0   95
253   254        B           465             3             471           474             6   90
254   255        B           465             2             474           476             9   90
255   256        A           468             3             468           471             0   95
256   257        B           468             2             471           473             3   95
257   258        C           468             5             471           476             3  Gas
258   259        C           470             5             476           481             6  Gas
259   260        C           471             5             481           486            10  Gas
260   261        B           472             2             476           478             4   90
261   262        C           475             5             486           491            11  Gas
262   263        A           478             2             478           480             0   95
263   264        B           478             3             480           483             2   95
264   265        C           480             7             480           487             0   90
265   266        C           483             3             491           494             8  Gas
266   267        C           485             3             494           497             9  Gas
267   268        B           487             3             487           490             0   95
268   269        B           488             3             488           491             0   90
269   270        C           490             3             497           500             7  Gas
270   271        C           490             5             500           505            10  Gas
271   272        B           492             3             492           495             0   90
272   273        A           493             1             493           494             0   95
273   274        A           493             3             494           497             1   95
274   275        A           496             1             497           498             1   95
275   276        A           496             3             498           501             2   95
276   277        A           499             3             501           504             2   95
277   278        A           502             2             504           506             2   95
278   279        A           504             3             506           509             2   95
279   280        A           507             3             509           512             2   95
280   281        B           510             1             510           511             0   90
281   282        C           512             3             512           515             0  Gas
282   283        C           512             5             515           520             3  Gas
283   284        B           514             1             514           515             0   95
284   285        B           515             1             515           516             0   90
285   286        C           517             7             520           527             3  Gas
286   287        B           518             3             518           521             0   95
287   288        C           521             3             527           530             6  Gas
288   289        C           524             5             524           529             0   90
289   290        C           526             5             530           535             4  Gas
290   291        B           528             3             529           532             1   90
291   292        A           530             2             530           532             0   95
292   293        B           530             2             532           534             2   95
293   294        B           531             1             532           533             1   90
294   295        C           531             5             535           540             4  Gas
295   296        B           532             2             533           535             1   90
296   297        C           534             5             540           545             6  Gas
297   298        B           534             3             534           537             0   95
298   299        C           534             5             545           550            11  Gas
299   300        B           536             3             536           539             0   90
300   301        B           536             3             539           542             3   90
301   302        C           537             5             550           555            13  Gas
302   303        B           537             3             542           545             5   90
303   304        A           539             1             539           540             0   95
304   305        B           542             1             542           543             0   95
305   306        C           545             7             545           552             0   90
306   307        A           546             2             546           548             0   95
307   308        B           548             3             552           555             4   90
308   309        C           550             3             555           558             5   90
309   310        B           553             1             558           559             5   90
310   311        B           556             1             556           557             0   95
311   312        B           556             3             559           562             3   90
312   313        A           558             3             558           561             0   95
313   314        B           560             3             561           564             1   95
314   315        A           561             2             564           566             3   95
315   316        C           563             3             563           566             0   90
316   317        B           565             2             566           568             1   95
317   318        B           568             3             568           571             0   95
318   319        C           570             7             570           577             0   90
319   320        C           573             5             577           582             4   90
320   321        C           574             5             582           587             8   90
321   322        C           574             3             587           590            13   90
322   323        C           575             5             575           580             0  Gas
323   324        A           577             2             577           579             0   95
324   325        B           580             3             580           583             0   95
325   326        B           583             3             583           586             0   95
326   327        C           585             7             590           597             5   90
327   328        C           588             7             588           595             0  Gas
328   329        C           589             5             595           600             6  Gas
329   330        C           590             7             600           607            10  Gas
330   331        C           592             3             597           600             5   90
331   332        C           595             5             607           612            12  Gas
332   333        A           597             1             597           598             0   95
333   334        A           598             3             598           601             0   95
334   335        C           601             5             612           617            11  Gas
335   336        C           604             7             604           611             0   90
336   337        C           607             5             611           616             4   90
337   338        B           607             2             607           609             0   95
338   339        C           609             5             617           622             8  Gas
339   340        B           610             3             610           613             0   95
340   341        B           612             2             616           618             4   90
341   342        C           612             5             618           623             6   90
342   343        B           613             1             613           614             0   95
343   344        C           616             3             622           625             6  Gas
344   345        C           619             7             625           632             6  Gas
345   346        C           622             3             632           635            10  Gas
346   347        C           622             5             623           628             1   90
347   348        C           622             5             635           640            13  Gas
348   349        A           624             1             624           625             0   95
349   350        C           627             5             628           633             1   90
350   351        B           630             2             630           632             0   95
351   352        A           631             1             632           633             1   95
352   353        C           632             7             640           647             8  Gas
353   354        B           634             1             634           635             0   95
354   355        A           636             3             636           639             0   95
355   356        B           639             3             639           642             0   95
356   357        C           640             5             647           652             7  Gas
357   358        B           643             1             643           644             0   90
358   359        C           645             3             645           648             0   90
359   360        A           648             3             648           651             0   95
360   361        C           650             5             650           655             0   90
361   362        A           651             2             651           653             0   95
362   363        B           652             1             653           654             1   95
363   364        A           652             2             654           656             2   95
364   365        C           655             3             655           658             0   90
365   366        A           657             2             657           659             0   95
366   367        C           659             5             659           664             0   90
367   368        C           659             5             659           664             0  Gas
368   369        C           660             5             664           669             4   90
369   370        C           662             7             669           676             7   90
370   371        C           665             5             676           681            11   90
371   372        B           666             1             681           682            15   90
372   373        C           667             7             682           689            15   90
373   374        B           669             2             669           671             0   95
374   375        B           670             2             671           673             1   95
375   376        A           671             1             673           674             2   95
376   377        B           673             3             674           677             1   95
377   378        C           676             5             676           681             0  Gas
378   379        B           676             3             689           692            13   90
379   380        A           677             3             677           680             0   95
380   381        C           680             7             692           699            12   90
381   382        B           683             2             699           701            16   90
382   383        C           683             5             683           688             0  Gas
383   384        C           683             5             688           693             5  Gas
384   385        C           684             7             693           700             9  Gas
385   386        C           687             5             701           706            14   90
386   387        C           688             7             700           707            12  Gas
387   388        C           689             7             707           714            18  Gas
388   389        A           691             1             691           692             0   95
389   390        B           694             3             706           709            12   90
390   391        B           695             2             695           697             0   95
391   392        B           698             1             698           699             0   95
392   393        C           701             3             709           712             8   90
393   394        B           703             3             703           706             0   95
394   395        A           706             2             706           708             0   95
395   396        A           707             3             708           711             1   95
396   397        C           707             5             714           719             7  Gas
397   398        A           710             3             711           714             1   95
398   399        C           710             7             712           719             2   90
399   400        C           710             5             719           724             9  Gas
400   401        C           712             7             724           731            12  Gas
401   402        C           713             5             731           736            18  Gas
402   403        B           716             1             716           717             0   95
403   404        C           717             5             719           724             2   90
404   405        B           720             1             724           725             4   90
405   406        B           723             3             723           726             0   95
406   407        C           724             5             736           741            12  Gas
407   408        A           726             3             726           729             0   95
408   409        A           726             2             729           731             3   95
409   410        B           729             3             729           732             0   90
410   411        A           730             3             731           734             1   95
411   412        C           732             5             732           737             0   90
412   413        C           735             3             741           744             6  Gas
413   414        B           737             2             737           739             0   90
414   415        C           739             3             739           742             0   90
415   416        B           740             1             740           741             0   95
416   417        B           743             3             743           746             0   95
417   418        A           746             2             746           748             0   95
418   419        C           749             7             749           756             0  Gas
419   420        C           751             3             751           754             0   90
420   421        C           752             3             754           757             2   90
421   422        B           752             3             757           760             5   90
422   423        C           754             5             760           765             6   90
423   424        B           754             3             754           757             0   95
424   425        C           757             5             765           770             8   90
425   426        C           760             5             770           775            10   90
426   427        A           763             3             763           766             0   95
427   428        C           764             3             775           778            11   90
428   429        C           767             7             778           785            11   90
429   430        B           768             2             768           770             0   95
430   431        B           768             2             785           787            17   90
431   432        C           771             5             771           776             0  Gas
432   433        C           773             5             776           781             3  Gas
433   434        C           776             3             787           790            11   90
434   435        C           779             5             790           795            11   90
435   436        B           781             3             781           784             0   95
436   437        A           783             3             784           787             1   95
437   438        C           786             7             786           793             0  Gas
438   439        C           787             5             795           800             8   90
439   440        C           787             5             793           798             6  Gas
440   441        B           790             3             790           793             0   95
441   442        A           793             1             793           794             0   95
442   443        A           796             3             796           799             0   95
443   444        B           798             2             799           801             1   95
444   445        B           801             2             801           803             0   90
445   446        B           801             3             803           806             2   90
446   447        B           804             3             804           807             0   95
447   448        B           805             3             807           810             2   95
448   449        C           808             7             808           815             0   90
449   450        C           809             5             809           814             0  Gas
450   451        B           810             3             815           818             5   90
451   452        B           813             2             818           820             5   90
452   453        A           814             3             814           817             0   95
453   454        C           817             5             820           825             3   90
454   455        C           818             5             818           823             0  Gas
455   456        C           820             5             823           828             3  Gas
456   457        B           821             2             825           827             4   90
457   458        A           824             3             824           827             0   95
458   459        A           826             3             827           830             1   95
459   460        A           827             1             830           831             3   95
460   461        A           827             3             831           834             4   95
461   462        C           828             5             828           833             0   90
462   463        B           830             2             834           836             4   95
463   464        C           832             5             832           837             0  Gas
464   465        A           835             3             836           839             1   95
465   466        C           838             7             838           845             0  Gas
466   467        C           839             7             845           852             6  Gas
467   468        A           840             3             840           843             0   95
468   469        C           841             7             852           859            11  Gas
469   470        C           841             3             859           862            18  Gas
470   471        C           844             3             862           865            18  Gas
471   472        B           847             3             847           850             0   95
472   473        C           847             3             865           868            18  Gas
473   474        B           849             2             850           852             1   95
474   475        B           851             3             852           855             1   95
475   476        C           852             5             852           857             0   90
476   477        C           852             5             857           862             5   90
477   478        B           855             2             855           857             0   95
478   479        C           855             5             868           873            13  Gas
479   480        C           855             5             862           867             7   90
480   481        B           855             2             857           859             2   95
481   482        C           856             7             873           880            17  Gas
482   483        C           858             7             867           874             9   90
483   484        B           860             3             860           863             0   95
484   485        B           863             3             863           866             0   95
485   486        C           865             7             874           881             9   90
486   487        B           867             2             881           883            14   90
487   488        C           867             5             880           885            13  Gas
488   489        C           869             5             883           888            14   90
489   490        C           871             7             885           892            14  Gas
490   491        A           874             1             874           875             0   95
491   492        C           875             5             892           897            17  Gas
492   493        C           878             5             897           902            19  Gas
493   494        B           880             3             888           891             8   90
494   495        C           882             3             902           905            20  Gas
495   496        B           883             2             883           885             0   95
496   497        B           883             3             885           888             2   95
497   498        B           886             3             891           894             5   90
498   499        C           886             3             905           908            19  Gas
499   500        B           889             1             889           890             0   95
500   501        B           890             3             894           897             4   90
501   502        C           893             5             908           913            15  Gas
502   503        B           894             2             894           896             0   95
503   504        C           894             3             897           900             3   90
504   505        C           895             5             900           905             5   90
505   506        B           897             3             897           900             0   95
506   507        C           899             7             913           920            14  Gas
507   508        A           901             3             901           904             0   95
508   509        C           904             5             920           925            16  Gas
509   510        C           905             7             925           932            20  Gas
510   511        B           908             3             908           911             0   95
511   512        B           910             3             911           914             1   95
512   513        B           913             3             914           917             1   95
513   514        B           914             2             914           916             0   90
514   515        B           917             3             917           920             0   95
515   516        A           920             3             920           923             0   95
516   517        A           922             3             923           926             1   95
517   518        C           925             5             925           930             0   90
518   519        C           926             5             930           935             4   90
519   520        A           928             3             928           931             0   95
520   521        C           931             7             932           939             1  Gas
521   522        A           931             2             931           933             0   95
522   523        B           932             1             933           934             1   95
523   524        B           933             3             934           937             1   95
524   525        A           936             1             937           938             1   95
525   526        B           936             1             938           939             2   95
526   527        B           938             2             939           941             1   95
527   528        A           940             1             941           942             1   95
528   529        C           942             7             942           949             0  Gas
529   530        C           942             7             949           956             7  Gas
530   531        B           942             2             942           944             0   95
531   532        C           943             7             943           950             0   90
532   533        B           944             2             950           952             6   90
533   534        C           947             3             956           959             9  Gas
534   535        B           947             3             947           950             0   95
535   536        C           950             7             959           966             9  Gas
536   537        B           951             2             951           953             0   95
537   538        B           953             2             953           955             0   95
538   539        B           953             3             955           958             2   95
539   540        B           956             3             958           961             2   95
540   541        C           959             5             966           971             7  Gas
541   542        C           960             5             971           976            11  Gas
542   543        C           962             5             962           967             0   90
543   544        C           963             3             976           979            13  Gas
544   545        B           965             2             965           967             0   95
545   546        C           965             7             979           986            14  Gas
546   547        C           967             5             986           991            19  Gas
547   548        C           967             5             991           996            24  Gas
548   549        B           968             2             968           970             0   90
549   550        C           968             5             996          1001            28  Gas
550   551        C           968             7            1001          1008            33  Gas
551   552        C           971             5            1008          1013            37  Gas
552   553        A           973             3             973           976             0   95
553   554        C           975             5             975           980             0   90
554   555        B           975             3             980           983             5   90
555   556        B           976             2             983           985             7   90
556   557        A           978             3             978           981             0   95
557   558        A           981             2             981           983             0   95
558   559        B           984             3             985           988             1   90
559   560        B           987             2             988           990             1   90
560   561        C           988             5            1013          1018            25  Gas
561   562        B           991             1             991           992             0   95
562   563        C           992             5            1018          1023            26  Gas
563   564        B           993             2             993           995             0   95
564   565        A           995             3             995           998             0   95
565   566        C           997             5            1023          1028            26  Gas
566   567        B           998             3             998          1001             0   90
567   568        B          1000             3            1001          1004             1   90
568   569        C          1003             7            1028          1035            25  Gas
569   570        B          1006             2            1006          1008             0   95
570   571        C          1009             7            1009          1016             0   90
571   572        B          1012             2            1012          1014             0   95
572   573        C          1014             7            1016          1023             2   90
573   574        C          1016             3            1035          1038            19  Gas
574   575        B          1017             3            1023          1026             6   90
575   576        C          1018             5            1038          1043            20  Gas
576   577        B          1018             3            1026          1029             8   90
577   578        C          1018             5            1043          1048            25  Gas
578   579        C          1021             5            1029          1034             8   90
579   580        A          1022             2            1022          1024             0   95
580   581        A          1025             3            1025          1028             0   95
581   582        B          1027             3            1028          1031             1   95
582   583        C          1029             5            1048          1053            19  Gas
583   584        C          1030             5            1053          1058            23  Gas
584   585        B          1030             3            1031          1034             1   95
585   586        C          1033             5            1058          1063            25  Gas
586   587        B          1036             1            1036          1037             0   95
587   588        B          1037             3            1037          1040             0   95
588   589        B          1039             2            1040          1042             1   95
589   590        B          1040             3            1042          1045             2   95
590   591        B          1042             3            1042          1045             0   90
591   592        C          1045             7            1045          1052             0   90
592   593        B          1047             3            1047          1050             0   95
593   594        A          1049             3            1050          1053             1   95
594   595        B          1052             1            1052          1053             0   90
595   596        B          1055             3            1055          1058             0   95
596   597        B          1056             3            1058          1061             2   95
597   598        A          1058             3            1061          1064             3   95
598   599        A          1059             3            1064          1067             5   95
599   600        A          1062             3            1067          1070             5   95
600   601        B          1064             3            1070          1073             6   95
601   602        C          1067             5            1067          1072             0  Gas
602   603        B          1070             3            1073          1076             3   95
603   604        C          1072             5            1072          1077             0   90
604   605        C          1075             5            1077          1082             2   90
605   606        C          1075             3            1075          1078             0  Gas
606   607        B          1076             2            1082          1084             6   90
607   608        C          1078             5            1084          1089             6   90
608   609        A          1081             2            1081          1083             0   95
609   610        A          1083             1            1083          1084             0   95
610   611        C          1086             5            1086          1091             0  Gas
611   612        A          1087             3            1087          1090             0   95
612   613        C          1089             7            1089          1096             0   90
613   614        C          1092             5            1092          1097             0  Gas
614   615        A          1093             3            1093          1096             0   95
615   616        C          1093             3            1097          1100             4  Gas
616   617        C          1096             7            1100          1107             4  Gas
617   618        C          1099             5            1107          1112             8  Gas
618   619        B          1102             1            1102          1103             0   90
619   620        C          1103             7            1112          1119             9  Gas
620   621        A          1106             2            1106          1108             0   95
621   622        C          1108             7            1119          1126            11  Gas
622   623        C          1109             5            1126          1131            17  Gas
623   624        A          1111             3            1111          1114             0   95
624   625        C          1112             5            1112          1117             0   90
625   626        B          1113             2            1117          1119             4   90
626   627        C          1114             5            1119          1124             5   90
627   628        C          1115             3            1131          1134            16  Gas
628   629        A          1118             3            1118          1121             0   95
629   630        C          1121             3            1124          1127             3   90
630   631        C          1124             3            1134          1137            10  Gas
631   632        C          1126             5            1127          1132             1   90
632   633        C          1126             5            1132          1137             6   90
633   634        C          1128             5            1137          1142             9   90
634   635        B          1130             3            1130          1133             0   95
635   636        B          1131             1            1142          1143            11   90
636   637        C          1132             7            1143          1150            11   90
637   638        B          1135             2            1135          1137             0   95
638   639        A          1136             2            1137          1139             1   95
639   640        C          1136             7            1137          1144             1  Gas
640   641        A          1138             3            1139          1142             1   95
641   642        B          1138             1            1142          1143             4   95
642   643        C          1140             5            1150          1155            10   90
643   644        A          1143             2            1143          1145             0   95
644   645        B          1145             3            1145          1148             0   95
645   646        B          1148             3            1148          1151             0   95
646   647        C          1148             3            1155          1158             7   90
647   648        C          1151             5            1151          1156             0  Gas
648   649        C          1154             7            1158          1165             4   90
649   650        B          1157             1            1157          1158             0   95
650   651        B          1157             3            1165          1168             8   90
651   652        A          1160             1            1160          1161             0   95
652   653        C          1160             7            1160          1167             0  Gas
653   654        B          1162             2            1162          1164             0   95
654   655        B          1165             3            1168          1171             3   90
655   656        A          1165             3            1165          1168             0   95
656   657        A          1168             1            1168          1169             0   95
657   658        A          1169             2            1169          1171             0   95
658   659        B          1169             2            1171          1173             2   90
659   660        B          1171             3            1173          1176             2   90
660   661        A          1173             2            1173          1175             0   95
661   662        C          1174             5            1174          1179             0  Gas
662   663        B          1175             2            1176          1178             1   90
663   664        A          1178             1            1178          1179             0   95
664   665        B          1178             3            1178          1181             0   90
665   666        B          1178             3            1181          1184             3   90
666   667        B          1180             2            1180          1182             0   95
667   668        B          1182             3            1182          1185             0   95
668   669        C          1184             3            1184          1187             0  Gas
669   670        A          1187             3            1187          1190             0   95
670   671        B          1188             1            1190          1191             2   95
671   672        B          1190             2            1191          1193             1   95
672   673        C          1191             5            1191          1196             0   90
673   674        C          1192             5            1196          1201             4   90
674   675        C          1192             5            1192          1197             0  Gas
675   676        B          1195             1            1201          1202             6   90
676   677        C          1196             5            1197          1202             1  Gas
677   678        B          1197             3            1197          1200             0   95
678   679        B          1198             3            1200          1203             2   95
679   680        C          1201             7            1202          1209             1  Gas
680   681        B          1204             2            1204          1206             0   95
681   682        C          1206             5            1209          1214             3  Gas
682   683        C          1209             3            1209          1212             0   90
683   684        A          1210             3            1210          1213             0   95
684   685        C          1212             7            1212          1219             0   90
685   686        B          1214             2            1219          1221             5   90
686   687        C          1217             3            1217          1220             0  Gas
687   688        C          1220             5            1221          1226             1   90
688   689        B          1223             2            1226          1228             3   90
689   690        C          1225             7            1228          1235             3   90
690   691        B          1226             3            1235          1238             9   90
691   692        C          1226             3            1238          1241            12   90
692   693        B          1229             3            1241          1244            12   90
693   694        C          1230             5            1244          1249            14   90
694   695        C          1232             3            1249          1252            17   90
695   696        B          1235             2            1252          1254            17   90
696   697        B          1238             2            1254          1256            16   90
697   698        B          1241             2            1256          1258            15   90
698   699        B          1244             3            1258          1261            14   90
699   700        C          1244             7            1244          1251             0  Gas
700   701        C          1246             5            1251          1256             5  Gas
701   702        C          1246             3            1256          1259            10  Gas
702   703        C          1249             3            1261          1264            12   90
703   704        C          1250             5            1259          1264             9  Gas
704   705        B          1253             3            1253          1256             0   95
705   706        B          1254             2            1256          1258             2   95
706   707        B          1256             2            1258          1260             2   95
707   708        C          1259             5            1264          1269             5  Gas
708   709        B          1261             3            1264          1267             3   90
709   710        B          1264             3            1264          1267             0   95
710   711        C          1267             5            1267          1272             0   90
711   712        B          1267             3            1267          1270             0   95
712   713        C          1268             5            1269          1274             1  Gas
713   714        A          1271             1            1271          1272             0   95
714   715        C          1271             7            1274          1281             3  Gas
715   716        B          1274             3            1274          1277             0   90
716   717        C          1274             3            1281          1284             7  Gas
717   718        B          1275             3            1275          1278             0   95
718   719        C          1278             5            1284          1289             6  Gas
719   720        B          1280             3            1280          1283             0   95
720   721        B          1280             3            1283          1286             3   95
721   722        B          1282             3            1282          1285             0   90
722   723        B          1285             3            1285          1288             0   90
723   724        B          1288             3            1288          1291             0   95
724   725        B          1290             3            1291          1294             1   95
725   726        C          1293             5            1293          1298             0   90
726   727        C          1295             7            1298          1305             3   90
727   728        C          1298             5            1305          1310             7   90
728   729        C          1299             5            1299          1304             0  Gas
729   730        C          1299             7            1310          1317            11   90
730   731        B          1300             2            1317          1319            17   90
731   732        A          1303             2            1303          1305             0   95
732   733        A          1306             3            1306          1309             0   95
733   734        A          1309             1            1309          1310             0   95
734   735        C          1311             5            1311          1316             0  Gas
735   736        C          1314             7            1316          1323             2  Gas
736   737        C          1316             5            1323          1328             7  Gas
737   738        C          1319             3            1328          1331             9  Gas
738   739        C          1321             5            1321          1326             0   90
739   740        A          1324             3            1324          1327             0   95
740   741        A          1325             1            1327          1328             2   95
741   742        B          1327             1            1327          1328             0   90
742   743        C          1329             5            1329          1334             0   90
743   744        B          1330             2            1334          1336             4   90
744   745        C          1330             5            1331          1336             1  Gas
745   746        C          1331             3            1336          1339             5  Gas
746   747        C          1334             5            1336          1341             2   90
747   748        B          1337             1            1341          1342             4   90
748   749        B          1340             1            1340          1341             0   95
749   750        C          1342             7            1342          1349             0  Gas
750   751        C          1345             3            1349          1352             4  Gas
751   752        B          1346             2            1346          1348             0   90
752   753        B          1346             3            1346          1349             0   95
753   754        B          1348             3            1348          1351             0   90
754   755        C          1348             7            1352          1359             4  Gas
755   756        B          1348             2            1351          1353             3   90
756   757        B          1351             3            1351          1354             0   95
757   758        C          1352             5            1359          1364             7  Gas
758   759        A          1354             3            1354          1357             0   95
759   760        C          1357             7            1357          1364             0   90
760   761        C          1360             5            1364          1369             4   90
761   762        C          1362             5            1364          1369             2  Gas
762   763        C          1365             7            1369          1376             4   90
763   764        C          1368             5            1369          1374             1  Gas
764   765        A          1369             2            1369          1371             0   95
765   766        C          1372             3            1376          1379             4   90
766   767        C          1375             3            1375          1378             0  Gas
767   768        A          1375             1            1375          1376             0   95
768   769        B          1376             1            1379          1380             3   90
769   770        C          1378             5            1378          1383             0  Gas
770   771        A          1380             3            1380          1383             0   95
771   772        C          1383             7            1383          1390             0  Gas
772   773        B          1386             3            1386          1389             0   90
773   774        A          1386             3            1386          1389             0   95
774   775        B          1388             3            1389          1392             1   95
775   776        B          1391             3            1391          1394             0   90
776   777        B          1393             3            1394          1397             1   90
777   778        B          1394             3            1397          1400             3   90
778   779        A          1397             2            1397          1399             0   95
779   780        B          1400             3            1400          1403             0   95
780   781        B          1403             3            1403          1406             0   95
781   782        B          1403             3            1406          1409             3   95
782   783        C          1406             5            1406          1411             0  Gas
783   784        C          1409             3            1411          1414             2  Gas
784   785        C          1409             5            1409          1414             0   90
785   786        C          1412             3            1414          1417             2  Gas
786   787        B          1413             3            1413          1416             0   95
787   788        C          1416             7            1416          1423             0   90
788   789        B          1418             3            1423          1426             5   90
789   790        B          1419             3            1426          1429             7   90
790   791        B          1422             3            1422          1425             0   95
791   792        B          1424             3            1429          1432             5   90
792   793        C          1427             5            1432          1437             5   90
793   794        A          1429             3            1429          1432             0   95
794   795        C          1431             5            1431          1436             0  Gas
795   796        B          1433             2            1433          1435             0   95
796   797        C          1435             7            1436          1443             1  Gas
797   798        B          1436             3            1437          1440             1   90
798   799        C          1437             5            1443          1448             6  Gas
799   800        A          1440             2            1440          1442             0   95
800   801        B          1443             1            1443          1444             0   95
801   802        B          1445             3            1445          1448             0   90
802   803        C          1447             5            1448          1453             1  Gas
803   804        B          1450             3            1450          1453             0   95
804   805        C          1451             3            1453          1456             2  Gas
805   806        C          1451             5            1456          1461             5  Gas
806   807        B          1453             3            1453          1456             0   95
807   808        C          1455             7            1455          1462             0   90
808   809        C          1458             7            1461          1468             3  Gas
809   810        B          1458             3            1462          1465             4   90
810   811        B          1459             3            1465          1468             6   90
811   812        C          1462             7            1468          1475             6  Gas
812   813        B          1465             3            1465          1468             0   95
813   814        B          1468             1            1468          1469             0   95
814   815        B          1470             2            1470          1472             0   95
815   816        C          1472             7            1472          1479             0   90
816   817        C          1474             5            1475          1480             1  Gas
817   818        A          1477             2            1477          1479             0   95
818   819        B          1480             1            1480          1481             0   90
819   820        B          1480             3            1481          1484             1   90
820   821        C          1481             5            1481          1486             0  Gas
821   822        B          1483             3            1484          1487             1   90
822   823        A          1486             3            1486          1489             0   95
823   824        A          1489             2            1489          1491             0   95
824   825        A          1489             1            1491          1492             2   95
825   826        C          1489             7            1489          1496             0  Gas
826   827        B          1489             2            1492          1494             3   95
827   828        C          1492             7            1492          1499             0   90
828   829        B          1495             3            1499          1502             4   90
829   830        C          1497             5            1497          1502             0  Gas
830   831        C          1497             5            1502          1507             5  Gas
831   832        C          1498             5            1507          1512             9  Gas
832   833        B          1499             2            1502          1504             3   90
833   834        B          1499             3            1499          1502             0   95
834   835        B          1501             2            1504          1506             3   90
835   836        C          1501             5            1506          1511             5   90
836   837        B          1502             1            1511          1512             9   90
837   838        A          1502             1            1502          1503             0   95
838   839        A          1504             3            1504          1507             0   95
839   840        C          1505             5            1512          1517             7  Gas
840   841        C          1508             5            1517          1522             9  Gas
841   842        B          1509             1            1509          1510             0   95
842   843        C          1512             7            1512          1519             0   90
843   844        C          1515             7            1519          1526             4   90
844   845        A          1518             3            1518          1521             0   95
845   846        C          1521             7            1526          1533             5   90
846   847        B          1524             1            1524          1525             0   95
847   848        B          1524             2            1525          1527             1   95
848   849        A          1526             3            1527          1530             1   95
849   850        B          1529             3            1533          1536             4   90
850   851        B          1532             3            1532          1535             0   95
851   852        C          1532             5            1536          1541             4   90
852   853        C          1533             3            1541          1544             8   90
853   854        C          1536             3            1536          1539             0  Gas
854   855        C          1539             3            1544          1547             5   90
855   856        C          1541             5            1541          1546             0  Gas
856   857        A          1543             2            1543          1545             0   95
857   858        B          1545             2            1547          1549             2   90
858   859        C          1546             7            1549          1556             3   90
859   860        A          1549             2            1549          1551             0   95
860   861        B          1552             3            1552          1555             0   95
861   862        B          1553             2            1556          1558             3   90
862   863        C          1554             7            1554          1561             0  Gas
863   864        B          1554             3            1558          1561             4   90
864   865        C          1557             7            1561          1568             4   90
865   866        B          1560             3            1560          1563             0   95
866   867        C          1561             5            1561          1566             0  Gas
867   868        C          1562             5            1568          1573             6   90
868   869        C          1565             7            1573          1580             8   90
869   870        A          1568             3            1568          1571             0   95
870   871        A          1571             3            1571          1574             0   95
871   872        A          1572             2            1574          1576             2   95
872   873        B          1573             1            1580          1581             7   90
873   874        C          1573             5            1581          1586             8   90
874   875        C          1574             7            1574          1581             0  Gas
875   876        A          1576             1            1576          1577             0   95
876   877        B          1577             3            1577          1580             0   95
877   878        A          1579             3            1580          1583             1   95
878   879        A          1582             3            1583          1586             1   95
879   880        B          1584             3            1586          1589             2   95
880   881        B          1585             2            1589          1591             4   95
881   882        B          1585             1            1591          1592             6   95
882   883        B          1586             3            1592          1595             6   95
883   884        C          1587             3            1587          1590             0  Gas
884   885        C          1590             7            1590          1597             0   90
885   886        C          1591             7            1597          1604             6   90
886   887        C          1591             5            1591          1596             0  Gas
887   888        C          1591             5            1604          1609            13   90
888   889        C          1594             7            1609          1616            15   90
889   890        A          1597             3            1597          1600             0   95
890   891        C          1600             7            1600          1607             0  Gas
891   892        C          1602             7            1607          1614             5  Gas
892   893        A          1605             2            1605          1607             0   95
893   894        C          1607             7            1614          1621             7  Gas
894   895        C          1607             3            1621          1624            14  Gas
895   896        B          1609             3            1616          1619             7   90
896   897        B          1609             2            1609          1611             0   95
897   898        B          1610             1            1611          1612             1   95
898   899        B          1613             2            1619          1621             6   90
899   900        A          1615             1            1615          1616             0   95
900   901        C          1618             3            1624          1627             6  Gas
901   902        C          1619             5            1627          1632             8  Gas
902   903        B          1621             2            1621          1623             0   95
903   904        A          1622             3            1623          1626             1   95
904   905        A          1625             3            1626          1629             1   95
905   906        C          1626             5            1626          1631             0   90
906   907        C          1628             3            1632          1635             4  Gas
907   908        B          1631             3            1631          1634             0   90
908   909        C          1632             7            1634          1641             2   90
909   910        B          1635             1            1635          1636             0   95
910   911        A          1636             3            1636          1639             0   95
911   912        C          1636             7            1636          1643             0  Gas
912   913        B          1636             3            1641          1644             5   90
913   914        C          1637             7            1643          1650             6  Gas
914   915        B          1637             2            1639          1641             2   95
915   916        A          1638             3            1641          1644             3   95
916   917        B          1639             2            1644          1646             5   95
917   918        C          1640             3            1650          1653            10  Gas
918   919        C          1643             5            1653          1658            10  Gas
919   920        B          1646             3            1646          1649             0   95
920   921        A          1646             1            1649          1650             3   95
921   922        C          1648             7            1648          1655             0   90
922   923        B          1650             3            1650          1653             0   95
923   924        C          1653             5            1658          1663             5  Gas
924   925        B          1655             3            1655          1658             0   90
925   926        B          1657             3            1658          1661             1   90
926   927        C          1659             3            1661          1664             2   90
927   928        B          1660             1            1664          1665             4   90
928   929        A          1663             2            1663          1665             0   95
929   930        B          1664             3            1665          1668             1   95
930   931        C          1667             5            1667          1672             0  Gas
931   932        A          1668             3            1668          1671             0   95
932   933        C          1669             7            1669          1676             0   90
933   934        B          1671             3            1671          1674             0   95
934   935        C          1671             3            1672          1675             1  Gas
935   936        C          1672             5            1675          1680             3  Gas
936   937        A          1675             3            1675          1678             0   95
937   938        C          1676             5            1680          1685             4  Gas
938   939        B          1676             3            1678          1681             2   95
939   940        A          1676             1            1681          1682             5   95
940   941        B          1679             3            1682          1685             3   95
941   942        B          1681             3            1685          1688             4   95
942   943        B          1683             3            1688          1691             5   95
943   944        A          1685             2            1691          1693             6   95
944   945        C          1688             7            1688          1695             0  Gas
945   946        B          1688             2            1688          1690             0   90
946   947        C          1691             3            1691          1694             0   90
947   948        B          1694             3            1694          1697             0   95
948   949        A          1696             3            1697          1700             1   95
949   950        B          1698             1            1698          1699             0   90
950   951        C          1698             3            1698          1701             0  Gas
951   952        C          1700             5            1701          1706             1  Gas
952   953        C          1703             5            1706          1711             3  Gas
953   954        C          1706             7            1706          1713             0   90
954   955        A          1706             2            1706          1708             0   95
955   956        C          1708             5            1713          1718             5   90
956   957        B          1709             2            1718          1720             9   90
957   958        C          1712             5            1712          1717             0  Gas
958   959        C          1715             5            1717          1722             2  Gas
959   960        C          1716             3            1722          1725             6  Gas
960   961        B          1719             3            1720          1723             1   90
961   962        C          1719             5            1725          1730             6  Gas
962   963        B          1720             2            1723          1725             3   90
963   964        C          1720             3            1725          1728             5   90
964   965        A          1723             2            1723          1725             0   95
965   966        B          1723             2            1728          1730             5   90
966   967        B          1726             3            1730          1733             4   90
967   968        C          1728             7            1730          1737             2  Gas
968   969        C          1730             5            1737          1742             7  Gas
969   970        B          1733             1            1733          1734             0   95
970   971        A          1736             2            1736          1738             0   95
971   972        B          1739             3            1739          1742             0   95
972   973        B          1740             3            1742          1745             2   95
973   974        C          1742             7            1742          1749             0  Gas
974   975        B          1744             3            1745          1748             1   95
975   976        B          1744             2            1744          1746             0   90
976   977        B          1747             1            1748          1749             1   95
977   978        A          1750             3            1750          1753             0   95
978   979        B          1750             2            1750          1752             0   90
979   980        A          1753             3            1753          1756             0   95
980   981        C          1756             5            1756          1761             0  Gas
981   982        A          1759             1            1759          1760             0   95
982   983        C          1761             5            1761          1766             0   90
983   984        B          1762             3            1762          1765             0   95
984   985        C          1762             7            1766          1773             4   90
985   986        B          1762             2            1773          1775            11   90
986   987        C          1765             7            1765          1772             0  Gas
987   988        A          1766             2            1766          1768             0   95
988   989        C          1769             7            1775          1782             6   90
989   990        A          1772             3            1772          1775             0   95
990   991        B          1774             2            1782          1784             8   90
991   992        C          1776             5            1776          1781             0  Gas
992   993        B          1779             3            1779          1782             0   95
993   994        C          1781             5            1781          1786             0  Gas
994   995        C          1784             7            1786          1793             2  Gas
995   996        A          1784             1            1784          1785             0   95
996   997        B          1786             3            1786          1789             0   90
997   998        C          1789             5            1793          1798             4  Gas
998   999        C          1791             3            1798          1801             7  Gas
999  1000        C          1793             5            1793          1798             0   90