      Car Category  Arrival Time  Service Time  Service Begins  Service Ends  Waiting Time Pump
0       1        B             2             1               2             3             0   90
1       2        C             5             7               5            12             0  Gas
2       3        A             8             3               8            11             0   95
3       4        B            11             3              11            14             0   90
4       5        C            13             7              13            20             0  Gas
5       6        C            15             7              20            27             5  Gas
6       7        C            16             7              27            34            11  Gas
7       8        B            19             2              19            21             0   90
8       9        B            19             2              21            23             2   90
9      10        B            19             3              19            22             0   95
10     11        B            21             2              22            24             1   95
11     12        C            22             3              34            37            12  Gas
12     13        A            24             3              24            27             0   95
13     14        C            26             5              26            31             0   90
14     15        B            27             1              31            32             4   90
15     16        B            28             2              28            30             0   95
16     17        C            29             5              37            42             8  Gas
17     18        A            32             3              32            35             0   95
18     19        B            34             2              35            37             1   95
19     20        C            35             5              42            47             7  Gas
20     21        C            36             5              47            52            11  Gas
21     22        C            37             7              52            59            15  Gas
22     23        B            40             3              40            43             0   90
23     24        C            43             7              59            66            16  Gas
24     25        C            45             7              45            52             0   90
25     26        A            46             1              46            47             0   95
26     27        C            49             3              66            69            17  Gas
27     28        A            50             3              50            53             0   95
28     29        B            53             3              53            56             0   95
29     30        B            55             1              56            57             1   95
30     31        C            58             5              69            74            11  Gas
31     32        C            59             7              74            81            15  Gas
32     33        C            60             5              60            65             0   90
33     34        B            62             1              65            66             3   90
34     35        A            64             2              64            66             0   95
35     36        C            67             7              67            74             0   90
36     37        A            69             2              69            71             0   95
37     38        B            72             1              74            75             2   90
38     39        B            74             3              75            78             1   90
39     40        C            77             7              81            88             4  Gas
40     41        B            77             1              77            78             0   95
41     42        C            79             7              88            95             9  Gas
42     43        A            80             1              80            81             0   95
43     44        B            81             3              81            84             0   90
44     45        B            83             3              83            86             0   95
45     46        A            86             3              86            89             0   95
46     47        C            89             3              89            92             0   90
47     48        C            92             3              92            95             0   90
48     49        A            95             2              95            97             0   95
49     50        A            97             3              97           100             0   95
50     51        C            98             7              98           105             0  Gas
51     52        C           101             5             105           110             4  Gas
52     53        C           103             5             110           115             7  Gas
53     54        B           104             3             104           107             0   95
54     55        B           107             1             107           108             0   90
55     56        C           107             5             108           113             1   90
56     57        A           109             3             109           112             0   95
57     58        C           111             7             113           120             2   90
58     59        B           114             3             114           117             0   95
59     60        B           116             3             117           120             1   95
60     61        A           118             1             120           121             2   95
61     62        B           119             1             120           121             1   90
62     63        B           122             1             122           123             0   95
63     64        C           125             7             125           132             0   90
64     65        A           128             3             128           131             0   95
65     66        C           131             5             132           137             1   90
66     67        B           132             1             132           133             0   95
67     68        C           135             3             135           138             0  Gas
68     69        B           138             2             138           140             0   95
69     70        C           138             5             138           143             0  Gas
70     71        C           141             5             143           148             2  Gas
71     72        C           144             7             148           155             4  Gas
72     73        C           145             5             145           150             0   90
73     74        A           146             2             146           148             0   95
74     75        C           148             5             155           160             7  Gas
75     76        B           151             1             151           152             0   90
76     77        A           154             1             154           155             0   95
77     78        C           157             5             160           165             3  Gas
78     79        B           158             3             158           161             0   95
79     80        A           158             2             161           163             3   95
80     81        C           160             5             165           170             5  Gas
81     82        C           163             5             170           175             7  Gas
82     83        A           166             3             166           169             0   95
83     84        B           169             1             169           170             0   95
84     85        A           169             3             170           173             1   95
85     86        C           172             7             175           182             3  Gas
86     87        B           173             3             173           176             0   95
87     88        B           174             3             174           177             0   90
88     89        C           175             7             182           189             7  Gas
89     90        B           177             1             177           178             0   90
90     91        C           178             7             178           185             0   90
91     92        C           178             5             189           194            11  Gas
92     93        B           180             3             180           183             0   95
93     94        B           182             3             183           186             1   95
94     95        C           183             7             194           201            11  Gas
95     96        A           185             1             186           187             1   95
96     97        B           186             3             187           190             1   95
97     98        B           189             3             189           192             0   90
98     99        A           190             1             190           191             0   95
99    100        C           193             7             201           208             8  Gas
100   101        C           196             5             208           213            12  Gas
101   102        B           199             3             199           202             0   95
102   103        C           201             5             213           218            12  Gas
103   104        C           202             5             218           223            16  Gas
104   105        B           205             1             205           206             0   95
105   106        B           207             3             207           210             0   95
106   107        B           210             1             210           211             0   90
107   108        B           212             1             212           213             0   90
108   109        C           213             7             223           230            10  Gas
109   110        B           213             3             213           216             0   90
110   111        C           214             5             216           221             2   90
111   112        C           217             7             230           237            13  Gas
112   113        C           220             3             221           224             1   90
113   114        C           223             7             237           244            14  Gas
114   115        C           226             5             244           249            18  Gas
115   116        B           229             3             229           232             0   95
116   117        C           230             7             230           237             0   90
117   118        B           232             1             232           233             0   95
118   119        C           233             7             249           256            16  Gas
119   120        A           235             2             235           237             0   95
120   121        C           235             7             256           263            21  Gas
121   122        A           237             3             237           240             0   95
122   123        B           239             3             239           242             0   90
123   124        C           242             5             242           247             0   90
124   125        C           242             5             263           268            21  Gas
125   126        B           244             3             244           247             0   95
126   127        C           245             5             268           273            23  Gas
127   128        B           245             3             247           250             2   95
128   129        C           248             5             248           253             0   90
129   130        B           248             3             253           256             5   90
130   131        B           248             1             250           251             2   95
131   132        B           250             1             256           257             6   90
132   133        C           252             3             273           276            21  Gas
133   134        C           255             5             276           281            21  Gas
134   135        C           255             5             257           262             2   90
135   136        A           255             3             255           258             0   95
136   137        B           258             1             258           259             0   95
137   138        B           261             1             262           263             1   90
138   139        C           261             7             281           288            20  Gas
139   140        A           261             1             261           262             0   95
140   141        C           261             5             288           293            27  Gas
141   142        B           263             2             263           265             0   95
142   143        A           266             2             266           268             0   95
143   144        A           269             1             269           270             0   95
144   145        C           272             7             293           300            21  Gas
145   146        C           275             7             275           282             0   90
146   147        B           277             2             277           279             0   95
147   148        C           280             5             300           305            20  Gas
148   149        C           282             5             305           310            23  Gas
149   150        C           283             7             310           317            27  Gas
150   151        C           283             5             317           322            34  Gas
151   152        C           286             7             286           293             0   90
152   153        A           288             1             288           289             0   95
153   154        A           290             3             290           293             0   95
154   155        B           293             3             293           296             0   90
155   156        C           294             7             296           303             2   90
156   157        A           297             3             297           300             0   95
157   158        C           298             5             303           308             5   90
158   159        C           300             5             322           327            22  Gas
159   160        A           303             3             303           306             0   95
160   161        A           304             3             306           309             2   95
161   162        B           307             2             309           311             2   95
162   163        C           307             5             327           332            20  Gas
163   164        B           307             1             311           312             4   95
164   165        C           307             7             332           339            25  Gas
165   166        C           308             5             308           313             0   90
166   167        C           310             7             339           346            29  Gas
167   168        B           311             3             312           315             1   95
168   169        A           314             3             315           318             1   95
169   170        B           314             1             314           315             0   90
170   171        C           317             5             317           322             0   90
171   172        B           319             3             322           325             3   90
172   173        C           319             5             325           330             6   90
173   174        A           319             2             319           321             0   95
174   175        C           321             5             330           335             9   90
175   176        C           324             7             346           353            22  Gas
176   177        B           327             1             327           328             0   95
177   178        B           328             3             335           338             7   90
178   179        C           329             5             353           358            24  Gas
179   180        C           332             5             358           363            26  Gas
180   181        C           332             5             363           368            31  Gas
181   182        B           332             3             332           335             0   95
182   183        B           333             3             335           338             2   95
183   184        B           333             3             338           341             5   90
184   185        B           335             1             341           342             6   90
185   186        C           337             7             342           349             5   90
186   187        B           340             1             349           350             9   90
187   188        B           342             1             342           343             0   95
188   189        C           343             7             368           375            25  Gas
189   190        C           346             5             350           355             4   90
190   191        C           346             5             355           360             9   90
191   192        B           348             3             348           351             0   95
192   193        A           350             2             351           353             1   95
193   194        A           352             3             353           356             1   95
194   195        B           352             3             356           359             4   95
195   196        C           353             7             375           382            22  Gas
196   197        C           353             7             382           389            29  Gas
197   198        A           353             3             359           362             6   95
198   199        B           354             1             362           363             8   95
199   200        A           357             3             363           366             6   95
200   201        B           358             2             366           368             8   95
201   202        C           360             5             389           394            29  Gas
202   203        B           362             3             362           365             0   90
203   204        B           363             3             368           371             5   95
204   205        A           365             3             371           374             6   95
205   206        A           367             3             374           377             7   95
206   207        A           369             3             377           380             8   95
207   208        A           370             1             380           381            10   95
208   209        C           373             3             394           397            21  Gas
209   210        B           376             1             376           377             0   90
210   211        C           379             7             379           386             0   90
211   212        C           379             5             397           402            18  Gas
212   213        C           381             5             402           407            21  Gas
213   214        A           382             3             382           385             0   95
214   215        C           383             5             407           412            24  Gas
215   216        A           383             3             385           388             2   95
216   217        A           386             3             388           391             2   95
217   218        C           389             7             412           419            23  Gas
218   219        C           390             7             419           426            29  Gas
219   220        B           390             2             391           393             1   95
220   221        B           391             1             393           394             2   95
221   222        C           394             5             426           431            32  Gas
222   223        B           396             3             396           399             0   95
223   224        B           398             3             398           401             0   90
224   225        B           399             3             399           402             0   95
225   226        B           402             3             402           405             0   90
226   227        C           405             5             431           436            26  Gas
227   228        A           405             3             405           408             0   95
228   229        C           406             5             436           441            30  Gas
229   230        B           407             3             408           411             1   95
230   231        B           409             2             411           413             2   95
231   232        C           411             7             441           448            30  Gas
232   233        B           411             3             411           414             0   90
233   234        C           412             5             448           453            36  Gas
234   235        C           414             5             414           419             0   90
235   236        B           416             1             416           417             0   95
236   237        B           419             2             419           421             0   95
237   238        B           422             2             422           424             0   95
238   239        B           425             3             425           428             0   95
239   240        B           427             3             427           430             0   90
240   241        B           430             2             430           432             0   95
241   242        C           433             3             453           456            20  Gas
242   243        C           436             7             456           463            20  Gas
243   244        B           436             3             436           439             0   95
244   245        C           438             5             438           443             0   90
245   246        C           441             7             443           450             2   90
246   247        B           441             2             450           452             9   90
247   248        A           441             2             441           443             0   95
248   249        B           444             2             444           446             0   95
249   250        B           446             1             446           447             0   95
250   251        C           449             3             463           466            14  Gas
251   252        B           449             2             449           451             0   95
252   253        C           449             3             452           455             3   90
253   254        B           452             1             455           456             3   90
254   255        B           455             2             456           458             1   90
255   256        B           458             3             458           461             0   95
256   257        B           458             2             458           460             0   90
257   258        C           460             5             460           465             0   90
258   259        A           463             3             463           466             0   95
259   260        A           464             3             466           469             2   95
260   261        C           467             5             467           472             0  Gas
261   262        A           469             3             469           472             0   95
262   263        B           472             3             472           475             0   90
263   264        B           473             2             473           475             0   95
264   265        C           476             3             476           479             0  Gas
265   266        C           479             5             479           484             0  Gas
266   267        C           480             3             480           483             0   90
267   268        C           480             5             484           489             4  Gas
268   269        C           482             7             483           490             1   90
269   270        C           483             5             489           494             6  Gas
270   271        A           484             3             484           487             0   95
271   272        B           487             2             490           492             3   90
272   273        B           490             2             492           494             2   90
273   274        B           490             3             494           497             4   90
274   275        A           493             1             493           494             0   95
275   276        A           495             3             495           498             0   95
276   277        C           498             5             498           503             0  Gas
277   278        C           498             5             503           508             5  Gas
278   279        C           501             7             501           508             0   90
279   280        C           502             5             508           513             6  Gas
280   281        C           505             7             513           520             8  Gas
281   282        A           508             3             508           511             0   95
282   283        B           510             2             511           513             1   95
283   284        C           512             5             520           525             8  Gas
284   285        B           515             2             515           517             0   90
285   286        A           517             3             517           520             0   95
286   287        C           518             3             525           528             7  Gas
287   288        C           521             3             521           524             0   90
288   289        C           523             5             528           533             5  Gas
289   290        B           525             2             525           527             0   95
290   291        A           526             3             527           530             1   95
291   292        B           526             1             530           531             4   95
292   293        B           527             3             527           530             0   90
293   294        A           530             2             531           533             1   95
294   295        C           531             5             531           536             0   90
295   296        C           534             5             536           541             2   90
296   297        C           535             3             535           538             0  Gas
297   298        B           538             3             538           541             0   95
298   299        C           541             5             541           546             0  Gas
299   300        C           542             7             546           553             4  Gas
300   301        A           544             3             544           547             0   95
301   302        C           546             7             546           553             0   90
302   303        C           549             3             553           556             4  Gas
303   304        B           551             3             553           556             2   90
304   305        B           552             2             552           554             0   95
305   306        C           555             7             556           563             1  Gas
306   307        A           558             3             558           561             0   95
307   308        A           561             3             561           564             0   95
308   309        B           563             2             564           566             1   95
309   310        B           566             2             566           568             0   90
310   311        C           569             7             569           576             0   90
311   312        C           569             5             576           581             7   90
312   313        C           569             5             569           574             0  Gas
313   314        B           571             2             571           573             0   95
314   315        B           574             2             574           576             0   95
315   316        A           577             3             577           580             0   95
316   317        C           578             3             578           581             0  Gas
317   318        A           578             3             580           583             2   95
318   319        C           579             5             581           586             2   90
319   320        C           580             5             581           586             1  Gas
320   321        A           580             3             583           586             3   95
321   322        A           583             3             586           589             3   95
322   323        B           586             3             589           592             3   95
323   324        C           588             7             588           595             0   90
324   325        C           589             5             589           594             0  Gas
325   326        C           590             5             595           600             5   90
326   327        C           593             5             600           605             7   90
327   328        C           594             5             594           599             0  Gas
328   329        A           596             2             596           598             0   95
329   330        C           597             7             605           612             8   90
330   331        C           600             5             600           605             0  Gas
331   332        A           602             3             602           605             0   95
332   333        B           602             3             605           608             3   95
333   334        A           602             3             608           611             6   95
334   335        A           605             2             611           613             6   95
335   336        C           607             5             612           617             5   90
336   337        C           607             5             607           612             0  Gas
337   338        C           609             7             617           624             8   90
338   339        C           610             3             612           615             2  Gas
339   340        B           611             2             613           615             2   95
340   341        B           613             3             624           627            11   90
341   342        A           613             1             615           616             2   95
342   343        A           614             3             616           619             2   95
343   344        C           615             5             627           632            12   90
344   345        C           618             5             618           623             0  Gas
345   346        C           619             3             623           626             4  Gas
346   347        B           619             2             619           621             0   95
347   348        B           622             2             622           624             0   95
348   349        A           622             1             624           625             2   95
349   350        A           625             3             625           628             0   95
350   351        C           626             5             626           631             0  Gas
351   352        C           626             7             631           638             5  Gas
352   353        B           628             2             628           630             0   95
353   354        C           631             5             638           643             7  Gas
354   355        A           634             3             634           637             0   95
355   356        C           634             7             643           650             9  Gas
356   357        C           635             5             650           655            15  Gas
357   358        C           636             5             655           660            19  Gas
358   359        B           638             2             638           640             0   90
359   360        A           640             3             640           643             0   95
360   361        C           642             7             660           667            18  Gas
361   362        C           643             5             643           648             0   90
362   363        C           645             5             648           653             3   90
363   364        B           646             3             646           649             0   95
364   365        C           648             3             667           670            19  Gas
365   366        B           651             1             651           652             0   95
366   367        C           651             5             670           675            19  Gas
367   368        C           652             7             675           682            23  Gas
368   369        C           652             3             682           685            30  Gas
369   370        C           655             7             685           692            30  Gas
370   371        B           658             1             658           659             0   95
371   372        B           659             3             659           662             0   95
372   373        C           662             5             692           697            30  Gas
373   374        B           663             3             663           666             0   95
374   375        C           664             5             697           702            33  Gas
375   376        B           666             3             666           669             0   95
376   377        A           669             2             669           671             0   95
377   378        A           671             3             671           674             0   95
378   379        C           672             3             672           675             0   90
379   380        A           675             3             675           678             0   95
380   381        C           678             5             678           683             0   90
381   382        C           681             7             683           690             2   90
382   383        B           684             2             690           692             6   90
383   384        C           687             5             702           707            15  Gas
384   385        B           688             2             692           694             4   90
385   386        C           688             7             707           714            19  Gas
386   387        A           690             3             690           693             0   95
387   388        C           690             5             694           699             4   90
388   389        B           693             3             693           696             0   95
389   390        B           694             3             699           702             5   90
390   391        B           696             2             696           698             0   95
391   392        B           698             1             698           699             0   95
392   393        B           701             2             702           704             1   90
393   394        C           702             5             704           709             2   90
394   395        C           703             3             714           717            11  Gas
395   396        C           703             7             709           716             6   90
396   397        C           706             7             717           724            11  Gas
397   398        A           706             3             706           709             0   95
398   399        B           708             2             709           711             1   95
399   400        B           710             3             711           714             1   95
400   401        C           713             7             724           731            11  Gas
401   402        C           716             5             731           736            15  Gas
402   403        B           718             3             718           721             0   95
403   404        B           721             1             721           722             0   95
404   405        A           722             2             722           724             0   95
405   406        B           722             3             724           727             2   95
406   407        C           724             7             736           743            12  Gas
407   408        A           726             1             727           728             1   95
408   409        B           729             3             729           732             0   95
409   410        B           732             3             732           735             0   95
410   411        C           734             5             743           748             9  Gas
411   412        C           737             5             748           753            11  Gas
412   413        B           740             1             740           741             0   95
413   414        A           740             3             741           744             1   95
414   415        B           740             3             744           747             4   95
415   416        A           743             3             747           750             4   95
416   417        B           745             1             750           751             5   95
417   418        A           748             2             751           753             3   95
418   419        B           751             1             751           752             0   90
419   420        B           753             2             753           755             0   90
420   421        A           756             2             756           758             0   95
421   422        B           756             2             758           760             2   95
422   423        C           759             5             759           764             0   90
423   424        C           760             5             764           769             4   90
424   425        C           763             3             769           772             6   90
425   426        A           766             3             766           769             0   95
426   427        C           766             5             766           771             0  Gas
427   428        C           768             5             772           777             4   90
428   429        C           768             7             771           778             3  Gas
429   430        A           768             3             769           772             1   95
430   431        B           768             3             772           775             4   95
431   432        A           770             2             775           777             5   95
432   433        B           773             3             777           780             4   95
433   434        B           776             3             777           780             1   90
434   435        B           778             3             780           783             2   95
435   436        A           780             3             783           786             3   95
436   437        C           783             5             783           788             0  Gas
437   438        C           784             5             788           793             4  Gas
438   439        C           786             3             793           796             7  Gas
439   440        B           787             3             787           790             0   95
440   441        A           787             1             790           791             3   95
441   442        C           789             5             796           801             7  Gas
442   443        A           790             3             791           794             1   95
443   444        B           792             3             792           795             0   90
444   445        B           795             2             795           797             0   90
445   446        A           798             1             798           799             0   95
446   447        A           799             3             799           802             0   95
447   448        C           799             5             801           806             2  Gas
448   449        B           800             2             800           802             0   90
449   450        B           802             3             802           805             0   95
450   451        B           802             2             805           807             3   95
451   452        B           803             3             803           806             0   90
452   453        B           806             3             806           809             0   90
453   454        B           808             3             808           811             0   95
454   455        B           809             3             811           814             2   95
455   456        C           809             5             809           814             0   90
456   457        A           812             3             814           817             2   95
457   458        C           814             5             814           819             0  Gas
458   459        C           815             5             815           820             0   90
459   460        B           817             3             817           820             0   95
460   461        A           820             2             820           822             0   95
461   462        C           823             7             823           830             0  Gas
462   463        B           826             1             826           827             0   90
463   464        B           827             3             827           830             0   95
464   465        B           830             3             830           833             0   95
465   466        C           833             7             833           840             0  Gas
466   467        A           835             2             835           837             0   95
467   468        A           838             3             838           841             0   95
468   469        B           840             2             841           843             1   95
469   470        B           841             1             841           842             0   90
470   471        B           842             2             842           844             0   90
471   472        C           844             7             844           851             0  Gas
472   473        A           846             2             846           848             0   95
473   474        A           847             1             848           849             1   95
474   475        C           850             7             851           858             1  Gas
475   476        A           853             3             853           856             0   95
476   477        A           855             2             856           858             1   95
477   478        A           858             1             858           859             0   95
478   479        B           859             1             859           860             0   90
479   480        B           859             1             859           860             0   95
480   481        B           862             1             862           863             0   90
481   482        C           862             3             863           866             1   90
482   483        C           862             3             862           865             0  Gas
483   484        C           864             7             866           873             2   90
484   485        A           865             2             865           867             0   95
485   486        B           866             2             873           875             7   90
486   487        B           867             2             867           869             0   95
487   488        A           869             2             869           871             0   95
488   489        B           869             3             875           878             6   90
489   490        C           872             5             878           883             6   90
490   491        B           872             3             872           875             0   95
491   492        A           872             2             875           877             3   95
492   493        B           874             3             877           880             3   95
493   494        A           876             3             880           883             4   95
494   495        B           877             1             883           884             6   95
495   496        C           879             3             879           882             0  Gas
496   497        B           882             3             884           887             2   95
497   498        B           885             3             887           890             2   95
498   499        B           888             1             888           889             0   90
499   500        B           891             3             891           894             0   95
500   501        B           893             1             893           894             0   90
501   502        B           896             2             896           898             0   90
502   503        C           899             3             899           902             0  Gas
503   504        A           899             1             899           900             0   95
504   505        C           900             5             902           907             2  Gas
505   506        C           902             3             907           910             5  Gas
506   507        B           904             2             904           906             0   95
507   508        B           904             2             906           908             2   95
508   509        C           905             5             910           915             5  Gas
509   510        C           906             5             915           920             9  Gas
510   511        A           909             2             909           911             0   95
511   512        A           911             1             911           912             0   95
512   513        C           913             5             920           925             7  Gas
513   514        B           915             3             915           918             0   90
514   515        B           916             3             916           919             0   95
515   516        C           919             3             925           928             6  Gas
516   517        B           919             2             919           921             0   90
517   518        C           922             5             928           933             6  Gas
518   519        A           923             2             923           925             0   95
519   520        C           924             5             924           929             0   90
520   521        C           925             7             929           936             4   90
521   522        B           925             1             936           937            11   90
522   523        C           927             5             937           942            10   90
523   524        B           930             1             930           931             0   95
524   525        C           932             3             933           936             1  Gas
525   526        B           935             3             935           938             0   95
526   527        B           938             1             942           943             4   90
527   528        C           940             7             940           947             0  Gas
528   529        B           943             2             943           945             0   95
529   530        B           944             3             945           948             1   95
530   531        C           945             5             947           952             2  Gas
531   532        A           946             3             948           951             2   95
532   533        C           949             5             949           954             0   90
533   534        C           952             3             954           957             2   90
534   535        A           954             3             954           957             0   95
535   536        A           955             1             957           958             2   95
536   537        B           955             1             957           958             2   90
537   538        C           957             7             957           964             0  Gas
538   539        B           957             3             958           961             1   95
539   540        C           960             5             960           965             0   90
540   541        C           963             3             965           968             2   90
541   542        B           966             3             966           969             0   95
542   543        C           969             7             969           976             0   90
543   544        C           972             5             972           977             0  Gas
544   545        C           974             5             976           981             2   90
545   546        B           977             3             977           980             0   95
546   547        C           980             5             981           986             1   90
547   548        C           983             5             983           988             0  Gas
548   549        B           985             3             985           988             0   95
549   550        B           985             2             986           988             1   90
550   551        C           986             5             988           993             2   90
551   552        C           987             7             988           995             1  Gas
552   553        C           988             5             995          1000             7  Gas
553   554        C           991             3             993           996             2   90
554   555        C           991             5            1000          1005             9  Gas
555   556        B           994             1             996           997             2   90
556   557        C           996             5            1005          1010             9  Gas
557   558        C           998             5             998          1003             0   90
558   559        A          1001             2            1001          1003             0   95
559   560        C          1002             5            1010          1015             8  Gas
560   561        C          1004             7            1004          1011             0   90
561   562        C          1007             5            1015          1020             8  Gas
562   563        A          1009             2            1009          1011             0   95
563   564        C          1009             5            1020          1025            11  Gas
564   565        A          1011             1            1011          1012             0   95
565   566        C          1014             7            1014          1021             0   90
566   567        A          1017             2            1017          1019             0   95
567   568        B          1020             3            1021          1024             1   90
568   569        B          1023             3            1024          1027             1   90
569   570        B          1024             3            1024          1027             0   95
570   571        C          1024             3            1027          1030             3   90
571   572        C          1026             5            1030          1035             4   90
572   573        A          1026             1            1027          1028             1   95
573   574        C          1029             5            1029          1034             0  Gas
574   575        C          1032             5            1035          1040             3   90
575   576        B          1035             3            1035          1038             0   95
576   577        C          1038             5            1040          1045             2   90
577   578        C          1038             5            1045          1050             7   90
578   579        C          1039             7            1039          1046             0  Gas
579   580        A          1042             3            1042          1045             0   95
580   581        C          1043             5            1050          1055             7   90
581   582        C          1043             5            1046          1051             3  Gas
582   583        C          1046             3            1051          1054             5  Gas
583   584        B          1049             2            1049          1051             0   95
584   585        C          1052             5            1054          1059             2  Gas
585   586        B          1053             2            1055          1057             2   90
586   587        C          1056             3            1059          1062             3  Gas
587   588        B          1057             3            1057          1060             0   95
588   589        C          1058             5            1062          1067             4  Gas
589   590        B          1059             1            1059          1060             0   90
590   591        A          1061             3            1061          1064             0   95
591   592        A          1061             3            1064          1067             3   95
592   593        C          1062             5            1067          1072             5  Gas
593   594        C          1064             7            1072          1079             8  Gas
594   595        A          1067             3            1067          1070             0   95
595   596        B          1070             1            1070          1071             0   95
596   597        B          1073             3            1073          1076             0   95
597   598        C          1075             5            1079          1084             4  Gas
598   599        B          1077             3            1077          1080             0   95
599   600        C          1077             7            1077          1084             0   90
600   601        C          1080             7            1084          1091             4  Gas
601   602        C          1081             3            1091          1094            10  Gas
602   603        C          1083             7            1094          1101            11  Gas
603   604        C          1086             7            1101          1108            15  Gas
604   605        C          1089             7            1108          1115            19  Gas
605   606        C          1092             7            1092          1099             0   90
606   607        C          1092             7            1115          1122            23  Gas
607   608        C          1095             5            1122          1127            27  Gas
608   609        A          1095             1            1095          1096             0   95
609   610        B          1096             3            1096          1099             0   95
610   611        A          1099             2            1099          1101             0   95
611   612        C          1102             3            1127          1130            25  Gas
612   613        B          1105             3            1105          1108             0   90
613   614        B          1105             2            1105          1107             0   95
614   615        B          1108             1            1108          1109             0   95
615   616        B          1111             3            1111          1114             0   90
616   617        B          1111             3            1114          1117             3   90
617   618        C          1114             3            1130          1133            16  Gas
618   619        A          1117             3            1117          1120             0   95
619   620        A          1120             3            1120          1123             0   95
620   621        C          1120             7            1133          1140            13  Gas
621   622        B          1120             3            1120          1123             0   90
622   623        B          1121             3            1123          1126             2   95
623   624        B          1124             2            1126          1128             2   95
624   625        C          1125             5            1140          1145            15  Gas
625   626        B          1128             3            1128          1131             0   95
626   627        B          1129             3            1131          1134             2   95
627   628        A          1132             3            1134          1137             2   95
628   629        B          1134             3            1137          1140             3   95
629   630        C          1137             5            1145          1150             8  Gas
630   631        A          1139             2            1140          1142             1   95
631   632        A          1141             3            1142          1145             1   95
632   633        C          1143             5            1150          1155             7  Gas
633   634        B          1146             1            1146          1147             0   95
634   635        C          1147             5            1155          1160             8  Gas
635   636        C          1149             7            1149          1156             0   90
636   637        C          1150             5            1160          1165            10  Gas
637   638        C          1153             5            1165          1170            12  Gas
638   639        C          1154             5            1156          1161             2   90
639   640        C          1157             5            1170          1175            13  Gas
640   641        B          1160             3            1160          1163             0   95
641   642        A          1160             3            1163          1166             3   95
642   643        C          1162             5            1162          1167             0   90
643   644        C          1165             3            1167          1170             2   90
644   645        C          1168             7            1175          1182             7  Gas
645   646        C          1171             7            1182          1189            11  Gas
646   647        B          1174             3            1174          1177             0   90
647   648        C          1177             5            1189          1194            12  Gas
648   649        B          1179             3            1179          1182             0   95
649   650        C          1182             7            1194          1201            12  Gas
650   651        C          1184             3            1201          1204            17  Gas
651   652        C          1186             7            1186          1193             0   90
652   653        C          1188             3            1193          1196             5   90
653   654        A          1189             3            1189          1192             0   95
654   655        B          1190             3            1196          1199             6   90
655   656        C          1191             5            1199          1204             8   90
656   657        A          1193             3            1193          1196             0   95
657   658        C          1194             7            1204          1211            10   90
658   659        B          1196             2            1211          1213            15   90
659   660        B          1198             3            1198          1201             0   95
660   661        A          1198             3            1201          1204             3   95
661   662        B          1200             2            1213          1215            13   90
662   663        B          1201             3            1215          1218            14   90
663   664        B          1203             3            1218          1221            15   90
664   665        A          1204             3            1204          1207             0   95
665   666        A          1204             1            1207          1208             3   95
666   667        B          1207             3            1221          1224            14   90
667   668        B          1210             3            1224          1227            14   90
668   669        C          1213             5            1227          1232            14   90
669   670        C          1215             5            1232          1237            17   90
670   671        C          1215             5            1215          1220             0  Gas
671   672        B          1215             1            1215          1216             0   95
672   673        C          1217             5            1237          1242            20   90
673   674        C          1217             5            1220          1225             3  Gas
674   675        A          1219             3            1219          1222             0   95
675   676        A          1222             2            1222          1224             0   95
676   677        B          1225             3            1225          1228             0   95
677   678        A          1228             3            1228          1231             0   95
678   679        C          1229             5            1229          1234             0  Gas
679   680        C          1229             5            1234          1239             5  Gas
680   681        B          1232             3            1232          1235             0   95
681   682        C          1233             7            1239          1246             6  Gas
682   683        C          1233             5            1246          1251            13  Gas
683   684        A          1234             3            1235          1238             1   95
684   685        A          1235             2            1238          1240             3   95
685   686        C          1238             5            1251          1256            13  Gas
686   687        B          1238             1            1240          1241             2   95
687   688        B          1239             3            1241          1244             2   95
688   689        A          1242             2            1244          1246             2   95
689   690        B          1242             2            1246          1248             4   95
690   691        C          1243             3            1243          1246             0   90
691   692        A          1245             3            1248          1251             3   95
692   693        C          1248             5            1248          1253             0   90
693   694        A          1249             1            1251          1252             2   95
694   695        C          1250             7            1256          1263             6  Gas
695   696        C          1253             7            1253          1260             0   90
696   697        C          1254             7            1263          1270             9  Gas
697   698        A          1256             3            1256          1259             0   95
698   699        A          1259             2            1259          1261             0   95
699   700        C          1262             5            1270          1275             8  Gas
700   701        B          1262             2            1262          1264             0   95
701   702        B          1265             3            1265          1268             0   90
702   703        C          1267             3            1275          1278             8  Gas
703   704        C          1268             7            1278          1285            10  Gas
704   705        A          1268             1            1268          1269             0   95
705   706        B          1271             3            1271          1274             0   95
706   707        A          1271             1            1274          1275             3   95
707   708        C          1272             5            1272          1277             0   90
708   709        C          1273             5            1285          1290            12  Gas
709   710        B          1275             3            1275          1278             0   95
710   711        B          1275             2            1277          1279             2   90
711   712        A          1275             3            1278          1281             3   95
712   713        A          1277             1            1281          1282             4   95
713   714        C          1280             5            1280          1285             0   90
714   715        C          1283             3            1290          1293             7  Gas
715   716        B          1284             3            1284          1287             0   95
716   717        B          1285             3            1287          1290             2   95
717   718        B          1288             3            1290          1293             2   95
718   719        B          1288             2            1293          1295             5   95
719   720        B          1288             3            1295          1298             7   95
720   721        B          1288             1            1298          1299            10   95
721   722        C          1291             7            1293          1300             2  Gas
722   723        C          1291             7            1291          1298             0   90
723   724        B          1294             3            1298          1301             4   90
724   725        B          1297             2            1299          1301             2   95
725   726        B          1300             2            1301          1303             1   95
726   727        C          1302             3            1302          1305             0   90
727   728        C          1305             7            1305          1312             0   90
728   729        B          1305             2            1305          1307             0   95
729   730        C          1308             5            1312          1317             4   90
730   731        C          1310             5            1310          1315             0  Gas
731   732        B          1311             2            1317          1319             6   90
732   733        B          1314             2            1319          1321             5   90
733   734        B          1317             2            1317          1319             0   95
734   735        C          1318             7            1318          1325             0  Gas
735   736        C          1320             5            1321          1326             1   90
736   737        C          1321             3            1326          1329             5   90
737   738        C          1324             5            1325          1330             1  Gas
738   739        A          1326             3            1326          1329             0   95
739   740        C          1329             7            1330          1337             1  Gas
740   741        B          1331             1            1331          1332             0   95
741   742        C          1334             3            1337          1340             3  Gas
742   743        C          1337             5            1340          1345             3  Gas
743   744        C          1340             5            1345          1350             5  Gas
744   745        C          1343             3            1343          1346             0   90
745   746        B          1344             2            1344          1346             0   95
746   747        A          1347             3            1347          1350             0   95
747   748        C          1349             5            1350          1355             1  Gas
748   749        B          1352             1            1352          1353             0   90
749   750        B          1354             3            1354          1357             0   90
750   751        B          1354             1            1357          1358             3   90
751   752        A          1354             1            1354          1355             0   95
752   753        A          1355             1            1355          1356             0   95
753   754        B          1358             2            1358          1360             0   90
754   755        B          1360             2            1360          1362             0   95
755   756        C          1363             5            1363          1368             0  Gas
756   757        A          1365             2            1365          1367             0   95
757   758        C          1368             3            1368          1371             0  Gas
758   759        C          1368             7            1368          1375             0   90
759   760        C          1370             3            1371          1374             1  Gas
760   761        C          1371             5            1375          1380             4   90
761   762        B          1371             1            1371          1372             0   95
762   763        C          1374             5            1380          1385             6   90
763   764        C          1376             5            1385          1390             9   90
764   765        B          1379             3            1379          1382             0   95
765   766        B          1379             1            1390          1391            11   90
766   767        B          1381             1            1391          1392            10   90
767   768        B          1384             2            1392          1394             8   90
768   769        A          1387             2            1387          1389             0   95
769   770        B          1390             1            1394          1395             4   90
770   771        B          1391             2            1395          1397             4   90
771   772        C          1392             5            1392          1397             0  Gas
772   773        B          1395             3            1395          1398             0   95
773   774        C          1398             5            1398          1403             0   90
774   775        B          1401             3            1403          1406             2   90
775   776        C          1401             5            1401          1406             0  Gas
776   777        B          1403             3            1403          1406             0   95
777   778        B          1404             3            1406          1409             2   95
778   779        C          1407             5            1407          1412             0   90
779   780        A          1410             3            1410          1413             0   95
780   781        C          1410             5            1412          1417             2   90
781   782        A          1411             3            1413          1416             2   95
782   783        A          1414             2            1416          1418             2   95
783   784        C          1417             5            1417          1422             0  Gas
784   785        C          1417             3            1417          1420             0   90
785   786        C          1419             7            1420          1427             1   90
786   787        B          1422             2            1427          1429             5   90
787   788        B          1422             2            1429          1431             7   90
788   789        C          1425             5            1425          1430             0  Gas
789   790        B          1428             3            1428          1431             0   95
790   791        C          1430             5            1430          1435             0  Gas
791   792        C          1432             7            1432          1439             0   90
792   793        B          1435             3            1435          1438             0   95
793   794        C          1436             3            1439          1442             3   90
794   795        C          1438             5            1438          1443             0  Gas
795   796        C          1439             5            1442          1447             3   90
796   797        C          1439             3            1443          1446             4  Gas
797   798        B          1442             3            1442          1445             0   95
798   799        C          1445             7            1446          1453             1  Gas
799   800        A          1446             1            1446          1447             0   95
800   801        B          1449             3            1449          1452             0   95
801   802        B          1450             2            1452          1454             2   95
802   803        A          1452             2            1454          1456             2   95
803   804        B          1454             3            1456          1459             2   95
804   805        B          1454             2            1454          1456             0   90
805   806        B          1454             3            1456          1459             2   90
806   807        C          1457             3            1457          1460             0  Gas
807   808        A          1459             3            1459          1462             0   95
808   809        A          1462             2            1462          1464             0   95
809   810        A          1465             1            1465          1466             0   95
810   811        C          1467             5            1467          1472             0  Gas
811   812        C          1469             7            1472          1479             3  Gas
812   813        B          1470             1            1470          1471             0   95
813   814        C          1473             7            1473          1480             0   90
814   815        C          1474             5            1479          1484             5  Gas
815   816        C          1477             7            1480          1487             3   90
816   817        A          1480             3            1480          1483             0   95
817   818        A          1481             1            1483          1484             2   95
818   819        B          1481             1            1484          1485             3   95
819   820        C          1482             5            1484          1489             2  Gas
820   821        B          1484             3            1485          1488             1   95
821   822        C          1484             7            1489          1496             5  Gas
822   823        A          1485             1            1488          1489             3   95
823   824        B          1487             3            1487          1490             0   90
824   825        B          1488             2            1490          1492             2   90
825   826        C          1488             5            1492          1497             4   90
826   827        B          1489             2            1489          1491             0   95
827   828        C          1490             5            1496          1501             6  Gas
828   829        B          1491             3            1491          1494             0   95
829   830        C          1491             5            1501          1506            10  Gas
830   831        B          1491             2            1497          1499             6   90
831   832        B          1494             3            1494          1497             0   95
832   833        C          1497             5            1506          1511             9  Gas
833   834        B          1499             1            1499          1500             0   90
834   835        C          1502             7            1511          1518             9  Gas
835   836        C          1503             5            1518          1523            15  Gas
836   837        B          1505             3            1505          1508             0   90
837   838        C          1507             5            1523          1528            16  Gas
838   839        C          1509             5            1528          1533            19  Gas
839   840        A          1512             2            1512          1514             0   95
840   841        B          1514             2            1514          1516             0   95
841   842        C          1516             3            1533          1536            17  Gas
842   843        B          1519             3            1519          1522             0   90
843   844        C          1522             5            1536          1541            14  Gas
844   845        C          1523             7            1523          1530             0   90
845   846        C          1525             3            1530          1533             5   90
846   847        C          1526             7            1541          1548            15  Gas
847   848        B          1527             3            1527          1530             0   95
848   849        A          1529             2            1530          1532             1   95
849   850        B          1531             2            1532          1534             1   95
850   851        A          1533             2            1534          1536             1   95
851   852        C          1533             7            1548          1555            15  Gas
852   853        C          1534             3            1555          1558            21  Gas
853   854        C          1534             5            1558          1563            24  Gas
854   855        C          1537             5            1563          1568            26  Gas
855   856        B          1537             2            1537          1539             0   95
856   857        B          1540             1            1540          1541             0   95
857   858        A          1540             2            1541          1543             1   95
858   859        B          1543             2            1543          1545             0   95
859   860        B          1544             2            1545          1547             1   95
860   861        B          1545             3            1547          1550             2   95
861   862        C          1548             3            1568          1571            20  Gas
862   863        C          1548             5            1571          1576            23  Gas
863   864        B          1550             1            1550          1551             0   90
864   865        C          1553             3            1553          1556             0   90
865   866        C          1553             5            1576          1581            23  Gas
866   867        C          1554             5            1556          1561             2   90
867   868        C          1556             5            1581          1586            25  Gas
868   869        C          1559             5            1561          1566             2   90
869   870        B          1561             3            1566          1569             5   90
870   871        C          1564             3            1586          1589            22  Gas
871   872        B          1567             1            1569          1570             2   90
872   873        A          1567             1            1567          1568             0   95
873   874        A          1568             2            1568          1570             0   95
874   875        B          1571             3            1571          1574             0   90
875   876        C          1573             5            1574          1579             1   90
876   877        C          1574             5            1579          1584             5   90
877   878        C          1577             7            1589          1596            12  Gas
878   879        A          1578             2            1578          1580             0   95
879   880        C          1581             5            1596          1601            15  Gas
880   881        C          1584             5            1584          1589             0   90
881   882        C          1585             3            1601          1604            16  Gas
882   883        B          1588             3            1589          1592             1   90
883   884        C          1591             5            1604          1609            13  Gas
884   885        C          1594             5            1594          1599             0   90
885   886        C          1597             7            1599          1606             2   90
886   887        C          1599             7            1606          1613             7   90
887   888        B          1602             2            1602          1604             0   95
888   889        B          1603             3            1613          1616            10   90
889   890        B          1605             3            1605          1608             0   95
890   891        C          1605             5            1609          1614             4  Gas
891   892        C          1606             5            1616          1621            10   90
892   893        B          1607             3            1621          1624            14   90
893   894        C          1608             5            1614          1619             6  Gas
894   895        C          1610             7            1619          1626             9  Gas
895   896        C          1613             7            1624          1631            11   90
896   897        B          1614             3            1614          1617             0   95
897   898        C          1614             7            1631          1638            17   90
898   899        A          1615             3            1617          1620             2   95
899   900        C          1617             5            1626          1631             9  Gas
900   901        C          1620             7            1631          1638            11  Gas
901   902        A          1623             3            1623          1626             0   95
902   903        C          1626             3            1638          1641            12  Gas
903   904        C          1628             5            1638          1643            10   90
904   905        C          1628             3            1641          1644            13  Gas
905   906        C          1631             7            1644          1651            13  Gas
906   907        B          1633             3            1633          1636             0   95
907   908        B          1634             3            1636          1639             2   95
908   909        C          1637             5            1651          1656            14  Gas
909   910        A          1637             3            1639          1642             2   95
910   911        C          1638             5            1656          1661            18  Gas
911   912        C          1639             5            1643          1648             4   90
912   913        C          1640             5            1661          1666            21  Gas
913   914        B          1642             2            1648          1650             6   90
914   915        A          1645             2            1645          1647             0   95
915   916        B          1647             2            1650          1652             3   90
916   917        C          1650             5            1666          1671            16  Gas
917   918        B          1651             1            1652          1653             1   90
918   919        C          1653             7            1671          1678            18  Gas
919   920        B          1653             3            1653          1656             0   95
920   921        C          1655             3            1678          1681            23  Gas
921   922        B          1657             2            1657          1659             0   95
922   923        C          1659             7            1659          1666             0   90
923   924        A          1659             1            1659          1660             0   95
924   925        C          1662             5            1681          1686            19  Gas
925   926        C          1663             7            1686          1693            23  Gas
926   927        B          1664             3            1666          1669             2   90
927   928        B          1666             3            1666          1669             0   95
928   929        A          1669             3            1669          1672             0   95
929   930        C          1669             5            1693          1698            24  Gas
930   931        B          1670             2            1672          1674             2   95
931   932        C          1671             3            1698          1701            27  Gas
932   933        B          1671             2            1671          1673             0   90
933   934        C          1673             7            1701          1708            28  Gas
934   935        C          1675             5            1675          1680             0   90
935   936        C          1675             5            1680          1685             5   90
936   937        C          1677             5            1708          1713            31  Gas
937   938        C          1677             5            1713          1718            36  Gas
938   939        C          1679             3            1685          1688             6   90
939   940        C          1682             3            1718          1721            36  Gas
940   941        B          1685             3            1688          1691             3   90
941   942        B          1686             3            1691          1694             5   90
942   943        B          1686             1            1694          1695             8   90
943   944        C          1688             5            1721          1726            33  Gas
944   945        C          1691             5            1726          1731            35  Gas
945   946        C          1692             3            1695          1698             3   90
946   947        C          1695             5            1698          1703             3   90
947   948        B          1697             3            1697          1700             0   95
948   949        A          1698             2            1700          1702             2   95
949   950        B          1701             3            1702          1705             1   95
950   951        B          1704             1            1705          1706             1   95
951   952        B          1706             3            1706          1709             0   90
952   953        B          1708             2            1708          1710             0   95
953   954        B          1709             2            1709          1711             0   90
954   955        C          1711             7            1731          1738            20  Gas
955   956        C          1713             3            1738          1741            25  Gas
956   957        C          1716             7            1741          1748            25  Gas
957   958        C          1718             5            1718          1723             0   90
958   959        B          1720             2            1720          1722             0   95
959   960        A          1720             2            1722          1724             2   95
960   961        C          1723             5            1748          1753            25  Gas
961   962        C          1723             5            1753          1758            30  Gas
962   963        C          1725             5            1725          1730             0   90
963   964        B          1728             3            1728          1731             0   95
964   965        B          1728             2            1730          1732             2   90
965   966        C          1731             5            1758          1763            27  Gas
966   967        C          1731             3            1732          1735             1   90
967   968        B          1734             2            1735          1737             1   90
968   969        C          1736             7            1763          1770            27  Gas
969   970        C          1739             3            1770          1773            31  Gas
970   971        B          1742             2            1742          1744             0   90
971   972        C          1743             5            1773          1778            30  Gas
972   973        C          1746             5            1778          1783            32  Gas
973   974        B          1746             3            1746          1749             0   90
974   975        B          1749             2            1749          1751             0   90
975   976        C          1751             7            1783          1790            32  Gas
976   977        C          1752             5            1752          1757             0   90
977   978        B          1755             2            1755          1757             0   95
978   979        B          1755             3            1757          1760             2   95
979   980        B          1756             3            1760          1763             4   95
980   981        A          1758             3            1763          1766             5   95
981   982        A          1760             3            1766          1769             6   95
982   983        B          1761             1            1761          1762             0   90
983   984        A          1763             3            1769          1772             6   95
984   985        C          1766             5            1790          1795            24  Gas
985   986        B          1768             1            1772          1773             4   95
986   987        C          1768             5            1768          1773             0   90
987   988        C          1771             5            1773          1778             2   90
988   989        A          1774             3            1774          1777             0   95
989   990        C          1777             7            1795          1802            18  Gas
990   991        C          1777             3            1802          1805            25  Gas
991   992        C          1780             5            1780          1785             0   90
992   993        B          1780             2            1785          1787             5   90
993   994        B          1781             2            1787          1789             6   90
994   995        C          1781             7            1805          1812            24  Gas
995   996        A          1782             2            1782          1784             0   95
996   997        C          1783             3            1789          1792             6   90
997   998        C          1784             5            1792          1797             8   90
998   999        B          1786             3            1786          1789             0   95
999  1000        A          1787             1            1789          1790             2   95