      Car Category  Arrival Time  Service Time  Service Begins  Service Ends  Waiting Time Pump
0       1        C             2             5               2             7             0  Gas
1       2        B             5             3               5             8             0   90
2       3        B             5             2               8            10             3   90
3       4        C             8             3               8            11             0  Gas
4       5        B            10             3              10            13             0   90
5       6        B            11             3              13            16             2   90
6       7        A            14             3              14            17             0   95
7       8        A            14             2              17            19             3   95
8       9        B            16             2              16            18             0   90
9      10        C            19             5              19            24             0  Gas
10     11        A            22             3              22            25             0   95
11     12        B            25             3              25            28             0   90
12     13        C            28             7              28            35             0  Gas
13     14        C            30             7              35            42             5  Gas
14     15        C            33             3              42            45             9  Gas
15     16        B            36             1              36            37             0   95
16     17        B            37             2              37            39             0   90
17     18        B            40             1              40            41             0   90
18     19        A            42             2              42            44             0   95
19     20        A            42             1              44            45             2   95
20     21        B            43             3              45            48             2   95
21     22        B            44             3              48            51             4   95
22     23        C            46             5              46            51             0  Gas
23     24        B            49             2              51            53             2   95
24     25        B            52             2              53            55             1   95
25     26        C            54             5              54            59             0  Gas
26     27        A            57             2              57            59             0   95
27     28        C            60             5              60            65             0  Gas
28     29        B            63             2              63            65             0   90
29     30        B            66             3              66            69             0   90
30     31        C            66             7              66            73             0  Gas
31     32        B            69             3              69            72             0   95
32     33        A            71             3              72            75             1   95
33     34        B            74             3              75            78             1   95
34     35        C            76             5              76            81             0  Gas
35     36        B            79             2              79            81             0   90
36     37        B            80             2              80            82             0   95
37     38        C            81             5              81            86             0  Gas
38     39        A            82             1              82            83             0   95
39     40        B            83             1              83            84             0   95
40     41        A            85             2              85            87             0   95
41     42        C            87             3              87            90             0  Gas
42     43        A            88             2              88            90             0   95
43     44        B            90             3              90            93             0   90
44     45        C            93             5              93            98             0   90
45     46        C            96             7              98           105             2   90
46     47        C            99             5             105           110             6   90
47     48        A           102             2             102           104             0   95
48     49        B           104             3             110           113             6   90
49     50        C           106             3             113           116             7   90
50     51        B           109             2             116           118             7   90
51     52        C           109             5             118           123             9   90
52     53        C           109             5             123           128            14   90
53     54        B           112             1             128           129            16   90
54     55        C           115             3             129           132            14   90
55     56        B           116             2             116           118             0   95
56     57        B           116             1             132           133            16   90
57     58        B           119             3             119           122             0   95
58     59        B           121             3             133           136            12   90
59     60        C           123             7             136           143            13   90
60     61        C           125             5             143           148            18   90
61     62        C           128             7             128           135             0  Gas
62     63        B           130             2             148           150            18   90
63     64        B           132             2             150           152            18   90
64     65        C           134             5             135           140             1  Gas
65     66        A           136             1             136           137             0   95
66     67        C           137             3             152           155            15   90
67     68        A           139             3             139           142             0   95
68     69        C           142             7             155           162            13   90
69     70        A           145             3             145           148             0   95
70     71        B           148             3             162           165            14   90
71     72        A           149             3             149           152             0   95
72     73        C           151             5             165           170            14   90
73     74        C           152             7             152           159             0  Gas
74     75        C           155             5             170           175            15   90
75     76        C           158             5             175           180            17   90
76     77        B           160             2             160           162             0   95
77     78        A           163             1             163           164             0   95
78     79        A           166             3             166           169             0   95
79     80        C           169             5             169           174             0  Gas
80     81        B           172             3             180           183             8   90
81     82        A           172             1             172           173             0   95
82     83        B           175             1             175           176             0   95
83     84        C           178             7             183           190             5   90
84     85        A           181             3             181           184             0   95
85     86        B           181             3             184           187             3   95
86     87        B           181             1             190           191             9   90
87     88        C           182             5             191           196             9   90
88     89        B           182             3             196           199            14   90
89     90        A           185             3             187           190             2   95
90     91        B           188             3             190           193             2   95
91     92        A           191             3             193           196             2   95
92     93        C           192             5             192           197             0  Gas
93     94        C           195             3             199           202             4   90
94     95        C           197             3             202           205             5   90
95     96        C           199             5             199           204             0  Gas
96     97        B           199             3             205           208             6   90
97     98        A           200             3             200           203             0   95
98     99        B           200             1             203           204             3   95
99    100        B           203             2             204           206             1   95
100   101        C           206             5             208           213             2   90
101   102        B           209             2             209           211             0   95
102   103        C           212             7             212           219             0  Gas
103   104        B           214             3             214           217             0   90
104   105        C           217             3             219           222             2  Gas
105   106        C           219             5             222           227             3  Gas
106   107        C           220             5             220           225             0   90
107   108        C           220             7             227           234             7  Gas
108   109        A           221             3             221           224             0   95
109   110        A           222             3             224           227             2   95
110   111        A           224             1             227           228             3   95
111   112        A           227             3             228           231             1   95
112   113        B           227             3             231           234             4   95
113   114        C           230             7             234           241             4  Gas
114   115        B           230             2             234           236             4   95
115   116        B           233             1             233           234             0   90
116   117        A           235             1             236           237             1   95
117   118        B           236             3             236           239             0   90
118   119        C           236             5             241           246             5  Gas
119   120        C           239             7             246           253             7  Gas
120   121        B           241             2             241           243             0   95
121   122        C           242             5             242           247             0   90
122   123        C           244             3             253           256             9  Gas
123   124        C           245             7             256           263            11  Gas
124   125        B           246             3             247           250             1   90
125   126        B           247             3             247           250             0   95
126   127        B           250             2             250           252             0   95
127   128        C           253             7             263           270            10  Gas
128   129        B           254             3             254           257             0   90
129   130        A           256             1             256           257             0   95
130   131        C           258             5             270           275            12  Gas
131   132        B           260             1             260           261             0   90
132   133        A           263             2             263           265             0   95
133   134        A           264             3             265           268             1   95
134   135        C           267             5             267           272             0   90
135   136        C           269             7             275           282             6  Gas
136   137        A           272             3             272           275             0   95
137   138        A           274             3             275           278             1   95
138   139        C           275             7             282           289             7  Gas
139   140        A           278             3             278           281             0   95
140   141        C           281             7             289           296             8  Gas
141   142        C           282             5             296           301            14  Gas
142   143        B           283             1             283           284             0   90
143   144        A           285             3             285           288             0   95
144   145        B           288             2             288           290             0   95
145   146        C           291             7             291           298             0   90
146   147        A           291             1             291           292             0   95
147   148        B           293             3             293           296             0   95
148   149        B           296             3             296           299             0   95
149   150        B           299             1             299           300             0   95
150   151        C           302             5             302           307             0  Gas
151   152        C           303             5             303           308             0   90
152   153        C           306             5             308           313             2   90
153   154        B           307             2             313           315             6   90
154   155        B           307             1             307           308             0   95
155   156        C           310             3             310           313             0  Gas
156   157        A           310             2             310           312             0   95
157   158        A           312             1             312           313             0   95
158   159        C           313             3             313           316             0  Gas
159   160        C           316             5             316           321             0   90
160   161        A           318             3             318           321             0   95
161   162        C           319             3             321           324             2   90
162   163        C           321             5             324           329             3   90
163   164        B           323             3             323           326             0   95
164   165        C           324             7             324           331             0  Gas
165   166        B           327             3             327           330             0   95
166   167        B           328             3             329           332             1   90
167   168        C           330             7             332           339             2   90
168   169        C           331             3             339           342             8   90
169   170        B           334             3             342           345             8   90
170   171        B           335             1             345           346            10   90
171   172        A           338             2             338           340             0   95
172   173        B           341             3             346           349             5   90
173   174        C           343             5             343           348             0  Gas
174   175        C           346             3             348           351             2  Gas
175   176        B           349             3             349           352             0   95
176   177        B           352             2             352           354             0   95
177   178        B           355             1             355           356             0   95
178   179        B           358             3             358           361             0   95
179   180        B           359             2             359           361             0   90
180   181        C           361             3             361           364             0   90
181   182        C           363             5             363           368             0  Gas
182   183        B           366             3             366           369             0   95
183   184        C           367             7             368           375             1  Gas
184   185        B           370             3             370           373             0   95
185   186        C           373             7             375           382             2  Gas
186   187        B           374             2             374           376             0   95
187   188        C           376             5             382           387             6  Gas
188   189        B           378             1             378           379             0   90
189   190        B           381             3             381           384             0   95
190   191        B           384             3             384           387             0   95
191   192        B           386             3             387           390             1   95
192   193        B           386             2             390           392             4   95
193   194        A           386             3             392           395             6   95
194   195        C           386             5             387           392             1  Gas
195   196        A           389             2             395           397             6   95
196   197        C           389             5             392           397             3  Gas
197   198        C           389             5             397           402             8  Gas
198   199        A           390             1             397           398             7   95
199   200        C           392             5             402           407            10  Gas
200   201        B           394             1             398           399             4   95
201   202        C           397             5             407           412            10  Gas
202   203        C           400             3             400           403             0   90
203   204        C           402             3             403           406             1   90
204   205        B           405             1             405           406             0   95
205   206        C           406             3             412           415             6  Gas
206   207        C           408             5             415           420             7  Gas
207   208        C           410             5             410           415             0   90
208   209        B           413             3             415           418             2   90
209   210        A           415             3             415           418             0   95
210   211        C           416             5             418           423             2   90
211   212        C           419             5             423           428             4   90
212   213        C           420             5             420           425             0  Gas
213   214        C           420             7             425           432             5  Gas
214   215        A           420             3             420           423             0   95
215   216        C           420             5             432           437            12  Gas
216   217        B           421             3             423           426             2   95
217   218        A           422             3             426           429             4   95
218   219        C           423             5             437           442            14  Gas
219   220        C           424             7             442           449            18  Gas
220   221        C           425             3             449           452            24  Gas
221   222        B           427             2             429           431             2   95
222   223        B           430             2             430           432             0   90
223   224        B           431             3             431           434             0   95
224   225        A           432             2             434           436             2   95
225   226        C           432             3             452           455            20  Gas
226   227        C           432             5             432           437             0   90
227   228        B           435             3             436           439             1   95
228   229        C           437             5             437           442             0   90
229   230        C           440             3             455           458            15  Gas
230   231        C           443             3             458           461            15  Gas
231   232        A           443             3             443           446             0   95
232   233        A           446             3             446           449             0   95
233   234        B           449             3             449           452             0   95
234   235        A           450             1             452           453             2   95
235   236        B           452             3             453           456             1   95
236   237        B           455             3             456           459             1   95
237   238        B           456             2             459           461             3   95
238   239        C           456             5             461           466             5  Gas
239   240        B           459             3             459           462             0   90
240   241        C           462             3             466           469             4  Gas
241   242        A           463             3             463           466             0   95
242   243        A           463             3             466           469             3   95
243   244        C           465             7             469           476             4  Gas
244   245        C           468             5             468           473             0   90
245   246        A           470             3             470           473             0   95
246   247        C           471             5             476           481             5  Gas
247   248        C           472             5             481           486             9  Gas
248   249        C           474             7             486           493            12  Gas
249   250        B           474             1             474           475             0   95
250   251        C           474             5             474           479             0   90
251   252        A           476             3             476           479             0   95
252   253        B           478             3             479           482             1   95
253   254        B           479             1             482           483             3   95
254   255        C           480             7             493           500            13  Gas
255   256        C           481             5             500           505            19  Gas
256   257        B           484             1             484           485             0   90
257   258        C           486             5             505           510            19  Gas
258   259        B           487             3             487           490             0   95
259   260        C           490             5             490           495             0   90
260   261        A           492             3             492           495             0   95
261   262        B           495             1             495           496             0   95
262   263        C           498             7             510           517            12  Gas
263   264        B           500             3             500           503             0   90
264   265        C           502             5             517           522            15  Gas
265   266        B           505             3             505           508             0   95
266   267        A           508             3             508           511             0   95
267   268        C           509             7             509           516             0   90
268   269        A           510             3             511           514             1   95
269   270        C           513             7             522           529             9  Gas
270   271        A           516             3             516           519             0   95
271   272        B           517             2             517           519             0   90
272   273        C           520             3             520           523             0   90
273   274        B           522             2             522           524             0   95
274   275        B           523             2             523           525             0   90
275   276        B           525             3             525           528             0   95
276   277        C           527             7             529           536             2  Gas
277   278        C           530             5             536           541             6  Gas
278   279        C           533             5             533           538             0   90
279   280        B           533             1             533           534             0   95
280   281        A           536             3             536           539             0   95
281   282        B           538             2             539           541             1   95
282   283        C           539             7             541           548             2  Gas
283   284        C           542             5             542           547             0   90
284   285        B           545             2             545           547             0   95
285   286        A           546             3             547           550             1   95
286   287        C           548             3             548           551             0   90
287   288        C           551             5             551           556             0  Gas
288   289        B           552             1             552           553             0   95
289   290        C           552             5             552           557             0   90
290   291        A           554             3             554           557             0   95
291   292        C           556             5             556           561             0  Gas
292   293        B           557             3             557           560             0   95
293   294        C           560             5             560           565             0   90
294   295        C           561             5             561           566             0  Gas
295   296        C           563             7             566           573             3  Gas
296   297        A           565             3             565           568             0   95
297   298        B           568             3             568           571             0   95
298   299        A           571             2             571           573             0   95
299   300        C           573             5             573           578             0   90
300   301        B           574             1             574           575             0   95
301   302        B           577             3             577           580             0   95
302   303        C           577             5             577           582             0  Gas
303   304        A           578             3             580           583             2   95
304   305        B           579             2             579           581             0   90
305   306        B           582             1             583           584             1   95
306   307        B           584             3             584           587             0   95
307   308        B           584             3             587           590             3   95
308   309        B           587             1             590           591             3   95
309   310        B           587             2             587           589             0   90
310   311        A           588             3             591           594             3   95
311   312        A           588             2             594           596             6   95
312   313        C           590             3             590           593             0  Gas
313   314        C           593             5             593           598             0   90
314   315        B           595             3             596           599             1   95
315   316        C           597             5             597           602             0  Gas
316   317        B           598             2             599           601             1   95
317   318        C           599             7             602           609             3  Gas
318   319        B           601             3             601           604             0   95
319   320        C           601             7             601           608             0   90
320   321        B           601             1             604           605             3   95
321   322        B           602             2             608           610             6   90
322   323        C           605             5             609           614             4  Gas
323   324        A           605             1             605           606             0   95
324   325        B           608             2             608           610             0   95
325   326        C           610             7             614           621             4  Gas
326   327        A           611             2             611           613             0   95
327   328        B           613             2             613           615             0   95
328   329        C           616             5             621           626             5  Gas
329   330        B           618             3             618           621             0   95
330   331        C           620             5             620           625             0   90
331   332        B           622             3             622           625             0   95
332   333        C           625             5             626           631             1  Gas
333   334        C           626             3             631           634             5  Gas
334   335        C           626             5             634           639             8  Gas
335   336        C           626             5             639           644            13  Gas
336   337        B           628             1             628           629             0   95
337   338        A           631             1             631           632             0   95
338   339        C           632             7             644           651            12  Gas
339   340        C           633             7             633           640             0   90
340   341        C           635             5             651           656            16  Gas
341   342        C           638             5             640           645             2   90
342   343        B           639             3             639           642             0   95
343   344        C           640             5             645           650             5   90
344   345        C           643             3             656           659            13  Gas
345   346        C           645             7             659           666            14  Gas
346   347        C           645             3             666           669            21  Gas
347   348        C           648             5             650           655             2   90
348   349        B           650             3             655           658             5   90
349   350        B           653             3             653           656             0   95
350   351        A           656             3             656           659             0   95
351   352        C           656             5             658           663             2   90
352   353        C           658             5             669           674            11  Gas
353   354        C           659             7             663           670             4   90
354   355        B           662             1             662           663             0   95
355   356        B           663             3             663           666             0   95
356   357        B           666             2             666           668             0   95
357   358        C           666             7             674           681             8  Gas
358   359        A           669             3             669           672             0   95
359   360        A           671             2             672           674             1   95
360   361        B           674             2             674           676             0   95
361   362        A           677             2             677           679             0   95
362   363        C           680             7             680           687             0   90
363   364        C           683             5             687           692             4   90
364   365        A           684             3             684           687             0   95
365   366        B           684             1             687           688             3   95
366   367        C           687             7             692           699             5   90
367   368        C           688             3             699           702            11   90
368   369        C           689             5             702           707            13   90
369   370        B           692             3             707           710            15   90
370   371        C           693             7             693           700             0  Gas
371   372        A           693             3             693           696             0   95
372   373        A           694             3             696           699             2   95
373   374        C           696             5             710           715            14   90
374   375        C           696             7             700           707             4  Gas
375   376        B           699             1             715           716            16   90
376   377        C           702             7             716           723            14   90
377   378        C           703             5             707           712             4  Gas
378   379        B           706             3             706           709             0   95
379   380        C           709             5             723           728            14   90
380   381        C           711             7             712           719             1  Gas
381   382        B           713             3             713           716             0   95
382   383        A           714             3             716           719             2   95
383   384        B           717             1             719           720             2   95
384   385        C           720             5             720           725             0  Gas
385   386        C           721             5             725           730             4  Gas
386   387        C           723             5             730           735             7  Gas
387   388        B           723             3             728           731             5   90
388   389        A           726             3             726           729             0   95
389   390        B           729             2             729           731             0   95
390   391        C           731             3             731           734             0   90
391   392        B           732             3             732           735             0   95
392   393        C           735             7             735           742             0   90
393   394        B           736             2             742           744             6   90
394   395        A           739             3             739           742             0   95
395   396        B           742             3             742           745             0   95
396   397        C           745             3             745           748             0   90
397   398        B           746             3             746           749             0   95
398   399        B           748             3             748           751             0   90
399   400        A           748             3             749           752             1   95
400   401        B           751             2             752           754             1   95
401   402        A           751             2             754           756             3   95
402   403        B           751             3             756           759             5   95
403   404        C           752             3             752           755             0   90
404   405        A           752             3             759           762             7   95
405   406        A           755             3             762           765             7   95
406   407        A           755             2             765           767            10   95
407   408        C           755             7             755           762             0   90
408   409        C           757             7             757           764             0  Gas
409   410        B           760             1             762           763             2   90
410   411        B           763             3             767           770             4   95
411   412        B           765             2             765           767             0   90
412   413        B           765             3             767           770             2   90
413   414        B           765             3             770           773             5   95
414   415        C           765             3             765           768             0  Gas
415   416        C           768             7             768           775             0  Gas
416   417        C           771             5             775           780             4  Gas
417   418        C           774             5             780           785             6  Gas
418   419        A           775             2             775           777             0   95
419   420        A           778             3             778           781             0   95
420   421        C           780             5             785           790             5  Gas
421   422        A           782             3             782           785             0   95
422   423        A           782             3             785           788             3   95
423   424        A           784             3             788           791             4   95
424   425        C           784             7             790           797             6  Gas
425   426        B           785             1             791           792             6   95
426   427        B           786             3             786           789             0   90
427   428        C           787             5             797           802            10  Gas
428   429        C           787             5             789           794             2   90
429   430        C           790             7             794           801             4   90
430   431        B           793             3             793           796             0   95
431   432        C           793             5             802           807             9  Gas
432   433        A           795             1             796           797             1   95
433   434        C           796             5             801           806             5   90
434   435        B           797             3             797           800             0   95
435   436        C           798             5             806           811             8   90
436   437        A           800             2             800           802             0   95
437   438        C           802             7             807           814             5  Gas
438   439        C           804             7             814           821            10  Gas
439   440        C           805             3             821           824            16  Gas
440   441        B           806             3             806           809             0   95
441   442        C           806             7             824           831            18  Gas
442   443        B           809             3             809           812             0   95
443   444        C           812             5             831           836            19  Gas
444   445        B           815             3             815           818             0   90
445   446        C           817             5             818           823             1   90
446   447        B           820             3             820           823             0   95
447   448        B           821             2             823           825             2   90
448   449        C           822             5             836           841            14  Gas
449   450        A           824             3             824           827             0   95
450   451        C           827             5             841           846            14  Gas
451   452        C           829             7             829           836             0   90
452   453        B           831             2             836           838             5   90
453   454        C           832             5             846           851            14  Gas
454   455        C           834             5             838           843             4   90
455   456        B           837             2             837           839             0   95
456   457        B           840             3             840           843             0   95
457   458        C           843             7             851           858             8  Gas
458   459        C           844             7             844           851             0   90
459   460        A           846             2             846           848             0   95
460   461        C           846             5             858           863            12  Gas
461   462        B           848             2             851           853             3   90
462   463        A           850             2             850           852             0   95
463   464        A           853             2             853           855             0   95
464   465        A           855             3             855           858             0   95
465   466        B           856             1             858           859             2   95
466   467        C           858             5             863           868             5  Gas
467   468        B           859             2             859           861             0   90
468   469        C           859             5             861           866             2   90
469   470        B           859             3             866           869             7   90
470   471        B           861             3             861           864             0   95
471   472        A           864             3             864           867             0   95
472   473        C           867             3             869           872             2   90
473   474        B           867             3             867           870             0   95
474   475        A           868             3             870           873             2   95
475   476        C           871             7             872           879             1   90
476   477        C           874             7             874           881             0  Gas
477   478        C           877             7             881           888             4  Gas
478   479        B           878             1             879           880             1   90
479   480        C           880             5             880           885             0   90
480   481        B           883             3             883           886             0   95
481   482        C           886             7             888           895             2  Gas
482   483        C           889             5             895           900             6  Gas
483   484        B           890             2             890           892             0   90
484   485        C           892             5             900           905             8  Gas
485   486        C           892             5             905           910            13  Gas
486   487        A           892             1             892           893             0   95
487   488        C           892             5             892           897             0   90
488   489        C           893             3             910           913            17  Gas
489   490        C           894             3             913           916            19  Gas
490   491        B           894             1             894           895             0   95
491   492        B           895             3             897           900             2   90
492   493        C           895             5             900           905             5   90
493   494        B           898             2             905           907             7   90
494   495        C           900             5             916           921            16  Gas
495   496        C           900             7             907           914             7   90
496   497        A           903             2             903           905             0   95
497   498        C           906             7             921           928            15  Gas
498   499        C           906             3             928           931            22  Gas
499   500        B           907             3             907           910             0   95
500   501        B           910             3             914           917             4   90
501   502        C           911             5             917           922             6   90
502   503        C           914             5             931           936            17  Gas
503   504        B           917             2             917           919             0   95
504   505        B           917             2             919           921             2   95
505   506        B           917             3             922           925             5   90
506   507        B           920             3             921           924             1   95
507   508        C           922             7             925           932             3   90
508   509        B           925             2             932           934             7   90
509   510        C           927             5             936           941             9  Gas
510   511        C           930             7             941           948            11  Gas
511   512        A           930             3             930           933             0   95
512   513        B           930             1             934           935             4   90
513   514        B           931             1             933           934             2   95
514   515        C           932             5             948           953            16  Gas
515   516        C           932             5             953           958            21  Gas
516   517        C           935             5             958           963            23  Gas
517   518        C           938             5             963           968            25  Gas
518   519        C           941             7             968           975            27  Gas
519   520        B           942             1             942           943             0   90
520   521        B           942             2             943           945             1   90
521   522        A           943             3             943           946             0   95
522   523        B           946             2             946           948             0   90
523   524        A           947             1             947           948             0   95
524   525        B           950             2             950           952             0   95
525   526        C           951             7             975           982            24  Gas
526   527        C           952             5             982           987            30  Gas
527   528        C           955             3             987           990            32  Gas
528   529        B           956             3             956           959             0   90
529   530        B           959             2             959           961             0   90
530   531        C           961             5             961           966             0   90
531   532        B           964             2             966           968             2   90
532   533        A           967             1             967           968             0   95
533   534        A           970             1             970           971             0   95
534   535        A           973             2             973           975             0   95
535   536        B           973             3             973           976             0   90
536   537        C           976             5             976           981             0   90
537   538        A           978             3             978           981             0   95
538   539        C           981             5             990           995             9  Gas
539   540        C           983             5             995          1000            12  Gas
540   541        C           984             5             984           989             0   90
541   542        A           985             3             985           988             0   95
542   543        C           987             3             989           992             2   90
543   544        C           987             5             992           997             5   90
544   545        A           990             1             990           991             0   95
545   546        B           991             3             997          1000             6   90
546   547        C           994             7            1000          1007             6  Gas
547   548        C           994             7            1007          1014            13  Gas
548   549        C           995             7            1000          1007             5   90
549   550        B           997             3            1007          1010            10   90
550   551        A           997             3             997          1000             0   95
551   552        C           999             5            1014          1019            15  Gas
552   553        C           999             3            1019          1022            20  Gas
553   554        A          1002             2            1002          1004             0   95
554   555        A          1004             3            1004          1007             0   95
555   556        C          1006             7            1022          1029            16  Gas
556   557        A          1008             3            1008          1011             0   95
557   558        C          1011             3            1029          1032            18  Gas
558   559        C          1011             3            1032          1035            21  Gas
559   560        A          1011             2            1011          1013             0   95
560   561        B          1014             1            1014          1015             0   95
561   562        B          1017             2            1017          1019             0   95
562   563        A          1020             3            1020          1023             0   95
563   564        C          1023             3            1035          1038            12  Gas
564   565        A          1024             2            1024          1026             0   95
565   566        B          1027             2            1027          1029             0   90
566   567        B          1029             1            1029          1030             0   95
567   568        C          1032             7            1032          1039             0   90
568   569        B          1034             2            1034          1036             0   95
569   570        B          1037             1            1039          1040             2   90
570   571        C          1040             3            1040          1043             0   90
571   572        A          1040             1            1040          1041             0   95
572   573        A          1043             3            1043          1046             0   95
573   574        C          1046             5            1046          1051             0   90
574   575        B          1048             2            1048          1050             0   95
575   576        A          1049             1            1050          1051             1   95
576   577        A          1052             3            1052          1055             0   95
577   578        B          1053             3            1053          1056             0   90
578   579        B          1056             2            1056          1058             0   95
579   580        C          1059             5            1059          1064             0   90
580   581        C          1061             5            1061          1066             0  Gas
581   582        B          1064             3            1064          1067             0   90
582   583        C          1067             3            1067          1070             0  Gas
583   584        B          1067             3            1067          1070             0   95
584   585        C          1069             7            1069          1076             0   90
585   586        A          1071             3            1071          1074             0   95
586   587        A          1072             1            1074          1075             2   95
587   588        C          1074             7            1074          1081             0  Gas
588   589        C          1074             7            1081          1088             7  Gas
589   590        B          1075             3            1075          1078             0   95
590   591        C          1076             3            1076          1079             0   90
591   592        B          1079             2            1079          1081             0   90
592   593        B          1081             3            1081          1084             0   90
593   594        B          1084             3            1084          1087             0   90
594   595        C          1087             5            1087          1092             0   90
595   596        C          1089             5            1089          1094             0  Gas
596   597        A          1089             3            1089          1092             0   95
597   598        C          1091             7            1092          1099             1   90
598   599        C          1094             7            1094          1101             0  Gas
599   600        C          1095             3            1099          1102             4   90
600   601        C          1098             3            1102          1105             4   90
601   602        C          1101             7            1105          1112             4   90
602   603        B          1104             3            1104          1107             0   95
603   604        C          1106             5            1112          1117             6   90
604   605        C          1106             7            1117          1124            11   90
605   606        C          1108             5            1108          1113             0  Gas
606   607        A          1110             2            1110          1112             0   95
607   608        C          1110             3            1124          1127            14   90
608   609        B          1111             2            1127          1129            16   90
609   610        C          1114             5            1114          1119             0  Gas
610   611        B          1117             3            1129          1132            12   90
611   612        C          1117             5            1119          1124             2  Gas
612   613        C          1119             5            1132          1137            13   90
613   614        C          1122             5            1137          1142            15   90
614   615        C          1124             5            1124          1129             0  Gas
615   616        C          1125             5            1142          1147            17   90
616   617        B          1127             3            1147          1150            20   90
617   618        B          1129             1            1129          1130             0   95
618   619        B          1129             3            1150          1153            21   90
619   620        B          1131             2            1153          1155            22   90
620   621        A          1133             2            1133          1135             0   95
621   622        B          1136             3            1136          1139             0   95
622   623        B          1136             1            1139          1140             3   95
623   624        B          1139             2            1140          1142             1   95
624   625        C          1140             7            1140          1147             0  Gas
625   626        B          1142             3            1155          1158            13   90
626   627        C          1145             5            1147          1152             2  Gas
627   628        B          1147             3            1158          1161            11   90
628   629        C          1149             3            1152          1155             3  Gas
629   630        A          1152             3            1152          1155             0   95
630   631        C          1155             7            1161          1168             6   90
631   632        C          1157             3            1157          1160             0  Gas
632   633        C          1160             3            1160          1163             0  Gas
633   634        C          1163             7            1168          1175             5   90
634   635        B          1163             1            1175          1176            12   90
635   636        C          1165             5            1176          1181            11   90
636   637        B          1168             2            1181          1183            13   90
637   638        B          1171             3            1171          1174             0   95
638   639        C          1172             7            1172          1179             0  Gas
639   640        C          1172             3            1179          1182             7  Gas
640   641        C          1173             7            1183          1190            10   90
641   642        C          1176             5            1182          1187             6  Gas
642   643        A          1179             3            1179          1182             0   95
643   644        C          1182             7            1187          1194             5  Gas
644   645        A          1182             2            1182          1184             0   95
645   646        B          1183             2            1184          1186             1   95
646   647        C          1183             7            1194          1201            11  Gas
647   648        B          1184             2            1186          1188             2   95
648   649        C          1186             7            1201          1208            15  Gas
649   650        B          1187             3            1188          1191             1   95
650   651        C          1190             5            1208          1213            18  Gas
651   652        C          1193             7            1213          1220            20  Gas
652   653        C          1194             7            1220          1227            26  Gas
653   654        C          1197             5            1197          1202             0   90
654   655        A          1200             1            1200          1201             0   95
655   656        A          1201             3            1201          1204             0   95
656   657        B          1203             3            1203          1206             0   90
657   658        B          1204             1            1204          1205             0   95
658   659        C          1204             5            1227          1232            23  Gas
659   660        B          1204             3            1205          1208             1   95
660   661        A          1207             3            1208          1211             1   95
661   662        A          1210             3            1211          1214             1   95
662   663        B          1213             3            1213          1216             0   90
663   664        C          1214             7            1216          1223             2   90
664   665        C          1215             5            1223          1228             8   90
665   666        C          1217             5            1232          1237            15  Gas
666   667        C          1220             5            1228          1233             8   90
667   668        B          1220             3            1220          1223             0   95
668   669        A          1221             3            1223          1226             2   95
669   670        C          1224             3            1237          1240            13  Gas
670   671        B          1224             3            1226          1229             2   95
671   672        B          1227             1            1229          1230             2   95
672   673        A          1229             2            1230          1232             1   95
673   674        C          1232             3            1233          1236             1   90
674   675        B          1234             2            1234          1236             0   95
675   676        A          1237             3            1237          1240             0   95
676   677        C          1240             3            1240          1243             0  Gas
677   678        C          1242             7            1243          1250             1  Gas
678   679        B          1245             2            1245          1247             0   95
679   680        B          1248             1            1248          1249             0   95
680   681        A          1250             1            1250          1251             0   95
681   682        C          1250             7            1250          1257             0  Gas
682   683        C          1253             5            1257          1262             4  Gas
683   684        C          1256             7            1262          1269             6  Gas
684   685        B          1257             3            1257          1260             0   90
685   686        C          1260             3            1269          1272             9  Gas
686   687        B          1263             2            1263          1265             0   95
687   688        B          1264             1            1264          1265             0   90
688   689        C          1265             3            1272          1275             7  Gas
689   690        A          1265             3            1265          1268             0   95
690   691        C          1268             7            1268          1275             0   90
691   692        A          1271             2            1271          1273             0   95
692   693        C          1273             5            1275          1280             2  Gas
693   694        C          1274             7            1280          1287             6  Gas
694   695        A          1274             2            1274          1276             0   95
695   696        C          1277             5            1277          1282             0   90
696   697        C          1279             5            1282          1287             3   90
697   698        C          1281             5            1287          1292             6   90
698   699        C          1283             7            1292          1299             9   90
699   700        C          1285             5            1287          1292             2  Gas
700   701        C          1286             7            1292          1299             6  Gas
701   702        C          1287             7            1299          1306            12   90
702   703        A          1288             3            1288          1291             0   95
703   704        B          1289             2            1291          1293             2   95
704   705        B          1291             3            1306          1309            15   90
705   706        C          1294             7            1309          1316            15   90
706   707        C          1296             7            1299          1306             3  Gas
707   708        C          1298             7            1316          1323            18   90
708   709        B          1300             3            1300          1303             0   95
709   710        C          1301             5            1323          1328            22   90
710   711        C          1304             3            1306          1309             2  Gas
711   712        C          1307             5            1328          1333            21   90
712   713        B          1307             1            1333          1334            26   90
713   714        B          1310             2            1334          1336            24   90
714   715        C          1313             5            1313          1318             0  Gas
715   716        C          1316             5            1336          1341            20   90
716   717        B          1318             3            1318          1321             0   95
717   718        A          1321             1            1321          1322             0   95
718   719        C          1323             5            1323          1328             0  Gas
719   720        B          1326             3            1326          1329             0   95
720   721        B          1328             2            1329          1331             1   95
721   722        A          1331             1            1331          1332             0   95
722   723        B          1333             1            1341          1342             8   90
723   724        C          1335             5            1335          1340             0  Gas
724   725        C          1335             7            1342          1349             7   90
725   726        B          1337             3            1349          1352            12   90
726   727        B          1339             3            1352          1355            13   90
727   728        A          1340             2            1340          1342             0   95
728   729        C          1342             5            1355          1360            13   90
729   730        B          1342             1            1342          1343             0   95
730   731        B          1342             3            1360          1363            18   90
731   732        B          1342             2            1363          1365            21   90
732   733        B          1345             3            1345          1348             0   95
733   734        A          1346             2            1348          1350             2   95
734   735        C          1346             7            1346          1353             0  Gas
735   736        C          1349             7            1353          1360             4  Gas
736   737        C          1350             5            1360          1365            10  Gas
737   738        C          1352             5            1365          1370            13   90
738   739        B          1352             3            1352          1355             0   95
739   740        C          1352             7            1370          1377            18   90
740   741        B          1353             1            1377          1378            24   90
741   742        B          1355             2            1378          1380            23   90
742   743        A          1356             3            1356          1359             0   95
743   744        A          1358             3            1359          1362             1   95
744   745        A          1359             3            1362          1365             3   95
745   746        C          1362             5            1365          1370             3  Gas
746   747        C          1362             5            1370          1375             8  Gas
747   748        B          1365             3            1380          1383            15   90
748   749        B          1368             2            1383          1385            15   90
749   750        C          1371             3            1375          1378             4  Gas
750   751        C          1372             5            1385          1390            13   90
751   752        C          1372             5            1378          1383             6  Gas
752   753        C          1374             5            1383          1388             9  Gas
753   754        C          1377             5            1388          1393            11  Gas
754   755        B          1379             2            1379          1381             0   95
755   756        A          1379             2            1381          1383             2   95
756   757        C          1382             3            1390          1393             8   90
757   758        B          1385             3            1393          1396             8   90
758   759        C          1387             7            1396          1403             9   90
759   760        B          1389             3            1403          1406            14   90
760   761        A          1392             3            1392          1395             0   95
761   762        C          1392             5            1393          1398             1  Gas
762   763        C          1395             5            1398          1403             3  Gas
763   764        C          1397             5            1406          1411             9   90
764   765        C          1400             7            1403          1410             3  Gas
765   766        A          1402             2            1402          1404             0   95
766   767        B          1402             2            1404          1406             2   95
767   768        B          1404             2            1406          1408             2   95
768   769        C          1405             5            1410          1415             5  Gas
769   770        B          1408             2            1411          1413             3   90
770   771        B          1409             1            1413          1414             4   90
771   772        C          1412             5            1415          1420             3  Gas
772   773        C          1412             5            1414          1419             2   90
773   774        B          1415             2            1415          1417             0   95
774   775        B          1415             3            1419          1422             4   90
775   776        C          1418             7            1420          1427             2  Gas
776   777        B          1421             3            1421          1424             0   95
777   778        B          1424             3            1424          1427             0   90
778   779        A          1426             3            1426          1429             0   95
779   780        B          1429             3            1429          1432             0   90
780   781        C          1432             3            1432          1435             0   90
781   782        B          1434             2            1434          1436             0   95
782   783        C          1435             7            1435          1442             0   90
783   784        B          1436             3            1436          1439             0   95
784   785        C          1436             3            1436          1439             0  Gas
785   786        C          1436             3            1442          1445             6   90
786   787        B          1439             2            1439          1441             0   95
787   788        A          1441             3            1441          1444             0   95
788   789        B          1443             2            1444          1446             1   95
789   790        B          1446             2            1446          1448             0   90
790   791        B          1448             3            1448          1451             0   95
791   792        C          1448             5            1448          1453             0   90
792   793        B          1448             1            1453          1454             5   90
793   794        B          1449             2            1451          1453             2   95
794   795        C          1452             5            1452          1457             0  Gas
795   796        C          1455             7            1457          1464             2  Gas
796   797        B          1457             2            1457          1459             0   95
797   798        C          1460             5            1464          1469             4  Gas
798   799        A          1460             1            1460          1461             0   95
799   800        C          1460             7            1460          1467             0   90
800   801        C          1460             7            1467          1474             7   90
801   802        C          1460             5            1469          1474             9  Gas
802   803        C          1462             5            1474          1479            12   90
803   804        C          1462             7            1474          1481            12  Gas
804   805        B          1465             1            1479          1480            14   90
805   806        C          1468             7            1481          1488            13  Gas
806   807        C          1468             7            1480          1487            12   90
807   808        A          1470             3            1470          1473             0   95
808   809        C          1471             7            1487          1494            16   90
809   810        C          1474             3            1494          1497            20   90
810   811        C          1476             5            1497          1502            21   90
811   812        C          1478             5            1502          1507            24   90
812   813        B          1480             3            1480          1483             0   95
813   814        C          1483             7            1507          1514            24   90
814   815        C          1486             7            1514          1521            28   90
815   816        C          1489             5            1521          1526            32   90
816   817        B          1490             3            1490          1493             0   95
817   818        B          1493             3            1493          1496             0   95
818   819        C          1496             3            1496          1499             0  Gas
819   820        C          1498             7            1499          1506             1  Gas
820   821        A          1499             1            1499          1500             0   95
821   822        C          1502             3            1526          1529            24   90
822   823        A          1503             2            1503          1505             0   95
823   824        A          1506             1            1506          1507             0   95
824   825        C          1508             5            1508          1513             0  Gas
825   826        C          1510             3            1529          1532            19   90
826   827        B          1512             3            1512          1515             0   95
827   828        A          1513             1            1515          1516             2   95
828   829        C          1516             3            1532          1535            16   90
829   830        B          1519             3            1519          1522             0   95
830   831        B          1522             3            1522          1525             0   95
831   832        A          1525             1            1525          1526             0   95
832   833        B          1528             1            1535          1536             7   90
833   834        B          1531             3            1531          1534             0   95
834   835        C          1533             5            1533          1538             0  Gas
835   836        B          1534             1            1536          1537             2   90
836   837        B          1536             3            1536          1539             0   95
837   838        C          1538             3            1538          1541             0   90
838   839        B          1541             3            1541          1544             0   95
839   840        A          1542             2            1544          1546             2   95
840   841        A          1544             3            1546          1549             2   95
841   842        C          1545             5            1545          1550             0  Gas
842   843        C          1548             5            1550          1555             2  Gas
843   844        C          1551             5            1551          1556             0   90
844   845        C          1552             7            1555          1562             3  Gas
845   846        C          1552             5            1562          1567            10  Gas
846   847        C          1552             7            1567          1574            15  Gas
847   848        A          1554             1            1554          1555             0   95
848   849        B          1554             1            1555          1556             1   95
849   850        C          1555             5            1574          1579            19  Gas
850   851        B          1558             2            1558          1560             0   95
851   852        B          1558             2            1560          1562             2   95
852   853        C          1560             5            1579          1584            19  Gas
853   854        B          1563             2            1563          1565             0   90
854   855        B          1566             2            1566          1568             0   90
855   856        C          1569             5            1569          1574             0   90
856   857        B          1572             3            1574          1577             2   90
857   858        B          1573             2            1577          1579             4   90
858   859        B          1576             3            1579          1582             3   90
859   860        C          1576             5            1582          1587             6   90
860   861        C          1576             7            1584          1591             8  Gas
861   862        B          1579             3            1579          1582             0   95
862   863        B          1580             3            1582          1585             2   95
863   864        A          1583             2            1585          1587             2   95
864   865        A          1583             1            1587          1588             4   95
865   866        B          1583             2            1588          1590             5   95
866   867        B          1584             3            1590          1593             6   95
867   868        C          1587             7            1591          1598             4  Gas
868   869        B          1588             2            1593          1595             5   95
869   870        C          1591             7            1591          1598             0   90
870   871        B          1594             3            1595          1598             1   95
871   872        C          1597             5            1598          1603             1  Gas
872   873        A          1599             3            1599          1602             0   95
873   874        B          1600             3            1602          1605             2   95
874   875        B          1602             2            1605          1607             3   95
875   876        C          1605             5            1605          1610             0  Gas
876   877        B          1608             2            1608          1610             0   90
877   878        C          1611             7            1611          1618             0   90
878   879        C          1614             5            1614          1619             0  Gas
879   880        A          1617             3            1617          1620             0   95
880   881        C          1619             3            1619          1622             0   90
881   882        C          1622             7            1622          1629             0   90
882   883        B          1622             1            1629          1630             7   90
883   884        C          1624             5            1624          1629             0  Gas
884   885        C          1627             7            1629          1636             2  Gas
885   886        C          1629             3            1636          1639             7  Gas
886   887        B          1630             3            1630          1633             0   95
887   888        C          1630             5            1639          1644             9  Gas
888   889        C          1632             3            1644          1647            12  Gas
889   890        B          1634             2            1634          1636             0   95
890   891        C          1634             7            1647          1654            13  Gas
891   892        A          1637             2            1637          1639             0   95
892   893        A          1639             2            1639          1641             0   95
893   894        A          1641             1            1641          1642             0   95
894   895        B          1643             2            1643          1645             0   95
895   896        B          1646             3            1646          1649             0   95
896   897        B          1649             3            1649          1652             0   90
897   898        C          1652             5            1654          1659             2  Gas
898   899        A          1655             3            1655          1658             0   95
899   900        B          1655             3            1655          1658             0   90
900   901        C          1656             5            1658          1663             2   90
901   902        B          1658             2            1658          1660             0   95
902   903        B          1661             2            1663          1665             2   90
903   904        C          1661             5            1661          1666             0  Gas
904   905        C          1664             5            1666          1671             2  Gas
905   906        C          1664             5            1671          1676             7  Gas
906   907        C          1667             7            1676          1683             9  Gas
907   908        B          1669             3            1669          1672             0   90
908   909        C          1671             5            1683          1688            12  Gas
909   910        C          1674             7            1688          1695            14  Gas
910   911        B          1676             3            1676          1679             0   95
911   912        C          1679             7            1679          1686             0   90
912   913        A          1681             1            1681          1682             0   95
913   914        B          1682             2            1682          1684             0   95
914   915        C          1685             3            1695          1698            10  Gas
915   916        C          1688             5            1698          1703            10  Gas
916   917        C          1688             7            1688          1695             0   90
917   918        A          1689             1            1689          1690             0   95
918   919        B          1689             3            1690          1693             1   95
919   920        A          1691             3            1693          1696             2   95
920   921        B          1694             3            1695          1698             1   90
921   922        A          1694             2            1696          1698             2   95
922   923        B          1696             3            1698          1701             2   95
923   924        B          1697             3            1698          1701             1   90
924   925        B          1700             3            1701          1704             1   95
925   926        B          1702             3            1702          1705             0   90
926   927        C          1702             5            1705          1710             3   90
927   928        C          1705             5            1710          1715             5   90
928   929        B          1706             3            1706          1709             0   95
929   930        A          1709             2            1709          1711             0   95
930   931        B          1712             3            1712          1715             0   95
931   932        A          1712             3            1715          1718             3   95
932   933        A          1715             3            1718          1721             3   95
933   934        C          1717             5            1717          1722             0   90
934   935        B          1719             2            1721          1723             2   95
935   936        B          1720             3            1722          1725             2   90
936   937        C          1723             3            1723          1726             0  Gas
937   938        A          1724             3            1724          1727             0   95
938   939        B          1726             3            1727          1730             1   95
939   940        B          1728             2            1728          1730             0   90
940   941        B          1728             2            1730          1732             2   90
941   942        A          1730             3            1730          1733             0   95
942   943        B          1732             3            1733          1736             1   95
943   944        B          1735             3            1736          1739             1   95
944   945        C          1738             5            1738          1743             0  Gas
945   946        B          1740             2            1740          1742             0   90
946   947        C          1740             7            1743          1750             3  Gas
947   948        C          1743             7            1750          1757             7  Gas
948   949        C          1745             7            1757          1764            12  Gas
949   950        B          1746             3            1746          1749             0   95
950   951        B          1747             2            1749          1751             2   95
951   952        A          1748             2            1751          1753             3   95
952   953        C          1748             3            1764          1767            16  Gas
953   954        C          1748             5            1748          1753             0   90
954   955        A          1751             2            1753          1755             2   95
955   956        A          1753             3            1755          1758             2   95
956   957        C          1756             3            1767          1770            11  Gas
957   958        A          1757             2            1758          1760             1   95
958   959        A          1759             2            1760          1762             1   95
959   960        C          1760             5            1760          1765             0   90
960   961        C          1760             5            1770          1775            10  Gas
961   962        B          1763             2            1763          1765             0   95
962   963        B          1765             1            1765          1766             0   95
963   964        C          1766             7            1766          1773             0   90
964   965        B          1769             3            1769          1772             0   95
965   966        C          1769             5            1775          1780             6  Gas
966   967        C          1771             5            1773          1778             2   90
967   968        B          1771             3            1772          1775             1   95
968   969        C          1774             3            1780          1783             6  Gas
969   970        C          1775             7            1778          1785             3   90
970   971        C          1778             5            1785          1790             7   90
971   972        A          1781             1            1781          1782             0   95
972   973        C          1784             5            1784          1789             0  Gas
973   974        C          1785             5            1789          1794             4  Gas
974   975        A          1786             2            1786          1788             0   95
975   976        C          1788             3            1790          1793             2   90
976   977        B          1788             1            1788          1789             0   95
977   978        C          1791             3            1794          1797             3  Gas
978   979        C          1791             7            1797          1804             6  Gas
979   980        A          1792             3            1792          1795             0   95
980   981        B          1794             2            1795          1797             1   95
981   982        B          1795             3            1797          1800             2   95
982   983        B          1797             3            1797          1800             0   90
983   984        C          1799             5            1804          1809             5  Gas
984   985        C          1800             3            1800          1803             0   90
985   986        A          1801             3            1801          1804             0   95
986   987        B          1802             3            1803          1806             1   90
987   988        B          1805             3            1806          1809             1   90
988   989        C          1808             3            1809          1812             1  Gas
989   990        A          1810             2            1810          1812             0   95
990   991        A          1812             3            1812          1815             0   95
991   992        B          1812             2            1812          1814             0   90
992   993        A          1815             2            1815          1817             0   95
993   994        B          1816             3            1817          1820             1   95
994   995        C          1819             5            1819          1824             0  Gas
995   996        C          1821             7            1821          1828             0   90
996   997        B          1824             2            1824          1826             0   95
997   998        A          1827             1            1827          1828             0   95
998   999        C          1829             5            1829          1834             0   90
999  1000        B          1830             1            1834          1835             4   90