      Car Category  Arrival Time  Service Time  Service Begins  Service Ends  Waiting Time Pump
0       1        C             3             5               3             8             0  Gas
1       2        A             6             1               6             7             0   95
2       3        B             6             3               6             9             0   90
3       4        B             7             2               9            11             2   90
4       5        B            10             2              11            13             1   90
5       6        C            11             5              11            16             0  Gas
6       7        B            12             3              13            16             1   90
7       8        C            13             3              16            19             3  Gas
8       9        C            15             7              19            26             4  Gas
9      10        C            17             7              26            33             9  Gas
10     11        B            20             3              20            23             0   95
11     12        A            22             2              23            25             1   95
12     13        B            23             3              25            28             2   95
13     14        B            24             3              28            31             4   95
14     15        C            27             5              27            32             0   90
15     16        C            29             7              32            39             3   90
16     17        B            32             3              39            42             7   90
17     18        C            33             5              42            47             9   90
18     19        C            33             5              33            38             0  Gas
19     20        B            35             1              35            36             0   95
20     21        B            38             2              47            49             9   90
21     22        A            38             2              38            40             0   95
22     23        A            39             3              40            43             1   95
23     24        A            42             3              43            46             1   95
24     25        B            43             3              49            52             6   90
25     26        C            45             3              45            48             0  Gas
26     27        C            48             5              48            53             0  Gas
27     28        C            50             5              53            58             3  Gas
28     29        C            53             7              58            65             5  Gas
29     30        C            56             5              56            61             0   90
30     31        B            58             3              61            64             3   90
31     32        A            58             3              58            61             0   95
32     33        A            61             3              61            64             0   95
33     34        C            62             5              65            70             3  Gas
34     35        C            64             7              64            71             0   90
35     36        B            65             3              65            68             0   95
36     37        C            67             7              71            78             4   90
37     38        B            69             2              78            80             9   90
38     39        B            71             3              71            74             0   95
39     40        C            73             5              80            85             7   90
40     41        A            73             3              74            77             1   95
41     42        A            75             2              77            79             2   95
42     43        C            78             7              85            92             7   90
43     44        B            78             2              92            94            14   90
44     45        C            80             5              80            85             0  Gas
45     46        B            81             1              94            95            13   90
46     47        B            84             2              84            86             0   95
47     48        A            87             3              87            90             0   95
48     49        A            89             3              90            93             1   95
49     50        B            92             1              95            96             3   90
50     51        B            94             3              94            97             0   95
51     52        C            97             3              97           100             0  Gas
52     53        C            97             5             100           105             3  Gas
53     54        C            97             3              97           100             0   90
54     55        C           100             5             100           105             0   90
55     56        C           102             5             105           110             3  Gas
56     57        C           103             7             110           117             7  Gas
57     58        C           104             5             117           122            13  Gas
58     59        C           107             7             122           129            15  Gas
59     60        B           109             1             109           110             0   95
60     61        B           110             2             110           112             0   90
61     62        A           110             1             110           111             0   95
62     63        C           111             5             112           117             1   90
63     64        B           113             3             113           116             0   95
64     65        C           116             5             117           122             1   90
65     66        B           117             3             117           120             0   95
66     67        B           118             3             120           123             2   95
67     68        B           120             3             122           125             2   90
68     69        C           123             3             129           132             6  Gas
69     70        A           126             3             126           129             0   95
70     71        C           129             5             129           134             0   90
71     72        B           130             2             130           132             0   95
72     73        C           130             7             134           141             4   90
73     74        C           131             7             141           148            10   90
74     75        C           133             5             148           153            15   90
75     76        C           134             5             134           139             0  Gas
76     77        C           135             7             153           160            18   90
77     78        A           138             3             138           141             0   95
78     79        C           140             5             140           145             0  Gas
79     80        C           142             7             160           167            18   90
80     81        B           145             2             167           169            22   90
81     82        B           148             1             169           170            21   90
82     83        B           150             3             150           153             0   95
83     84        C           153             5             170           175            17   90
84     85        B           155             2             175           177            20   90
85     86        C           155             5             155           160             0  Gas
86     87        B           158             1             177           178            19   90
87     88        A           161             2             161           163             0   95
88     89        C           162             5             162           167             0  Gas
89     90        C           162             5             178           183            16   90
90     91        A           163             2             163           165             0   95
91     92        B           164             2             183           185            19   90
92     93        C           165             5             185           190            20   90
93     94        C           167             5             167           172             0  Gas
94     95        A           170             1             170           171             0   95
95     96        A           172             3             172           175             0   95
96     97        A           175             3             175           178             0   95
97     98        C           175             7             175           182             0  Gas
98     99        A           178             3             178           181             0   95
99    100        B           180             3             190           193            10   90
100   101        B           183             3             193           196            10   90
101   102        B           185             2             196           198            11   90
102   103        C           187             5             187           192             0  Gas
103   104        B           188             2             198           200            10   90
104   105        C           188             5             200           205            12   90
105   106        A           188             1             188           189             0   95
106   107        C           189             5             192           197             3  Gas
107   108        C           190             5             205           210            15   90
108   109        C           191             3             210           213            19   90
109   110        C           193             5             213           218            20   90
110   111        B           195             3             218           221            23   90
111   112        B           197             3             197           200             0   95
112   113        C           197             7             221           228            24   90
113   114        A           200             3             200           203             0   95
114   115        C           203             7             228           235            25   90
115   116        C           204             5             204           209             0  Gas
116   117        B           206             1             235           236            29   90
117   118        C           208             3             236           239            28   90
118   119        B           208             3             239           242            31   90
119   120        C           210             5             210           215             0  Gas
120   121        C           210             5             242           247            32   90
121   122        B           213             3             247           250            34   90
122   123        B           216             3             216           219             0   95
123   124        B           219             1             250           251            31   90
124   125        A           219             3             219           222             0   95
125   126        C           219             5             251           256            32   90
126   127        C           222             5             222           227             0  Gas
127   128        B           222             2             222           224             0   95
128   129        B           225             3             225           228             0   95
129   130        B           228             3             256           259            28   90
130   131        B           230             2             230           232             0   95
131   132        C           233             5             233           238             0  Gas
132   133        C           234             3             238           241             4  Gas
133   134        B           235             1             259           260            24   90
134   135        B           235             3             260           263            25   90
135   136        C           238             7             263           270            25   90
136   137        C           241             3             270           273            29   90
137   138        C           243             3             273           276            30   90
138   139        B           245             3             245           248             0   95
139   140        C           248             3             276           279            28   90
140   141        B           251             3             251           254             0   95
141   142        B           252             2             254           256             2   95
142   143        C           252             7             252           259             0  Gas
143   144        A           252             2             256           258             4   95
144   145        B           252             1             279           280            27   90
145   146        B           253             1             258           259             5   95
146   147        C           253             5             280           285            27   90
147   148        A           254             2             259           261             5   95
148   149        B           255             1             261           262             6   95
149   150        C           258             7             259           266             1  Gas
150   151        B           259             1             262           263             3   95
151   152        C           262             3             266           269             4  Gas
152   153        B           265             2             265           267             0   95
153   154        A           266             3             267           270             1   95
154   155        C           268             3             285           288            17   90
155   156        C           269             3             269           272             0  Gas
156   157        C           271             5             272           277             1  Gas
157   158        C           273             3             288           291            15   90
158   159        C           275             5             291           296            16   90
159   160        B           276             3             276           279             0   95
160   161        A           276             3             279           282             3   95
161   162        C           279             3             279           282             0  Gas
162   163        C           280             5             282           287             2  Gas
163   164        A           280             3             282           285             2   95
164   165        B           281             2             285           287             4   95
165   166        A           281             2             287           289             6   95
166   167        B           282             1             296           297            14   90
167   168        C           283             5             287           292             4  Gas
168   169        A           285             2             289           291             4   95
169   170        C           287             3             297           300            10   90
170   171        C           288             5             292           297             4  Gas
171   172        B           289             3             300           303            11   90
172   173        B           291             3             291           294             0   95
173   174        A           292             3             294           297             2   95
174   175        C           295             5             303           308             8   90
175   176        C           298             5             298           303             0  Gas
176   177        B           299             2             308           310             9   90
177   178        B           299             3             299           302             0   95
178   179        B           301             1             302           303             1   95
179   180        C           302             3             310           313             8   90
180   181        A           304             2             304           306             0   95
181   182        C           305             5             313           318             8   90
182   183        B           308             3             308           311             0   95
183   184        B           308             2             318           320            10   90
184   185        C           309             5             309           314             0  Gas
185   186        C           312             5             320           325             8   90
186   187        A           312             1             312           313             0   95
187   188        B           314             3             314           317             0   95
188   189        A           316             2             317           319             1   95
189   190        B           319             3             319           322             0   95
190   191        C           320             5             320           325             0  Gas
191   192        C           322             5             325           330             3   90
192   193        A           323             2             323           325             0   95
193   194        C           324             7             325           332             1  Gas
194   195        B           327             1             330           331             3   90
195   196        B           330             2             330           332             0   95
196   197        C           332             3             332           335             0   90
197   198        C           335             5             335           340             0  Gas
198   199        B           337             2             337           339             0   95
199   200        C           340             5             340           345             0   90
200   201        C           343             5             345           350             2   90
201   202        A           345             3             345           348             0   95
202   203        B           348             3             348           351             0   95
203   204        C           351             7             351           358             0  Gas
204   205        C           352             3             352           355             0   90
205   206        C           354             7             355           362             1   90
206   207        A           355             3             355           358             0   95
207   208        A           355             2             358           360             3   95
208   209        C           358             7             358           365             0  Gas
209   210        A           360             3             360           363             0   95
210   211        C           361             7             365           372             4  Gas
211   212        C           363             5             363           368             0   90
212   213        A           365             2             365           367             0   95
213   214        B           367             1             368           369             1   90
214   215        A           370             1             370           371             0   95
215   216        C           373             7             373           380             0   90
216   217        B           376             3             376           379             0   95
217   218        B           378             2             379           381             1   95
218   219        B           381             3             381           384             0   95
219   220        B           382             3             384           387             2   95
220   221        C           385             5             385           390             0   90
221   222        C           388             5             388           393             0  Gas
222   223        B           390             3             390           393             0   90
223   224        A           393             2             393           395             0   95
224   225        A           396             2             396           398             0   95
225   226        C           397             5             397           402             0  Gas
226   227        B           400             3             400           403             0   90
227   228        B           400             2             403           405             3   90
228   229        A           401             2             401           403             0   95
229   230        C           404             7             404           411             0  Gas
230   231        C           406             5             411           416             5  Gas
231   232        C           406             7             416           423            10  Gas
232   233        C           408             7             423           430            15  Gas
233   234        C           410             5             430           435            20  Gas
234   235        B           412             1             412           413             0   95
235   236        C           414             7             435           442            21  Gas
236   237        C           417             5             442           447            25  Gas
237   238        B           418             2             418           420             0   95
238   239        C           421             5             447           452            26  Gas
239   240        A           424             3             424           427             0   95
240   241        C           425             7             452           459            27  Gas
241   242        A           427             2             427           429             0   95
242   243        B           430             1             430           431             0   95
243   244        C           433             5             433           438             0   90
244   245        A           436             2             436           438             0   95
245   246        C           438             3             438           441             0   90
246   247        B           439             3             441           444             2   90
247   248        B           439             2             439           441             0   95
248   249        C           442             7             459           466            17  Gas
249   250        B           445             3             445           448             0   95
250   251        C           446             5             466           471            20  Gas
251   252        B           447             1             447           448             0   90
252   253        B           450             2             450           452             0   90
253   254        C           452             7             452           459             0   90
254   255        A           452             2             452           454             0   95
255   256        A           455             2             455           457             0   95
256   257        C           455             5             459           464             4   90
257   258        C           456             5             464           469             8   90
258   259        C           457             5             469           474            12   90
259   260        B           457             1             457           458             0   95
260   261        C           460             5             474           479            14   90
261   262        A           461             3             461           464             0   95
262   263        C           462             5             479           484            17   90
263   264        B           463             3             464           467             1   95
264   265        B           466             3             467           470             1   95
265   266        C           468             5             484           489            16   90
266   267        C           471             5             471           476             0  Gas
267   268        C           472             5             489           494            17   90
268   269        C           474             3             476           479             2  Gas
269   270        B           474             1             474           475             0   95
270   271        B           477             3             477           480             0   95
271   272        A           479             2             480           482             1   95
272   273        B           482             1             482           483             0   95
273   274        C           483             5             483           488             0  Gas
274   275        B           483             3             494           497            11   90
275   276        B           485             3             485           488             0   95
276   277        A           486             2             488           490             2   95
277   278        B           488             1             490           491             2   95
278   279        C           491             7             497           504             6   90
279   280        B           491             3             491           494             0   95
280   281        B           494             2             504           506            10   90
281   282        C           494             5             494           499             0  Gas
282   283        C           497             5             499           504             2  Gas
283   284        A           498             2             498           500             0   95
284   285        C           500             5             504           509             4  Gas
285   286        C           501             3             506           509             5   90
286   287        C           504             5             509           514             5  Gas
287   288        C           506             5             514           519             8  Gas
288   289        B           509             3             509           512             0   95
289   290        C           511             5             511           516             0   90
290   291        A           513             3             513           516             0   95
291   292        A           515             2             516           518             1   95
292   293        C           518             5             518           523             0   90
293   294        B           521             3             521           524             0   95
294   295        B           524             3             524           527             0   95
295   296        A           526             1             527           528             1   95
296   297        C           529             5             529           534             0   90
297   298        B           532             3             534           537             2   90
298   299        C           535             7             537           544             2   90
299   300        B           537             3             537           540             0   95
300   301        C           537             5             537           542             0  Gas
301   302        C           537             7             542           549             5  Gas
302   303        C           539             7             549           556            10  Gas
303   304        B           540             3             540           543             0   95
304   305        B           543             2             543           545             0   95
305   306        C           544             5             556           561            12  Gas
306   307        B           545             3             545           548             0   95
307   308        C           548             7             548           555             0   90
308   309        C           549             7             561           568            12  Gas
309   310        B           551             3             555           558             4   90
310   311        C           551             7             568           575            17  Gas
311   312        C           552             3             558           561             6   90
312   313        C           555             3             575           578            20  Gas
313   314        C           556             7             578           585            22  Gas
314   315        C           559             7             585           592            26  Gas
315   316        C           561             5             592           597            31  Gas
316   317        B           562             3             562           565             0   95
317   318        A           564             3             565           568             1   95
318   319        C           567             5             597           602            30  Gas
319   320        B           567             1             568           569             1   95
320   321        B           570             3             570           573             0   90
321   322        B           573             1             573           574             0   90
322   323        A           575             3             575           578             0   95
323   324        C           577             3             602           605            25  Gas
324   325        A           578             3             578           581             0   95
325   326        B           580             1             581           582             1   95
326   327        C           582             7             605           612            23  Gas
327   328        A           585             3             585           588             0   95
328   329        B           586             3             586           589             0   90
329   330        C           586             7             589           596             3   90
330   331        B           589             3             589           592             0   95
331   332        A           589             3             592           595             3   95
332   333        C           592             5             612           617            20  Gas
333   334        C           595             7             596           603             1   90
334   335        C           595             3             603           606             8   90
335   336        C           597             5             606           611             9   90
336   337        B           600             2             600           602             0   95
337   338        B           602             3             611           614             9   90
338   339        C           602             7             614           621            12   90
339   340        B           603             3             621           624            18   90
340   341        A           604             3             604           607             0   95
341   342        C           606             5             617           622            11  Gas
342   343        B           609             2             624           626            15   90
343   344        A           612             1             612           613             0   95
344   345        A           615             1             615           616             0   95
345   346        B           616             2             626           628            10   90
346   347        C           619             7             622           629             3  Gas
347   348        C           619             7             628           635             9   90
348   349        C           622             5             629           634             7  Gas
349   350        C           625             5             635           640            10   90
350   351        C           626             7             634           641             8  Gas
351   352        C           626             7             640           647            14   90
352   353        C           629             3             647           650            18   90
353   354        A           632             3             632           635             0   95
354   355        A           635             2             635           637             0   95
355   356        B           635             2             650           652            15   90
356   357        C           637             5             652           657            15   90
357   358        A           637             3             637           640             0   95
358   359        C           637             5             657           662            20   90
359   360        C           637             7             641           648             4  Gas
360   361        C           639             3             648           651             9  Gas
361   362        C           642             7             651           658             9  Gas
362   363        C           644             7             658           665            14  Gas
363   364        C           644             5             662           667            18   90
364   365        C           645             7             667           674            22   90
365   366        B           646             3             646           649             0   95
366   367        C           649             7             665           672            16  Gas
367   368        B           650             3             650           653             0   95
368   369        B           650             2             674           676            24   90
369   370        C           650             5             676           681            26   90
370   371        B           653             1             681           682            28   90
371   372        B           656             3             656           659             0   95
372   373        B           656             3             659           662             3   95
373   374        C           658             7             672           679            14  Gas
374   375        C           661             7             679           686            18  Gas
375   376        C           662             3             682           685            20   90
376   377        C           663             5             685           690            22   90
377   378        B           666             3             690           693            24   90
378   379        C           667             5             686           691            19  Gas
379   380        C           670             5             691           696            21  Gas
380   381        C           671             5             693           698            22   90
381   382        B           673             2             673           675             0   95
382   383        C           673             3             698           701            25   90
383   384        C           673             5             701           706            28   90
384   385        C           673             5             696           701            23  Gas
385   386        A           676             1             676           677             0   95
386   387        A           676             1             677           678             1   95
387   388        C           677             5             701           706            24  Gas
388   389        C           677             5             706           711            29   90
389   390        A           679             3             679           682             0   95
390   391        C           682             7             706           713            24  Gas
391   392        A           685             3             685           688             0   95
392   393        B           685             1             711           712            26   90
393   394        C           688             5             713           718            25  Gas
394   395        B           690             3             690           693             0   95
395   396        B           693             3             712           715            19   90
396   397        B           694             3             694           697             0   95
397   398        C           696             5             715           720            19   90
398   399        C           697             5             720           725            23   90
399   400        C           699             5             718           723            19  Gas
400   401        B           700             3             700           703             0   95
401   402        A           703             3             703           706             0   95
402   403        B           703             3             706           709             3   95
403   404        C           704             7             723           730            19  Gas
404   405        C           706             5             730           735            24  Gas
405   406        A           707             3             709           712             2   95
406   407        A           710             1             712           713             2   95
407   408        B           713             3             713           716             0   95
408   409        C           716             5             725           730             9   90
409   410        C           716             5             735           740            19  Gas
410   411        A           717             3             717           720             0   95
411   412        A           718             3             720           723             2   95
412   413        C           718             3             740           743            22  Gas
413   414        C           718             3             743           746            25  Gas
414   415        B           718             2             723           725             5   95
415   416        A           720             2             725           727             5   95
416   417        C           723             3             730           733             7   90
417   418        B           725             2             727           729             2   95
418   419        A           728             3             729           732             1   95
419   420        C           729             3             733           736             4   90
420   421        C           729             3             746           749            17  Gas
421   422        B           731             2             732           734             1   95
422   423        B           733             2             734           736             1   95
423   424        B           734             1             736           737             2   90
424   425        C           734             7             749           756            15  Gas
425   426        C           734             5             737           742             3   90
426   427        C           736             3             756           759            20  Gas
427   428        B           739             3             739           742             0   95
428   429        B           740             3             742           745             2   95
429   430        C           743             5             743           748             0   90
430   431        A           744             1             745           746             1   95
431   432        C           745             3             759           762            14  Gas
432   433        B           745             1             748           749             3   90
433   434        C           748             5             749           754             1   90
434   435        B           751             3             751           754             0   95
435   436        A           751             3             754           757             3   95
436   437        B           751             1             757           758             6   95
437   438        B           753             2             758           760             5   95
438   439        A           754             3             760           763             6   95
439   440        C           755             3             755           758             0   90
440   441        A           756             3             763           766             7   95
441   442        A           756             3             766           769            10   95
442   443        B           758             3             769           772            11   95
443   444        C           759             7             759           766             0   90
444   445        B           762             3             772           775            10   95
445   446        A           762             3             775           778            13   95
446   447        B           762             2             778           780            16   95
447   448        C           764             7             764           771             0  Gas
448   449        A           766             3             780           783            14   95
449   450        A           767             2             783           785            16   95
450   451        B           769             3             785           788            16   95
451   452        B           770             1             770           771             0   90
452   453        B           772             1             788           789            16   95
453   454        C           772             5             772           777             0  Gas
454   455        C           772             3             777           780             5  Gas
455   456        A           775             3             789           792            14   95
456   457        C           776             5             780           785             4  Gas
457   458        B           779             3             792           795            13   95
458   459        B           782             2             795           797            13   95
459   460        C           783             3             785           788             2  Gas
460   461        C           786             3             786           789             0   90
461   462        B           789             3             797           800             8   95
462   463        C           791             3             791           794             0  Gas
463   464        C           792             5             794           799             2  Gas
464   465        A           793             2             800           802             7   95
465   466        C           795             5             799           804             4  Gas
466   467        B           798             2             798           800             0   90
467   468        A           800             3             802           805             2   95
468   469        C           801             7             804           811             3  Gas
469   470        B           802             3             802           805             0   90
470   471        B           803             2             805           807             2   95
471   472        C           806             7             811           818             5  Gas
472   473        B           806             3             807           810             1   95
473   474        A           806             1             810           811             4   95
474   475        A           808             2             811           813             3   95
475   476        B           810             3             810           813             0   90
476   477        B           810             1             813           814             3   90
477   478        A           811             2             813           815             2   95
478   479        B           814             2             815           817             1   95
479   480        C           817             7             817           824             0   90
480   481        B           819             3             824           827             5   90
481   482        A           822             3             822           825             0   95
482   483        B           825             2             825           827             0   95
483   484        B           825             2             827           829             2   95
484   485        C           827             5             827           832             0  Gas
485   486        B           828             2             829           831             1   95
486   487        B           831             3             831           834             0   95
487   488        C           831             7             832           839             1  Gas
488   489        C           832             3             832           835             0   90
489   490        B           832             2             834           836             2   95
490   491        B           835             3             835           838             0   90
491   492        C           838             5             839           844             1  Gas
492   493        B           840             2             840           842             0   95
493   494        C           843             5             843           848             0   90
494   495        B           843             2             848           850             5   90
495   496        C           843             7             850           857             7   90
496   497        C           844             5             857           862            13   90
497   498        B           847             2             847           849             0   95
498   499        C           848             7             848           855             0  Gas
499   500        B           850             2             850           852             0   95
500   501        C           853             7             855           862             2  Gas
501   502        B           856             2             856           858             0   95
502   503        C           859             5             862           867             3   90
503   504        A           860             3             860           863             0   95
504   505        C           862             5             862           867             0  Gas
505   506        C           865             7             867           874             2   90
506   507        B           868             2             868           870             0   95
507   508        B           869             3             870           873             1   95
508   509        B           872             2             873           875             1   95
509   510        C           874             5             874           879             0  Gas
510   511        C           877             7             879           886             2  Gas
511   512        B           880             3             880           883             0   95
512   513        B           883             1             883           884             0   95
513   514        C           884             7             884           891             0   90
514   515        A           886             2             886           888             0   95
515   516        C           888             5             891           896             3   90
516   517        A           890             3             890           893             0   95
517   518        C           893             3             893           896             0  Gas
518   519        C           896             7             896           903             0  Gas
519   520        A           898             3             898           901             0   95
520   521        C           899             7             903           910             4  Gas
521   522        B           902             1             902           903             0   95
522   523        B           904             3             904           907             0   95
523   524        B           904             3             907           910             3   95
524   525        A           904             1             910           911             6   95
525   526        B           907             3             907           910             0   90
526   527        B           910             3             911           914             1   95
527   528        C           911             5             911           916             0   90
528   529        A           912             2             914           916             2   95
529   530        C           913             5             916           921             3   90
530   531        B           914             3             916           919             2   95
531   532        C           916             3             916           919             0  Gas
532   533        A           916             2             919           921             3   95
533   534        C           918             5             919           924             1  Gas
534   535        B           921             3             921           924             0   95
535   536        C           923             5             924           929             1  Gas
536   537        A           923             3             924           927             1   95
537   538        B           924             3             927           930             3   95
538   539        C           925             5             929           934             4  Gas
539   540        B           925             1             925           926             0   90
540   541        B           928             3             928           931             0   90
541   542        C           928             7             931           938             3   90
542   543        C           930             5             934           939             4  Gas
543   544        B           933             3             933           936             0   95
544   545        B           936             3             936           939             0   95
545   546        B           938             2             938           940             0   90
546   547        C           938             5             939           944             1  Gas
547   548        C           941             7             944           951             3  Gas
548   549        C           943             3             943           946             0   90
549   550        C           944             7             946           953             2   90
550   551        B           946             3             946           949             0   95
551   552        C           947             3             951           954             4  Gas
552   553        B           948             1             953           954             5   90
553   554        C           951             7             954           961             3  Gas
554   555        A           954             1             954           955             0   95
555   556        C           957             3             961           964             4  Gas
556   557        C           957             5             964           969             7  Gas
557   558        C           958             7             958           965             0   90
558   559        B           960             2             960           962             0   95
559   560        B           963             3             965           968             2   90
560   561        A           965             3             965           968             0   95
561   562        C           968             5             969           974             1  Gas
562   563        C           969             5             969           974             0   90
563   564        B           969             1             969           970             0   95
564   565        A           970             1             970           971             0   95
565   566        B           970             2             974           976             4   90
566   567        C           972             3             974           977             2  Gas
567   568        B           972             3             972           975             0   95
568   569        B           972             2             976           978             4   90
569   570        C           975             5             977           982             2  Gas
570   571        C           976             5             982           987             6  Gas
571   572        A           979             1             979           980             0   95
572   573        C           982             7             987           994             5  Gas
573   574        A           983             2             983           985             0   95
574   575        B           985             3             985           988             0   95
575   576        C           986             5             986           991             0   90
576   577        B           988             3             991           994             3   90
577   578        A           988             1             988           989             0   95
578   579        C           989             7             994          1001             5  Gas
579   580        B           990             1             994           995             4   90
580   581        A           993             3             993           996             0   95
581   582        A           994             3             996           999             2   95
582   583        B           995             3             999          1002             4   95
583   584        C           996             7            1001          1008             5  Gas
584   585        B           998             3            1002          1005             4   95
585   586        B           999             3            1005          1008             6   95
586   587        B          1000             3            1000          1003             0   90
587   588        B          1000             1            1003          1004             3   90
588   589        B          1003             3            1008          1011             5   95
589   590        C          1006             7            1008          1015             2  Gas
590   591        B          1007             2            1011          1013             4   95
591   592        A          1010             3            1013          1016             3   95
592   593        C          1011             7            1015          1022             4  Gas
593   594        B          1013             3            1013          1016             0   90
594   595        C          1015             5            1022          1027             7  Gas
595   596        B          1016             3            1016          1019             0   95
596   597        B          1016             1            1016          1017             0   90
597   598        C          1019             3            1027          1030             8  Gas
598   599        C          1022             7            1030          1037             8  Gas
599   600        B          1025             1            1025          1026             0   90
600   601        B          1027             3            1027          1030             0   95
601   602        C          1029             3            1037          1040             8  Gas
602   603        C          1029             3            1029          1032             0   90
603   604        A          1032             3            1032          1035             0   95
604   605        C          1033             7            1040          1047             7  Gas
605   606        A          1035             2            1035          1037             0   95
606   607        C          1037             5            1047          1052            10  Gas
607   608        C          1040             7            1040          1047             0   90
608   609        A          1043             1            1043          1044             0   95
609   610        B          1046             1            1046          1047             0   95
610   611        C          1049             7            1049          1056             0   90
611   612        A          1052             2            1052          1054             0   95
612   613        A          1055             3            1055          1058             0   95
613   614        C          1056             7            1056          1063             0   90
614   615        A          1058             3            1058          1061             0   95
615   616        C          1058             5            1058          1063             0  Gas
616   617        C          1061             7            1063          1070             2  Gas
617   618        A          1062             3            1062          1065             0   95
618   619        C          1062             7            1070          1077             8  Gas
619   620        A          1063             1            1065          1066             2   95
620   621        B          1064             3            1064          1067             0   90
621   622        B          1067             3            1067          1070             0   90
622   623        C          1070             7            1077          1084             7  Gas
623   624        C          1070             5            1084          1089            14  Gas
624   625        C          1070             7            1070          1077             0   90
625   626        B          1070             1            1077          1078             7   90
626   627        B          1072             2            1072          1074             0   95
627   628        A          1075             3            1075          1078             0   95
628   629        C          1078             3            1089          1092            11  Gas
629   630        B          1080             3            1080          1083             0   90
630   631        C          1082             7            1092          1099            10  Gas
631   632        A          1084             1            1084          1085             0   95
632   633        B          1086             2            1086          1088             0   95
633   634        C          1086             3            1086          1089             0   90
634   635        C          1086             5            1099          1104            13  Gas
635   636        B          1089             2            1089          1091             0   90
636   637        C          1091             5            1104          1109            13  Gas
637   638        C          1092             5            1092          1097             0   90
638   639        C          1092             7            1109          1116            17  Gas
639   640        C          1092             5            1116          1121            24  Gas
640   641        B          1095             3            1097          1100             2   90
641   642        C          1098             7            1121          1128            23  Gas
642   643        A          1099             2            1099          1101             0   95
643   644        C          1102             3            1128          1131            26  Gas
644   645        A          1103             2            1103          1105             0   95
645   646        C          1106             7            1131          1138            25  Gas
646   647        A          1107             1            1107          1108             0   95
647   648        A          1109             3            1109          1112             0   95
648   649        B          1112             3            1112          1115             0   90
649   650        C          1113             5            1138          1143            25  Gas
650   651        B          1115             2            1115          1117             0   95
651   652        A          1116             1            1117          1118             1   95
652   653        B          1118             2            1118          1120             0   90
653   654        B          1119             1            1119          1120             0   95
654   655        B          1120             2            1120          1122             0   90
655   656        C          1122             7            1122          1129             0   90
656   657        B          1123             3            1123          1126             0   95
657   658        A          1126             3            1126          1129             0   95
658   659        B          1128             2            1129          1131             1   90
659   660        C          1129             5            1143          1148            14  Gas
660   661        A          1132             3            1132          1135             0   95
661   662        B          1134             2            1135          1137             1   95
662   663        C          1137             3            1148          1151            11  Gas
663   664        B          1139             3            1139          1142             0   95
664   665        B          1142             3            1142          1145             0   95
665   666        B          1145             3            1145          1148             0   90
666   667        C          1145             5            1151          1156             6  Gas
667   668        B          1145             1            1148          1149             3   90
668   669        A          1147             3            1147          1150             0   95
669   670        A          1150             2            1150          1152             0   95
670   671        A          1150             1            1152          1153             2   95
671   672        C          1153             5            1153          1158             0   90
672   673        C          1155             7            1156          1163             1  Gas
673   674        B          1158             3            1158          1161             0   90
674   675        B          1159             3            1159          1162             0   95
675   676        C          1159             5            1161          1166             2   90
676   677        B          1161             2            1162          1164             1   95
677   678        C          1164             7            1164          1171             0  Gas
678   679        C          1167             3            1167          1170             0   90
679   680        A          1168             3            1168          1171             0   95
680   681        C          1169             5            1171          1176             2  Gas
681   682        B          1172             2            1172          1174             0   90
682   683        B          1175             2            1175          1177             0   95
683   684        A          1178             3            1178          1181             0   95
684   685        B          1180             2            1180          1182             0   90
685   686        C          1183             3            1183          1186             0   90
686   687        C          1186             7            1186          1193             0   90
687   688        C          1189             3            1193          1196             4   90
688   689        A          1190             3            1190          1193             0   95
689   690        C          1192             5            1192          1197             0  Gas
690   691        B          1195             2            1195          1197             0   95
691   692        B          1197             2            1197          1199             0   95
692   693        C          1200             5            1200          1205             0  Gas
693   694        B          1202             3            1202          1205             0   90
694   695        C          1202             5            1205          1210             3   90
695   696        C          1204             5            1210          1215             6   90
696   697        B          1205             2            1205          1207             0   95
697   698        A          1208             2            1208          1210             0   95
698   699        A          1208             3            1210          1213             2   95
699   700        C          1209             3            1215          1218             6   90
700   701        C          1209             5            1209          1214             0  Gas
701   702        A          1211             3            1213          1216             2   95
702   703        A          1212             3            1216          1219             4   95
703   704        C          1215             7            1215          1222             0  Gas
704   705        B          1218             1            1218          1219             0   90
705   706        A          1220             2            1220          1222             0   95
706   707        A          1222             2            1222          1224             0   95
707   708        B          1222             2            1222          1224             0   90
708   709        B          1225             1            1225          1226             0   95
709   710        B          1228             2            1228          1230             0   95
710   711        C          1230             7            1230          1237             0  Gas
711   712        C          1232             5            1232          1237             0   90
712   713        C          1232             7            1237          1244             5  Gas
713   714        C          1233             3            1237          1240             4   90
714   715        C          1236             5            1244          1249             8  Gas
715   716        A          1239             2            1239          1241             0   95
716   717        A          1241             2            1241          1243             0   95
717   718        B          1242             1            1243          1244             1   95
718   719        C          1244             5            1244          1249             0   90
719   720        A          1245             3            1245          1248             0   95
720   721        B          1248             2            1248          1250             0   95
721   722        C          1250             7            1250          1257             0   90
722   723        B          1251             2            1257          1259             6   90
723   724        A          1251             2            1251          1253             0   95
724   725        A          1251             2            1253          1255             2   95
725   726        B          1253             3            1255          1258             2   95
726   727        C          1256             7            1259          1266             3   90
727   728        B          1258             1            1258          1259             0   95
728   729        B          1260             2            1266          1268             6   90
729   730        B          1261             3            1261          1264             0   95
730   731        A          1263             1            1264          1265             1   95
731   732        C          1264             7            1264          1271             0  Gas
732   733        B          1267             3            1267          1270             0   95
733   734        C          1270             5            1271          1276             1  Gas
734   735        C          1272             5            1272          1277             0   90
735   736        C          1274             7            1276          1283             2  Gas
736   737        B          1275             2            1275          1277             0   95
737   738        C          1276             3            1277          1280             1   90
738   739        C          1276             5            1283          1288             7  Gas
739   740        C          1278             5            1288          1293            10  Gas
740   741        A          1279             3            1279          1282             0   95
741   742        A          1282             2            1282          1284             0   95
742   743        A          1283             3            1284          1287             1   95
743   744        B          1286             1            1286          1287             0   90
744   745        C          1286             7            1293          1300             7  Gas
745   746        C          1288             5            1300          1305            12  Gas
746   747        C          1288             3            1305          1308            17  Gas
747   748        C          1288             5            1288          1293             0   90
748   749        C          1289             5            1308          1313            19  Gas
749   750        A          1292             3            1292          1295             0   95
750   751        A          1295             3            1295          1298             0   95
751   752        B          1297             3            1297          1300             0   90
752   753        C          1297             5            1300          1305             3   90
753   754        B          1299             3            1299          1302             0   95
754   755        C          1302             3            1313          1316            11  Gas
755   756        C          1305             5            1316          1321            11  Gas
756   757        C          1306             5            1306          1311             0   90
757   758        A          1308             3            1308          1311             0   95
758   759        C          1309             7            1311          1318             2   90
759   760        B          1312             3            1318          1321             6   90
760   761        C          1312             3            1321          1324             9   90
761   762        A          1313             1            1313          1314             0   95
762   763        B          1316             3            1316          1319             0   95
763   764        B          1317             3            1319          1322             2   95
764   765        A          1320             3            1322          1325             2   95
765   766        C          1323             3            1324          1327             1   90
766   767        B          1325             3            1327          1330             2   90
767   768        C          1327             5            1327          1332             0  Gas
768   769        C          1328             3            1332          1335             4  Gas
769   770        C          1329             7            1335          1342             6  Gas
770   771        C          1332             5            1342          1347            10  Gas
771   772        C          1335             7            1347          1354            12  Gas
772   773        A          1337             1            1337          1338             0   95
773   774        C          1337             5            1337          1342             0   90
774   775        C          1337             5            1354          1359            17  Gas
775   776        C          1340             5            1342          1347             2   90
776   777        C          1340             5            1347          1352             7   90
777   778        C          1342             5            1352          1357            10   90
778   779        B          1344             2            1344          1346             0   95
779   780        A          1347             1            1347          1348             0   95
780   781        C          1347             3            1357          1360            10   90
781   782        B          1348             2            1360          1362            12   90
782   783        C          1350             7            1359          1366             9  Gas
783   784        A          1352             3            1352          1355             0   95
784   785        B          1354             1            1355          1356             1   95
785   786        B          1354             1            1362          1363             8   90
786   787        B          1357             1            1363          1364             6   90
787   788        C          1360             7            1364          1371             4   90
788   789        A          1361             1            1361          1362             0   95
789   790        A          1364             2            1364          1366             0   95
790   791        C          1365             7            1366          1373             1  Gas
791   792        A          1368             2            1368          1370             0   95
792   793        C          1368             5            1373          1378             5  Gas
793   794        B          1370             3            1370          1373             0   95
794   795        A          1373             2            1373          1375             0   95
795   796        C          1375             7            1375          1382             0   90
796   797        C          1376             5            1382          1387             6   90
797   798        C          1376             7            1387          1394            11   90
798   799        A          1379             3            1379          1382             0   95
799   800        B          1380             3            1382          1385             2   95
800   801        B          1383             2            1394          1396            11   90
801   802        C          1386             7            1386          1393             0  Gas
802   803        A          1387             2            1387          1389             0   95
803   804        B          1388             3            1389          1392             1   95
804   805        B          1391             1            1396          1397             5   90
805   806        C          1393             7            1397          1404             4   90
806   807        C          1394             5            1394          1399             0  Gas
807   808        C          1395             7            1399          1406             4  Gas
808   809        B          1395             3            1395          1398             0   95
809   810        C          1397             5            1406          1411             9  Gas
810   811        B          1399             3            1399          1402             0   95
811   812        C          1399             3            1404          1407             5   90
812   813        A          1402             3            1402          1405             0   95
813   814        B          1405             3            1407          1410             2   90
814   815        B          1407             3            1407          1410             0   95
815   816        C          1410             3            1410          1413             0   90
816   817        B          1413             1            1413          1414             0   95
817   818        C          1413             7            1413          1420             0  Gas
818   819        C          1416             7            1416          1423             0   90
819   820        B          1419             2            1419          1421             0   95
820   821        B          1421             3            1423          1426             2   90
821   822        C          1422             3            1422          1425             0  Gas
822   823        C          1423             7            1425          1432             2  Gas
823   824        B          1424             3            1426          1429             2   90
824   825        B          1426             2            1429          1431             3   90
825   826        B          1426             3            1426          1429             0   95
826   827        C          1428             5            1432          1437             4  Gas
827   828        C          1429             7            1437          1444             8  Gas
828   829        B          1431             1            1431          1432             0   90
829   830        C          1434             7            1434          1441             0   90
830   831        A          1435             2            1435          1437             0   95
831   832        B          1437             3            1437          1440             0   95
832   833        B          1439             1            1440          1441             1   95
833   834        C          1440             5            1441          1446             1   90
834   835        B          1441             3            1446          1449             5   90
835   836        B          1444             3            1449          1452             5   90
836   837        C          1447             3            1447          1450             0  Gas
837   838        C          1447             3            1452          1455             5   90
838   839        B          1450             3            1455          1458             5   90
839   840        B          1452             2            1452          1454             0   95
840   841        A          1455             1            1455          1456             0   95
841   842        A          1455             2            1456          1458             1   95
842   843        C          1457             7            1458          1465             1   90
843   844        C          1460             5            1465          1470             5   90
844   845        A          1461             3            1461          1464             0   95
845   846        C          1461             5            1470          1475             9   90
846   847        B          1462             2            1475          1477            13   90
847   848        A          1465             3            1465          1468             0   95
848   849        C          1465             7            1477          1484            12   90
849   850        A          1465             2            1468          1470             3   95
850   851        C          1466             5            1466          1471             0  Gas
851   852        B          1468             3            1484          1487            16   90
852   853        A          1471             2            1471          1473             0   95
853   854        B          1473             2            1473          1475             0   95
854   855        A          1475             1            1475          1476             0   95
855   856        A          1478             3            1478          1481             0   95
856   857        C          1481             7            1481          1488             0  Gas
857   858        B          1484             3            1487          1490             3   90
858   859        B          1487             3            1487          1490             0   95
859   860        B          1489             2            1490          1492             1   95
860   861        A          1490             3            1492          1495             2   95
861   862        C          1493             5            1493          1498             0   90
862   863        B          1495             1            1495          1496             0   95
863   864        B          1496             2            1496          1498             0   95
864   865        A          1497             3            1498          1501             1   95
865   866        B          1498             2            1501          1503             3   95
866   867        B          1498             3            1503          1506             5   95
867   868        A          1501             3            1506          1509             5   95
868   869        A          1502             2            1509          1511             7   95
869   870        A          1502             3            1511          1514             9   95
870   871        A          1502             3            1514          1517            12   95
871   872        A          1503             3            1517          1520            14   95
872   873        B          1506             1            1520          1521            14   95
873   874        B          1507             1            1521          1522            14   95
874   875        C          1509             7            1509          1516             0  Gas
875   876        B          1512             2            1522          1524            10   95
876   877        C          1513             5            1516          1521             3  Gas
877   878        B          1514             3            1524          1527            10   95
878   879        C          1514             5            1514          1519             0   90
879   880        B          1517             3            1519          1522             2   90
880   881        B          1519             3            1522          1525             3   90
881   882        C          1520             7            1521          1528             1  Gas
882   883        C          1522             5            1525          1530             3   90
883   884        B          1525             3            1530          1533             5   90
884   885        C          1528             7            1533          1540             5   90
885   886        C          1529             7            1529          1536             0  Gas
886   887        B          1530             3            1530          1533             0   95
887   888        B          1532             1            1540          1541             8   90
888   889        B          1533             2            1533          1535             0   95
889   890        B          1535             3            1541          1544             6   90
890   891        B          1536             3            1536          1539             0   95
891   892        C          1538             5            1538          1543             0  Gas
892   893        C          1540             7            1544          1551             4   90
893   894        A          1543             3            1543          1546             0   95
894   895        B          1543             3            1546          1549             3   95
895   896        B          1546             3            1551          1554             5   90
896   897        B          1548             3            1554          1557             6   90
897   898        B          1551             2            1551          1553             0   95
898   899        C          1553             5            1553          1558             0  Gas
899   900        C          1556             5            1558          1563             2  Gas
900   901        B          1556             1            1556          1557             0   95
901   902        A          1559             1            1559          1560             0   95
902   903        A          1560             2            1560          1562             0   95
903   904        C          1563             5            1563          1568             0  Gas
904   905        B          1565             2            1565          1567             0   90
905   906        C          1567             7            1567          1574             0   90
906   907        C          1568             5            1568          1573             0  Gas
907   908        B          1570             3            1570          1573             0   95
908   909        B          1570             1            1574          1575             4   90
909   910        C          1571             7            1573          1580             2  Gas
910   911        A          1574             2            1574          1576             0   95
911   912        A          1576             3            1576          1579             0   95
912   913        B          1576             1            1576          1577             0   90
913   914        C          1578             5            1578          1583             0   90
914   915        C          1581             3            1583          1586             2   90
915   916        C          1581             3            1581          1584             0  Gas
916   917        B          1583             3            1583          1586             0   95
917   918        A          1584             3            1586          1589             2   95
918   919        A          1585             3            1589          1592             4   95
919   920        C          1588             5            1588          1593             0  Gas
920   921        B          1590             2            1592          1594             2   95
921   922        C          1591             7            1593          1600             2  Gas
922   923        C          1593             3            1600          1603             7  Gas
923   924        B          1596             1            1596          1597             0   95
924   925        C          1599             5            1599          1604             0   90
925   926        A          1600             3            1600          1603             0   95
926   927        C          1601             5            1604          1609             3   90
927   928        B          1604             3            1604          1607             0   95
928   929        C          1604             3            1604          1607             0  Gas
929   930        C          1605             7            1609          1616             4   90
930   931        B          1605             1            1616          1617            11   90
931   932        A          1608             2            1608          1610             0   95
932   933        B          1610             3            1610          1613             0   95
933   934        B          1611             1            1613          1614             2   95
934   935        C          1611             5            1617          1622             6   90
935   936        C          1612             7            1622          1629            10   90
936   937        B          1612             3            1614          1617             2   95
937   938        B          1614             3            1617          1620             3   95
938   939        A          1616             3            1620          1623             4   95
939   940        B          1618             1            1623          1624             5   95
940   941        C          1621             7            1621          1628             0  Gas
941   942        A          1624             1            1624          1625             0   95
942   943        A          1627             3            1627          1630             0   95
943   944        B          1628             3            1629          1632             1   90
944   945        A          1629             3            1630          1633             1   95
945   946        B          1630             3            1632          1635             2   90
946   947        B          1630             2            1633          1635             3   95
947   948        C          1632             5            1635          1640             3   90
948   949        B          1633             2            1640          1642             7   90
949   950        A          1634             1            1635          1636             1   95
950   951        C          1637             5            1637          1642             0  Gas
951   952        B          1637             2            1637          1639             0   95
952   953        C          1638             5            1642          1647             4  Gas
953   954        C          1639             5            1647          1652             8  Gas
954   955        B          1641             3            1641          1644             0   95
955   956        C          1643             5            1643          1648             0   90
956   957        B          1643             1            1648          1649             5   90
957   958        A          1644             3            1644          1647             0   95
958   959        C          1647             3            1652          1655             5  Gas
959   960        B          1647             2            1647          1649             0   95
960   961        C          1650             5            1650          1655             0   90
961   962        B          1652             3            1655          1658             3   90
962   963        C          1655             5            1655          1660             0  Gas
963   964        C          1655             5            1658          1663             3   90
964   965        C          1655             5            1663          1668             8   90
965   966        C          1658             5            1668          1673            10   90
966   967        B          1660             3            1660          1663             0   95
967   968        B          1663             3            1673          1676            10   90
968   969        A          1665             3            1665          1668             0   95
969   970        C          1667             5            1667          1672             0  Gas
970   971        C          1670             5            1672          1677             2  Gas
971   972        C          1670             7            1676          1683             6   90
972   973        B          1672             2            1672          1674             0   95
973   974        C          1673             5            1683          1688            10   90
974   975        C          1675             7            1688          1695            13   90
975   976        B          1677             2            1695          1697            18   90
976   977        B          1679             2            1679          1681             0   95
977   978        A          1681             1            1681          1682             0   95
978   979        C          1684             5            1684          1689             0  Gas
979   980        C          1685             3            1689          1692             4  Gas
980   981        B          1687             1            1697          1698            10   90
981   982        C          1690             5            1692          1697             2  Gas
982   983        A          1690             1            1690          1691             0   95
983   984        A          1691             2            1691          1693             0   95
984   985        B          1694             2            1698          1700             4   90
985   986        C          1695             5            1697          1702             2  Gas
986   987        C          1698             3            1702          1705             4  Gas
987   988        C          1698             5            1700          1705             2   90
988   989        C          1701             5            1705          1710             4   90
989   990        C          1702             5            1710          1715             8   90
990   991        B          1704             3            1704          1707             0   95
991   992        A          1705             2            1707          1709             2   95
992   993        C          1706             3            1706          1709             0  Gas
993   994        C          1709             5            1709          1714             0  Gas
994   995        C          1710             7            1714          1721             4  Gas
995   996        B          1711             2            1711          1713             0   95
996   997        B          1714             3            1714          1717             0   95
997   998        C          1717             5            1721          1726             4  Gas
998   999        C          1718             7            1718          1725             0   90
999  1000        C          1721             7            1726          1733             5  Gas