      Car Category  Arrival Time  Service Time  Service Begins  Service Ends  Waiting Time Pump
0       1        A             0             1               0             1             0   95
1       2        B             1             2               1             3             0   90
2       3        A             3             2               3             5             0   95
3       4        B             4             3               4             7             0   90
4       5        B             7             3               7            10             0   90
5       6        B             8             3              10            13             2   90
6       7        C             8             7               8            15             0  Gas
7       8        B            11             1              13            14             2   90
8       9        A            13             2              13            15             0   95
9      10        A            16             3              16            19             0   95
10     11        C            17             7              17            24             0  Gas
11     12        C            18             3              24            27             6  Gas
12     13        A            18             3              19            22             1   95
13     14        B            18             3              22            25             4   95
14     15        B            20             1              25            26             5   95
15     16        B            22             3              26            29             4   95
16     17        A            23             3              29            32             6   95
17     18        C            26             7              27            34             1  Gas
18     19        C            27             5              34            39             7  Gas
19     20        B            30             3              30            33             0   90
20     21        C            30             7              39            46             9  Gas
21     22        B            30             2              32            34             2   95
22     23        B            31             2              34            36             3   95
23     24        C            34             3              46            49            12  Gas
24     25        A            37             3              37            40             0   95
25     26        B            37             3              40            43             3   95
26     27        C            37             7              37            44             0   90
27     28        B            38             2              43            45             5   95
28     29        C            40             7              49            56             9  Gas
29     30        C            40             3              44            47             4   90
30     31        B            41             3              47            50             6   90
31     32        A            44             1              45            46             1   95
32     33        C            47             7              56            63             9  Gas
33     34        C            50             3              63            66            13  Gas
34     35        B            50             3              50            53             0   90
35     36        B            52             3              52            55             0   95
36     37        C            55             7              66            73            11  Gas
37     38        C            58             7              58            65             0   90
38     39        C            58             3              73            76            15  Gas
39     40        B            58             3              58            61             0   95
40     41        A            61             3              61            64             0   95
41     42        B            63             3              64            67             1   95
42     43        C            65             5              76            81            11  Gas
43     44        B            65             3              67            70             2   95
44     45        C            68             7              81            88            13  Gas
45     46        A            71             3              71            74             0   95
46     47        B            74             1              74            75             0   95
47     48        B            74             1              75            76             1   95
48     49        C            77             5              88            93            11  Gas
49     50        C            79             7              79            86             0   90
50     51        C            82             3              93            96            11  Gas
51     52        C            85             3              86            89             1   90
52     53        C            87             7              96           103             9  Gas
53     54        B            90             3              90            93             0   90
54     55        C            93             5              93            98             0   90
55     56        A            96             3              96            99             0   95
56     57        B            97             2              98           100             1   90
57     58        C            97             7             103           110             6  Gas
58     59        B            99             3              99           102             0   95
59     60        A           101             1             102           103             1   95
60     61        B           104             2             104           106             0   90
61     62        C           107             5             107           112             0   90
62     63        C           109             5             110           115             1  Gas
63     64        C           112             7             115           122             3  Gas
64     65        B           115             3             115           118             0   95
65     66        B           115             3             118           121             3   95
66     67        C           116             7             116           123             0   90
67     68        A           117             2             121           123             4   95
68     69        B           118             2             123           125             5   95
69     70        B           119             3             125           128             6   95
70     71        A           122             3             128           131             6   95
71     72        B           122             1             123           124             1   90
72     73        C           125             5             125           130             0   90
73     74        A           128             2             131           133             3   95
74     75        B           130             2             133           135             3   95
75     76        B           133             1             133           134             0   90
76     77        A           133             2             135           137             2   95
77     78        C           133             5             134           139             1   90
78     79        B           133             1             137           138             4   95
79     80        B           135             2             138           140             3   95
80     81        A           135             2             140           142             5   95
81     82        A           137             3             142           145             5   95
82     83        B           137             3             145           148             8   95
83     84        C           137             7             137           144             0  Gas
84     85        C           139             7             144           151             5  Gas
85     86        A           140             3             148           151             8   95
86     87        B           142             3             151           154             9   95
87     88        A           143             2             154           156            11   95
88     89        A           144             1             156           157            12   95
89     90        B           147             2             147           149             0   90
90     91        C           147             5             149           154             2   90
91     92        A           150             2             157           159             7   95
92     93        C           151             5             151           156             0  Gas
93     94        B           152             1             159           160             7   95
94     95        A           152             3             160           163             8   95
95     96        B           155             2             163           165             8   95
96     97        B           158             2             165           167             7   95
97     98        C           159             7             159           166             0  Gas
98     99        A           159             3             167           170             8   95
99    100        A           161             3             170           173             9   95
100   101        C           163             5             166           171             3  Gas
101   102        C           164             5             171           176             7  Gas
102   103        C           166             5             176           181            10  Gas
103   104        B           168             3             173           176             5   95
104   105        C           168             7             181           188            13  Gas
105   106        A           171             3             176           179             5   95
106   107        B           172             3             179           182             7   95
107   108        A           173             3             182           185             9   95
108   109        B           174             2             185           187            11   95
109   110        B           175             2             187           189            12   95
110   111        C           178             7             188           195            10  Gas
111   112        B           179             3             179           182             0   90
112   113        A           182             3             189           192             7   95
113   114        B           184             2             192           194             8   95
114   115        C           185             5             185           190             0   90
115   116        C           187             5             190           195             3   90
116   117        B           189             2             194           196             5   95
117   118        C           192             7             195           202             3  Gas
118   119        C           194             5             195           200             1   90
119   120        C           196             7             200           207             4   90
120   121        A           198             1             198           199             0   95
121   122        B           198             2             207           209             9   90
122   123        B           201             3             201           204             0   95
123   124        B           204             1             204           205             0   95
124   125        B           207             3             207           210             0   95
125   126        C           209             7             209           216             0   90
126   127        B           212             1             212           213             0   95
127   128        C           214             5             214           219             0  Gas
128   129        B           214             3             216           219             2   90
129   130        C           215             5             219           224             4   90
130   131        A           216             2             216           218             0   95
131   132        C           218             5             219           224             1  Gas
132   133        B           221             3             224           227             3   90
133   134        B           222             1             227           228             5   90
134   135        C           225             7             225           232             0  Gas
135   136        C           225             7             232           239             7  Gas
136   137        B           225             3             225           228             0   95
137   138        A           225             3             228           231             3   95
138   139        B           227             2             231           233             4   95
139   140        C           228             7             239           246            11  Gas
140   141        C           231             5             231           236             0   90
141   142        C           232             5             246           251            14  Gas
142   143        A           232             1             233           234             1   95
143   144        B           235             3             236           239             1   90
144   145        B           237             1             239           240             2   90
145   146        B           238             3             238           241             0   95
146   147        C           239             5             251           256            12  Gas
147   148        B           239             3             241           244             2   95
148   149        C           242             7             256           263            14  Gas
149   150        A           242             2             244           246             2   95
150   151        A           245             3             246           249             1   95
151   152        C           245             7             263           270            18  Gas
152   153        C           245             3             270           273            25  Gas
153   154        C           245             5             245           250             0   90
154   155        B           247             2             250           252             3   90
155   156        C           249             7             273           280            24  Gas
156   157        C           250             3             252           255             2   90
157   158        C           251             7             280           287            29  Gas
158   159        C           254             5             255           260             1   90
159   160        A           255             3             255           258             0   95
160   161        C           257             5             260           265             3   90
161   162        C           257             5             265           270             8   90
162   163        B           260             1             260           261             0   95
163   164        B           262             2             270           272             8   90
164   165        B           265             2             265           267             0   95
165   166        C           266             5             272           277             6   90
166   167        B           267             3             267           270             0   95
167   168        C           270             7             287           294            17  Gas
168   169        C           273             5             294           299            21  Gas
169   170        A           275             3             275           278             0   95
170   171        C           278             7             299           306            21  Gas
171   172        B           278             2             278           280             0   95
172   173        C           281             7             306           313            25  Gas
173   174        A           281             2             281           283             0   95
174   175        A           284             3             284           287             0   95
175   176        C           284             5             284           289             0   90
176   177        A           287             3             287           290             0   95
177   178        B           290             3             290           293             0   95
178   179        C           293             5             293           298             0   90
179   180        C           296             3             298           301             2   90
180   181        C           298             7             301           308             3   90
181   182        B           301             1             301           302             0   95
182   183        C           303             7             313           320            10  Gas
183   184        B           303             3             303           306             0   95
184   185        C           304             5             308           313             4   90
185   186        B           305             1             306           307             1   95
186   187        C           306             7             320           327            14  Gas
187   188        C           308             5             327           332            19  Gas
188   189        C           311             5             313           318             2   90
189   190        C           313             7             332           339            19  Gas
190   191        C           315             3             339           342            24  Gas
191   192        C           318             5             342           347            24  Gas
192   193        A           319             2             319           321             0   95
193   194        A           320             3             321           324             1   95
194   195        C           322             3             347           350            25  Gas
195   196        A           322             2             324           326             2   95
196   197        C           325             5             350           355            25  Gas
197   198        C           327             7             355           362            28  Gas
198   199        B           330             1             330           331             0   90
199   200        C           333             5             362           367            29  Gas
200   201        B           336             2             336           338             0   95
201   202        B           336             3             338           341             2   95
202   203        C           338             5             338           343             0   90
203   204        C           340             3             367           370            27  Gas
204   205        B           341             3             341           344             0   95
205   206        B           344             2             344           346             0   95
206   207        C           347             3             370           373            23  Gas
207   208        A           348             2             348           350             0   95
208   209        C           351             5             351           356             0   90
209   210        C           354             7             373           380            19  Gas
210   211        B           357             3             357           360             0   95
211   212        C           358             7             380           387            22  Gas
212   213        C           360             5             387           392            27  Gas
213   214        B           363             3             363           366             0   95
214   215        B           364             2             366           368             2   95
215   216        C           367             7             367           374             0   90
216   217        C           370             5             374           379             4   90
217   218        C           372             5             392           397            20  Gas
218   219        B           375             3             375           378             0   95
219   220        B           377             3             379           382             2   90
220   221        C           380             7             382           389             2   90
221   222        C           381             5             397           402            16  Gas
222   223        B           381             3             381           384             0   95
223   224        C           383             3             402           405            19  Gas
224   225        C           385             5             389           394             4   90
225   226        A           385             1             385           386             0   95
226   227        B           386             3             394           397             8   90
227   228        C           387             7             405           412            18  Gas
228   229        A           390             2             390           392             0   95
229   230        C           393             5             397           402             4   90
230   231        C           396             3             412           415            16  Gas
231   232        A           399             3             399           402             0   95
232   233        C           399             5             415           420            16  Gas
233   234        B           402             1             402           403             0   90
234   235        C           404             5             420           425            16  Gas
235   236        A           404             2             404           406             0   95
236   237        C           405             7             405           412             0   90
237   238        C           407             5             425           430            18  Gas
238   239        B           409             3             409           412             0   95
239   240        B           411             3             412           415             1   90
240   241        A           414             1             414           415             0   95
241   242        C           414             5             430           435            16  Gas
242   243        C           416             7             435           442            19  Gas
243   244        B           417             2             417           419             0   90
244   245        C           419             5             442           447            23  Gas
245   246        A           421             2             421           423             0   95
246   247        B           421             3             421           424             0   90
247   248        C           422             5             424           429             2   90
248   249        B           425             2             429           431             4   90
249   250        C           427             7             431           438             4   90
250   251        B           430             3             430           433             0   95
251   252        B           430             1             438           439             8   90
252   253        A           432             2             433           435             1   95
253   254        C           434             5             447           452            13  Gas
254   255        B           437             2             437           439             0   95
255   256        B           440             3             440           443             0   95
256   257        B           441             2             443           445             2   95
257   258        C           444             5             452           457             8  Gas
258   259        B           445             2             445           447             0   90
259   260        C           445             5             447           452             2   90
260   261        C           446             7             452           459             6   90
261   262        B           449             2             449           451             0   95
262   263        C           450             5             457           462             7  Gas
263   264        A           450             3             451           454             1   95
264   265        C           450             7             459           466             9   90
265   266        C           451             7             462           469            11  Gas
266   267        C           454             3             466           469            12   90
267   268        A           455             2             455           457             0   95
268   269        B           455             2             457           459             2   95
269   270        B           457             2             459           461             2   95
270   271        B           459             2             469           471            10   90
271   272        C           459             3             471           474            12   90
272   273        C           462             7             469           476             7  Gas
273   274        A           465             2             465           467             0   95
274   275        C           467             5             476           481             9  Gas
275   276        B           468             2             474           476             6   90
276   277        C           471             5             481           486            10  Gas
277   278        B           474             3             476           479             2   90
278   279        C           476             3             486           489            10  Gas
279   280        C           477             3             489           492            12  Gas
280   281        C           477             7             492           499            15  Gas
281   282        B           478             3             478           481             0   95
282   283        A           481             1             481           482             0   95
283   284        C           481             7             499           506            18  Gas
284   285        C           481             5             506           511            25  Gas
285   286        B           482             3             482           485             0   95
286   287        B           484             2             484           486             0   90
287   288        C           485             5             511           516            26  Gas
288   289        C           485             3             516           519            31  Gas
289   290        C           488             7             519           526            31  Gas
290   291        C           488             5             488           493             0   90
291   292        C           490             7             526           533            36  Gas
292   293        C           493             5             533           538            40  Gas
293   294        A           496             2             496           498             0   95
294   295        B           497             1             498           499             1   95
295   296        B           500             3             500           503             0   90
296   297        B           503             1             503           504             0   90
297   298        C           506             3             538           541            32  Gas
298   299        B           506             1             506           507             0   90
299   300        C           509             3             541           544            32  Gas
300   301        A           511             3             511           514             0   95
301   302        C           514             3             544           547            30  Gas
302   303        B           517             3             517           520             0   95
303   304        C           519             3             547           550            28  Gas
304   305        B           520             1             520           521             0   95
305   306        C           523             5             523           528             0   90
306   307        C           526             7             550           557            24  Gas
307   308        C           529             7             557           564            28  Gas
308   309        C           530             7             564           571            34  Gas
309   310        B           533             2             533           535             0   95
310   311        A           536             3             536           539             0   95
311   312        B           538             2             539           541             1   95
312   313        C           541             5             571           576            30  Gas
313   314        A           544             3             544           547             0   95
314   315        B           547             2             547           549             0   95
315   316        B           547             2             549           551             2   95
316   317        B           548             1             551           552             3   95
317   318        B           551             3             552           555             1   95
318   319        B           554             2             555           557             1   95
319   320        A           556             2             557           559             1   95
320   321        A           559             1             559           560             0   95
321   322        B           559             2             560           562             1   95
322   323        B           562             2             562           564             0   95
323   324        C           563             5             576           581            13  Gas
324   325        C           566             5             566           571             0   90
325   326        C           568             5             581           586            13  Gas
326   327        A           568             2             568           570             0   95
327   328        B           570             1             571           572             1   90
328   329        C           572             5             586           591            14  Gas
329   330        B           572             2             572           574             0   90
330   331        A           575             1             575           576             0   95
331   332        C           575             3             591           594            16  Gas
332   333        B           578             3             578           581             0   90
333   334        C           580             7             594           601            14  Gas
334   335        A           582             2             582           584             0   95
335   336        B           582             1             582           583             0   90
336   337        C           585             5             601           606            16  Gas
337   338        B           587             3             587           590             0   95
338   339        C           587             5             606           611            19  Gas
339   340        B           590             1             590           591             0   95
340   341        A           593             3             593           596             0   95
341   342        B           596             2             596           598             0   90
342   343        B           599             3             599           602             0   95
343   344        B           602             2             602           604             0   90
344   345        C           603             5             604           609             1   90
345   346        B           604             1             604           605             0   95
346   347        A           606             2             606           608             0   95
347   348        A           607             3             608           611             1   95
348   349        B           610             3             610           613             0   90
349   350        A           613             2             613           615             0   95
350   351        A           613             3             615           618             2   95
351   352        B           616             2             618           620             2   95
352   353        C           617             5             617           622             0  Gas
353   354        C           619             3             619           622             0   90
354   355        A           619             1             620           621             1   95
355   356        A           620             2             621           623             1   95
356   357        B           622             2             622           624             0   90
357   358        B           625             1             625           626             0   95
358   359        B           627             1             627           628             0   95
359   360        B           627             3             627           630             0   90
360   361        B           630             2             630           632             0   90
361   362        B           632             3             632           635             0   90
362   363        C           634             5             635           640             1   90
363   364        C           637             7             640           647             3   90
364   365        B           638             3             638           641             0   95
365   366        A           640             3             641           644             1   95
366   367        C           643             5             647           652             4   90
367   368        B           646             3             652           655             6   90
368   369        C           649             3             655           658             6   90
369   370        C           652             7             658           665             6   90
370   371        B           655             1             655           656             0   95
371   372        B           658             2             665           667             7   90
372   373        C           661             7             667           674             6   90
373   374        B           662             1             674           675            12   90
374   375        A           665             3             665           668             0   95
375   376        C           665             5             675           680            10   90
376   377        B           665             1             668           669             3   95
377   378        B           665             2             669           671             4   95
378   379        A           668             1             671           672             3   95
379   380        C           671             5             680           685             9   90
380   381        C           673             7             673           680             0  Gas
381   382        B           676             2             676           678             0   95
382   383        C           679             3             680           683             1  Gas
383   384        B           679             3             679           682             0   95
384   385        B           681             3             685           688             4   90
385   386        A           683             3             683           686             0   95
386   387        B           685             3             686           689             1   95
387   388        A           687             3             689           692             2   95
388   389        B           690             3             690           693             0   90
389   390        B           691             3             692           695             1   95
390   391        C           694             7             694           701             0   90
391   392        B           697             2             701           703             4   90
392   393        C           700             7             703           710             3   90
393   394        B           700             1             710           711            10   90
394   395        B           702             3             702           705             0   95
395   396        C           704             3             711           714             7   90
396   397        C           705             7             705           712             0  Gas
397   398        C           706             5             712           717             6  Gas
398   399        C           708             3             717           720             9  Gas
399   400        C           711             3             714           717             3   90
400   401        C           712             3             720           723             8  Gas
401   402        A           712             3             712           715             0   95
402   403        B           714             3             717           720             3   90
403   404        B           715             2             720           722             5   90
404   405        C           715             7             723           730             8  Gas
405   406        B           718             3             718           721             0   95
406   407        A           721             3             721           724             0   95
407   408        B           721             3             724           727             3   95
408   409        C           721             5             722           727             1   90
409   410        C           722             5             727           732             5   90
410   411        B           723             3             732           735             9   90
411   412        C           726             5             735           740             9   90
412   413        B           728             3             728           731             0   95
413   414        C           731             7             731           738             0  Gas
414   415        C           733             5             738           743             5  Gas
415   416        A           735             3             735           738             0   95
416   417        C           737             5             740           745             3   90
417   418        C           740             5             743           748             3  Gas
418   419        B           740             2             740           742             0   95
419   420        B           742             2             745           747             3   90
420   421        C           745             5             748           753             3  Gas
421   422        C           748             7             753           760             5  Gas
422   423        B           750             3             750           753             0   95
423   424        C           752             5             760           765             8  Gas
424   425        C           754             5             765           770            11  Gas
425   426        C           754             7             754           761             0   90
426   427        C           755             5             761           766             6   90
427   428        A           756             2             756           758             0   95
428   429        C           756             5             766           771            10   90
429   430        B           757             3             758           761             1   95
430   431        B           760             1             761           762             1   95
431   432        C           761             7             771           778            10   90
432   433        A           762             2             762           764             0   95
433   434        B           765             3             765           768             0   95
434   435        B           768             3             778           781            10   90
435   436        B           770             1             770           771             0   95
436   437        B           773             3             781           784             8   90
437   438        C           774             5             784           789            10   90
438   439        C           774             7             774           781             0  Gas
439   440        A           777             2             777           779             0   95
440   441        B           777             3             789           792            12   90
441   442        B           777             3             792           795            15   90
442   443        C           780             7             781           788             1  Gas
443   444        C           783             7             795           802            12   90
444   445        C           785             3             788           791             3  Gas
445   446        C           788             5             802           807            14   90
446   447        C           790             7             807           814            17   90
447   448        C           793             5             793           798             0  Gas
448   449        A           796             3             796           799             0   95
449   450        A           797             2             799           801             2   95
450   451        B           800             3             801           804             1   95
451   452        C           802             3             802           805             0  Gas
452   453        A           804             3             804           807             0   95
453   454        B           804             3             814           817            10   90
454   455        C           806             7             817           824            11   90
455   456        C           806             5             806           811             0  Gas
456   457        C           808             5             811           816             3  Gas
457   458        A           809             1             809           810             0   95
458   459        C           812             3             824           827            12   90
459   460        C           812             7             827           834            15   90
460   461        B           815             2             815           817             0   95
461   462        B           817             2             834           836            17   90
462   463        C           818             3             836           839            18   90
463   464        C           820             7             820           827             0  Gas
464   465        A           823             3             823           826             0   95
465   466        A           824             1             826           827             2   95
466   467        C           826             7             827           834             1  Gas
467   468        A           827             3             827           830             0   95
468   469        A           829             3             830           833             1   95
469   470        C           830             7             834           841             4  Gas
470   471        C           833             5             841           846             8  Gas
471   472        C           835             5             839           844             4   90
472   473        B           835             1             844           845             9   90
473   474        B           838             2             845           847             7   90
474   475        B           841             3             841           844             0   95
475   476        C           843             3             846           849             3  Gas
476   477        A           844             3             844           847             0   95
477   478        C           847             7             847           854             0   90
478   479        C           848             3             854           857             6   90
479   480        B           851             3             857           860             6   90
480   481        C           853             3             853           856             0  Gas
481   482        C           854             5             860           865             6   90
482   483        C           854             5             865           870            11   90
483   484        B           856             2             856           858             0   95
484   485        C           857             7             857           864             0  Gas
485   486        A           858             3             858           861             0   95
486   487        B           860             3             870           873            10   90
487   488        B           860             3             873           876            13   90
488   489        C           863             3             864           867             1  Gas
489   490        B           866             3             866           869             0   95
490   491        B           869             1             876           877             7   90
491   492        C           869             5             877           882             8   90
492   493        B           871             1             871           872             0   95
493   494        C           874             3             882           885             8   90
494   495        B           877             2             885           887             8   90
495   496        C           880             5             880           885             0  Gas
496   497        C           882             3             885           888             3  Gas
497   498        C           885             5             888           893             3  Gas
498   499        C           888             5             893           898             5  Gas
499   500        B           890             3             890           893             0   90
500   501        C           892             5             898           903             6  Gas
501   502        B           894             2             894           896             0   90
502   503        B           894             3             894           897             0   95
503   504        B           896             2             896           898             0   90
504   505        A           897             3             897           900             0   95
505   506        B           900             3             900           903             0   95
506   507        B           902             2             902           904             0   90
507   508        B           902             3             903           906             1   95
508   509        C           903             3             904           907             1   90
509   510        B           905             2             906           908             1   95
510   511        C           906             7             907           914             1   90
511   512        B           909             1             909           910             0   95
512   513        A           911             1             911           912             0   95
513   514        B           914             3             914           917             0   95
514   515        A           917             1             917           918             0   95
515   516        B           919             1             919           920             0   95
516   517        B           919             1             919           920             0   90
517   518        C           920             3             920           923             0  Gas
518   519        B           923             3             923           926             0   95
519   520        B           924             3             926           929             2   95
520   521        A           927             2             929           931             2   95
521   522        B           930             1             931           932             1   95
522   523        B           931             3             932           935             1   95
523   524        C           932             7             932           939             0   90
524   525        C           934             7             934           941             0  Gas
525   526        C           934             5             941           946             7  Gas
526   527        C           935             7             939           946             4   90
527   528        C           936             7             946           953            10   90
528   529        A           938             2             938           940             0   95
529   530        C           939             5             946           951             7  Gas
530   531        C           940             3             951           954            11  Gas
531   532        A           940             3             940           943             0   95
532   533        C           943             7             953           960            10   90
533   534        C           944             7             954           961            10  Gas
534   535        C           945             3             960           963            15   90
535   536        C           945             5             961           966            16  Gas
536   537        A           946             1             946           947             0   95
537   538        A           947             3             947           950             0   95
538   539        A           949             1             950           951             1   95
539   540        C           952             7             966           973            14  Gas
540   541        A           955             3             955           958             0   95
541   542        C           958             5             963           968             5   90
542   543        A           959             3             959           962             0   95
543   544        A           959             3             962           965             3   95
544   545        A           961             3             965           968             4   95
545   546        C           962             3             973           976            11  Gas
546   547        C           965             5             976           981            11  Gas
547   548        C           966             7             981           988            15  Gas
548   549        B           967             2             968           970             1   90
549   550        C           970             5             970           975             0   90
550   551        C           973             3             975           978             2   90
551   552        C           974             7             988           995            14  Gas
552   553        B           974             2             974           976             0   95
553   554        C           977             5             978           983             1   90
554   555        C           980             3             995           998            15  Gas
555   556        B           982             2             982           984             0   95
556   557        A           984             3             984           987             0   95
557   558        B           987             1             987           988             0   90
558   559        C           989             3             989           992             0   90
559   560        B           992             1             992           993             0   95
560   561        B           995             2             995           997             0   95
561   562        B           998             3             998          1001             0   90
562   563        B           999             1             999          1000             0   95
563   564        B          1000             1            1000          1001             0   95
564   565        A          1003             3            1003          1006             0   95
565   566        B          1003             1            1003          1004             0   90
566   567        C          1005             5            1005          1010             0   90
567   568        B          1008             3            1008          1011             0   95
568   569        B          1009             3            1010          1013             1   90
569   570        C          1010             3            1010          1013             0  Gas
570   571        C          1010             5            1013          1018             3   90
571   572        A          1012             3            1012          1015             0   95
572   573        C          1014             7            1018          1025             4   90
573   574        A          1014             1            1015          1016             1   95
574   575        C          1017             3            1017          1020             0  Gas
575   576        A          1018             1            1018          1019             0   95
576   577        C          1020             7            1020          1027             0  Gas
577   578        C          1023             5            1027          1032             4  Gas
578   579        A          1024             2            1024          1026             0   95
579   580        C          1026             5            1032          1037             6  Gas
580   581        B          1028             1            1028          1029             0   95
581   582        A          1030             1            1030          1031             0   95
582   583        C          1033             5            1037          1042             4  Gas
583   584        C          1035             3            1042          1045             7  Gas
584   585        C          1038             5            1045          1050             7  Gas
585   586        A          1040             3            1040          1043             0   95
586   587        C          1042             7            1042          1049             0   90
587   588        C          1044             5            1050          1055             6  Gas
588   589        C          1044             7            1049          1056             5   90
589   590        B          1046             2            1046          1048             0   95
590   591        B          1047             3            1056          1059             9   90
591   592        C          1050             5            1055          1060             5  Gas
592   593        B          1052             3            1059          1062             7   90
593   594        B          1055             3            1055          1058             0   95
594   595        C          1058             7            1060          1067             2  Gas
595   596        C          1059             7            1062          1069             3   90
596   597        A          1062             1            1062          1063             0   95
597   598        B          1065             3            1065          1068             0   95
598   599        C          1065             5            1067          1072             2  Gas
599   600        C          1066             5            1069          1074             3   90
600   601        C          1067             5            1072          1077             5  Gas
601   602        B          1069             3            1069          1072             0   95
602   603        C          1071             3            1077          1080             6  Gas
603   604        B          1071             2            1072          1074             1   95
604   605        B          1071             1            1074          1075             3   90
605   606        C          1073             7            1080          1087             7  Gas
606   607        C          1074             5            1087          1092            13  Gas
607   608        C          1075             7            1092          1099            17  Gas
608   609        C          1076             5            1099          1104            23  Gas
609   610        A          1077             1            1077          1078             0   95
610   611        B          1078             1            1078          1079             0   95
611   612        C          1078             7            1104          1111            26  Gas
612   613        B          1080             3            1080          1083             0   90
613   614        C          1083             5            1083          1088             0   90
614   615        B          1085             3            1085          1088             0   95
615   616        C          1087             7            1111          1118            24  Gas
616   617        B          1087             3            1088          1091             1   90
617   618        A          1090             2            1090          1092             0   95
618   619        C          1093             5            1093          1098             0   90
619   620        C          1096             5            1118          1123            22  Gas
620   621        C          1096             5            1123          1128            27  Gas
621   622        C          1099             7            1099          1106             0   90
622   623        C          1100             7            1106          1113             6   90
623   624        C          1102             3            1113          1116            11   90
624   625        A          1105             3            1105          1108             0   95
625   626        B          1108             3            1116          1119             8   90
626   627        B          1111             1            1119          1120             8   90
627   628        C          1111             5            1128          1133            17  Gas
628   629        B          1113             1            1113          1114             0   95
629   630        B          1113             3            1114          1117             1   95
630   631        C          1116             5            1133          1138            17  Gas
631   632        B          1119             3            1120          1123             1   90
632   633        A          1121             2            1121          1123             0   95
633   634        B          1123             1            1123          1124             0   95
634   635        B          1126             2            1126          1128             0   90
635   636        B          1127             3            1128          1131             1   90
636   637        C          1130             5            1131          1136             1   90
637   638        C          1132             3            1136          1139             4   90
638   639        B          1134             1            1134          1135             0   95
639   640        B          1134             2            1135          1137             1   95
640   641        C          1135             5            1139          1144             4   90
641   642        B          1136             3            1137          1140             1   95
642   643        C          1138             5            1138          1143             0  Gas
643   644        B          1141             2            1144          1146             3   90
644   645        C          1143             5            1143          1148             0  Gas
645   646        A          1145             2            1145          1147             0   95
646   647        C          1145             3            1148          1151             3  Gas
647   648        B          1145             2            1147          1149             2   95
648   649        C          1147             7            1151          1158             4  Gas
649   650        B          1149             3            1149          1152             0   95
650   651        C          1152             5            1152          1157             0   90
651   652        C          1155             3            1158          1161             3  Gas
652   653        C          1156             5            1157          1162             1   90
653   654        C          1157             3            1161          1164             4  Gas
654   655        C          1159             3            1162          1165             3   90
655   656        C          1162             5            1165          1170             3   90
656   657        C          1165             5            1165          1170             0  Gas
657   658        C          1168             3            1170          1173             2  Gas
658   659        B          1168             2            1168          1170             0   95
659   660        C          1171             5            1171          1176             0   90
660   661        C          1172             3            1176          1179             4   90
661   662        B          1173             2            1173          1175             0   95
662   663        A          1174             2            1175          1177             1   95
663   664        C          1177             5            1179          1184             2   90
664   665        C          1180             7            1180          1187             0  Gas
665   666        A          1183             3            1183          1186             0   95
666   667        C          1184             5            1187          1192             3  Gas
667   668        A          1186             3            1186          1189             0   95
668   669        A          1187             1            1189          1190             2   95
669   670        C          1188             5            1192          1197             4  Gas
670   671        B          1189             3            1189          1192             0   90
671   672        A          1191             2            1191          1193             0   95
672   673        C          1193             5            1197          1202             4  Gas
673   674        A          1196             3            1196          1199             0   95
674   675        A          1196             3            1199          1202             3   95
675   676        C          1199             5            1202          1207             3  Gas
676   677        B          1202             3            1202          1205             0   90
677   678        C          1205             3            1207          1210             2  Gas
678   679        C          1205             5            1210          1215             5  Gas
679   680        A          1208             1            1208          1209             0   95
680   681        B          1211             2            1211          1213             0   90
681   682        B          1214             3            1214          1217             0   95
682   683        B          1217             3            1217          1220             0   95
683   684        C          1219             3            1219          1222             0   90
684   685        C          1221             7            1221          1228             0  Gas
685   686        B          1224             3            1224          1227             0   95
686   687        C          1227             5            1228          1233             1  Gas
687   688        C          1227             5            1233          1238             6  Gas
688   689        A          1229             2            1229          1231             0   95
689   690        B          1230             3            1230          1233             0   90
690   691        B          1231             3            1231          1234             0   95
691   692        C          1234             7            1234          1241             0   90
692   693        B          1234             3            1241          1244             7   90
693   694        C          1236             3            1238          1241             2  Gas
694   695        B          1239             2            1239          1241             0   95
695   696        C          1242             5            1244          1249             2   90
696   697        B          1242             2            1249          1251             7   90
697   698        B          1244             2            1251          1253             7   90
698   699        B          1247             3            1247          1250             0   95
699   700        C          1250             5            1250          1255             0  Gas
700   701        C          1251             3            1253          1256             2   90
701   702        B          1254             3            1254          1257             0   95
702   703        B          1255             2            1256          1258             1   90
703   704        C          1257             7            1257          1264             0  Gas
704   705        B          1260             1            1260          1261             0   95
705   706        B          1262             3            1262          1265             0   90
706   707        C          1262             7            1264          1271             2  Gas
707   708        C          1263             3            1271          1274             8  Gas
708   709        A          1264             3            1264          1267             0   95
709   710        C          1266             5            1274          1279             8  Gas
710   711        B          1269             2            1269          1271             0   95
711   712        B          1269             3            1269          1272             0   90
712   713        B          1271             3            1271          1274             0   95
713   714        B          1273             3            1274          1277             1   95
714   715        C          1276             7            1279          1286             3  Gas
715   716        A          1278             3            1278          1281             0   95
716   717        B          1281             3            1281          1284             0   90
717   718        C          1281             5            1284          1289             3   90
718   719        C          1283             5            1286          1291             3  Gas
719   720        A          1284             1            1284          1285             0   95
720   721        C          1285             5            1291          1296             6  Gas
721   722        A          1287             3            1287          1290             0   95
722   723        B          1290             3            1290          1293             0   95
723   724        B          1291             2            1291          1293             0   90
724   725        C          1293             5            1296          1301             3  Gas
725   726        C          1295             3            1301          1304             6  Gas
726   727        C          1298             5            1304          1309             6  Gas
727   728        A          1299             1            1299          1300             0   95
728   729        C          1302             7            1309          1316             7  Gas
729   730        C          1305             3            1305          1308             0   90
730   731        B          1305             2            1308          1310             3   90
731   732        C          1308             5            1310          1315             2   90
732   733        B          1310             2            1310          1312             0   95
733   734        C          1313             7            1315          1322             2   90
734   735        A          1316             2            1316          1318             0   95
735   736        B          1319             3            1322          1325             3   90
736   737        B          1319             2            1319          1321             0   95
737   738        C          1320             5            1325          1330             5   90
738   739        B          1323             2            1323          1325             0   95
739   740        C          1323             5            1323          1328             0  Gas
740   741        C          1325             5            1328          1333             3  Gas
741   742        A          1326             3            1326          1329             0   95
742   743        B          1329             2            1330          1332             1   90
743   744        B          1332             3            1332          1335             0   90
744   745        B          1334             3            1335          1338             1   90
745   746        B          1337             2            1337          1339             0   95
746   747        C          1338             5            1338          1343             0   90
747   748        C          1339             5            1339          1344             0  Gas
748   749        A          1341             1            1341          1342             0   95
749   750        B          1343             2            1343          1345             0   90
750   751        A          1344             3            1344          1347             0   95
751   752        C          1344             5            1344          1349             0  Gas
752   753        C          1347             7            1347          1354             0   90
753   754        C          1347             5            1349          1354             2  Gas
754   755        C          1348             5            1354          1359             6  Gas
755   756        C          1348             5            1359          1364            11  Gas
756   757        B          1348             2            1348          1350             0   95
757   758        C          1349             3            1364          1367            15  Gas
758   759        A          1350             2            1350          1352             0   95
759   760        B          1352             3            1352          1355             0   95
760   761        C          1355             5            1367          1372            12  Gas
761   762        B          1358             1            1358          1359             0   95
762   763        B          1360             3            1360          1363             0   90
763   764        B          1362             2            1363          1365             1   90
764   765        A          1365             3            1365          1368             0   95
765   766        A          1366             3            1368          1371             2   95
766   767        B          1369             3            1371          1374             2   95
767   768        C          1369             5            1372          1377             3  Gas
768   769        C          1370             5            1377          1382             7  Gas
769   770        C          1370             5            1370          1375             0   90
770   771        A          1372             3            1374          1377             2   95
771   772        B          1374             3            1377          1380             3   95
772   773        B          1375             3            1375          1378             0   90
773   774        A          1378             3            1380          1383             2   95
774   775        C          1379             5            1382          1387             3  Gas
775   776        C          1381             3            1381          1384             0   90
776   777        B          1384             1            1384          1385             0   90
777   778        A          1387             3            1387          1390             0   95
778   779        C          1390             7            1390          1397             0  Gas
779   780        B          1393             3            1393          1396             0   90
780   781        C          1393             7            1396          1403             3   90
781   782        C          1396             5            1397          1402             1  Gas
782   783        C          1397             5            1402          1407             5  Gas
783   784        B          1397             3            1397          1400             0   95
784   785        C          1398             5            1407          1412             9  Gas
785   786        B          1401             3            1403          1406             2   90
786   787        C          1403             3            1412          1415             9  Gas
787   788        C          1405             7            1406          1413             1   90
788   789        B          1407             1            1407          1408             0   95
789   790        C          1409             5            1415          1420             6  Gas
790   791        C          1410             7            1420          1427            10  Gas
791   792        A          1411             1            1411          1412             0   95
792   793        A          1413             1            1413          1414             0   95
793   794        B          1416             3            1416          1419             0   95
794   795        A          1416             2            1419          1421             3   95
795   796        B          1418             3            1418          1421             0   90
796   797        B          1420             2            1421          1423             1   90
797   798        C          1423             5            1427          1432             4  Gas
798   799        A          1426             3            1426          1429             0   95
799   800        C          1428             3            1428          1431             0   90
800   801        C          1431             5            1432          1437             1  Gas
801   802        A          1431             2            1431          1433             0   95
802   803        C          1434             5            1437          1442             3  Gas
803   804        C          1435             5            1435          1440             0   90
804   805        C          1437             5            1442          1447             5  Gas
805   806        C          1438             3            1440          1443             2   90
806   807        C          1441             5            1443          1448             2   90
807   808        B          1441             3            1441          1444             0   95
808   809        C          1442             7            1447          1454             5  Gas
809   810        B          1443             3            1448          1451             5   90
810   811        B          1446             2            1451          1453             5   90
811   812        B          1446             2            1453          1455             7   90
812   813        C          1447             7            1455          1462             8   90
813   814        A          1448             3            1448          1451             0   95
814   815        C          1448             5            1462          1467            14   90
815   816        C          1448             3            1454          1457             6  Gas
816   817        C          1451             3            1467          1470            16   90
817   818        B          1453             2            1470          1472            17   90
818   819        A          1454             3            1454          1457             0   95
819   820        B          1456             3            1457          1460             1   95
820   821        B          1456             2            1460          1462             4   95
821   822        C          1456             7            1472          1479            16   90
822   823        C          1457             7            1457          1464             0  Gas
823   824        B          1459             1            1479          1480            20   90
824   825        C          1462             3            1480          1483            18   90
825   826        B          1465             2            1465          1467             0   95
826   827        A          1466             3            1467          1470             1   95
827   828        A          1469             1            1470          1471             1   95
828   829        C          1472             3            1472          1475             0  Gas
829   830        C          1472             5            1475          1480             3  Gas
830   831        C          1475             7            1483          1490             8   90
831   832        B          1476             2            1490          1492            14   90
832   833        C          1476             7            1480          1487             4  Gas
833   834        C          1478             7            1487          1494             9  Gas
834   835        B          1480             2            1480          1482             0   95
835   836        B          1482             3            1492          1495            10   90
836   837        C          1485             5            1494          1499             9  Gas
837   838        C          1486             5            1495          1500             9   90
838   839        A          1486             2            1486          1488             0   95
839   840        C          1489             5            1500          1505            11   90
840   841        C          1492             7            1505          1512            13   90
841   842        B          1495             3            1512          1515            17   90
842   843        C          1496             7            1499          1506             3  Gas
843   844        C          1499             5            1506          1511             7  Gas
844   845        A          1502             2            1502          1504             0   95
845   846        B          1505             2            1515          1517            10   90
846   847        C          1506             3            1517          1520            11   90
847   848        C          1509             7            1520          1527            11   90
848   849        B          1512             1            1527          1528            15   90
849   850        C          1514             5            1514          1519             0  Gas
850   851        C          1517             5            1519          1524             2  Gas
851   852        C          1517             7            1524          1531             7  Gas
852   853        B          1519             3            1519          1522             0   95
853   854        C          1522             5            1531          1536             9  Gas
854   855        A          1523             3            1523          1526             0   95
855   856        C          1523             3            1528          1531             5   90
856   857        C          1525             3            1536          1539            11  Gas
857   858        A          1527             3            1527          1530             0   95
858   859        B          1527             3            1530          1533             3   95
859   860        A          1530             1            1533          1534             3   95
860   861        C          1530             3            1539          1542             9  Gas
861   862        C          1530             7            1542          1549            12  Gas
862   863        B          1533             2            1534          1536             1   95
863   864        A          1533             1            1536          1537             3   95
864   865        B          1535             2            1537          1539             2   95
865   866        C          1536             5            1536          1541             0   90
866   867        A          1539             1            1539          1540             0   95
867   868        C          1540             5            1541          1546             1   90
868   869        B          1540             2            1546          1548             6   90
869   870        B          1541             1            1541          1542             0   95
870   871        A          1544             3            1544          1547             0   95
871   872        A          1545             3            1547          1550             2   95
872   873        B          1548             2            1548          1550             0   90
873   874        B          1551             1            1551          1552             0   95
874   875        B          1552             2            1552          1554             0   90
875   876        C          1555             5            1555          1560             0  Gas
876   877        C          1555             5            1560          1565             5  Gas
877   878        B          1555             3            1555          1558             0   95
878   879        A          1558             1            1558          1559             0   95
879   880        A          1559             3            1559          1562             0   95
880   881        B          1562             1            1562          1563             0   95
881   882        C          1563             7            1563          1570             0   90
882   883        A          1565             3            1565          1568             0   95
883   884        A          1568             3            1568          1571             0   95
884   885        C          1571             3            1571          1574             0  Gas
885   886        C          1572             5            1574          1579             2  Gas
886   887        C          1575             5            1575          1580             0   90
887   888        C          1577             5            1580          1585             3   90
888   889        C          1580             5            1585          1590             5   90
889   890        C          1581             3            1590          1593             9   90
890   891        C          1584             7            1584          1591             0  Gas
891   892        B          1587             2            1593          1595             6   90
892   893        C          1590             5            1591          1596             1  Gas
893   894        B          1592             3            1592          1595             0   95
894   895        A          1593             1            1595          1596             2   95
895   896        B          1596             2            1596          1598             0   95
896   897        C          1598             7            1598          1605             0  Gas
897   898        C          1600             7            1605          1612             5  Gas
898   899        B          1601             1            1601          1602             0   90
899   900        C          1604             3            1612          1615             8  Gas
900   901        B          1607             3            1607          1610             0   95
901   902        C          1608             5            1615          1620             7  Gas
902   903        A          1611             3            1611          1614             0   95
903   904        B          1614             2            1614          1616             0   95
904   905        B          1617             3            1617          1620             0   95
905   906        C          1618             5            1620          1625             2  Gas
906   907        B          1619             3            1619          1622             0   90
907   908        A          1621             2            1621          1623             0   95
908   909        C          1624             5            1624          1629             0   90
909   910        C          1626             5            1629          1634             3   90
910   911        B          1629             2            1634          1636             5   90
911   912        A          1631             3            1631          1634             0   95
912   913        C          1632             5            1636          1641             4   90
913   914        A          1632             3            1634          1637             2   95
914   915        B          1633             1            1637          1638             4   95
915   916        C          1636             5            1641          1646             5   90
916   917        C          1638             5            1646          1651             8   90
917   918        B          1638             2            1651          1653            13   90
918   919        B          1641             2            1641          1643             0   95
919   920        B          1642             2            1643          1645             1   95
920   921        B          1645             3            1645          1648             0   95
921   922        B          1648             2            1648          1650             0   95
922   923        A          1649             1            1650          1651             1   95
923   924        C          1652             5            1652          1657             0  Gas
924   925        B          1654             1            1654          1655             0   95
925   926        A          1655             2            1655          1657             0   95
926   927        A          1656             3            1657          1660             1   95
927   928        B          1657             3            1660          1663             3   95
928   929        B          1657             3            1663          1666             6   95
929   930        B          1658             2            1666          1668             8   95
930   931        C          1658             5            1658          1663             0   90
931   932        A          1660             3            1668          1671             8   95
932   933        B          1662             2            1671          1673             9   95
933   934        A          1664             3            1673          1676             9   95
934   935        B          1665             2            1676          1678            11   95
935   936        B          1668             3            1678          1681            10   95
936   937        B          1671             1            1671          1672             0   90
937   938        B          1674             3            1674          1677             0   90
938   939        A          1676             3            1681          1684             5   95
939   940        C          1679             5            1679          1684             0  Gas
940   941        C          1679             5            1679          1684             0   90
941   942        A          1682             1            1684          1685             2   95
942   943        A          1682             2            1685          1687             3   95
943   944        A          1682             2            1687          1689             5   95
944   945        B          1682             3            1689          1692             7   95
945   946        A          1683             3            1692          1695             9   95
946   947        C          1686             5            1686          1691             0  Gas
947   948        B          1686             3            1686          1689             0   90
948   949        B          1687             2            1689          1691             2   90
949   950        B          1688             2            1691          1693             3   90
950   951        C          1691             5            1691          1696             0  Gas
951   952        B          1693             1            1695          1696             2   95
952   953        A          1696             3            1696          1699             0   95
953   954        C          1697             7            1697          1704             0  Gas
954   955        A          1698             3            1699          1702             1   95
955   956        B          1700             2            1700          1702             0   90
956   957        A          1701             1            1702          1703             1   95
957   958        A          1702             1            1703          1704             1   95
958   959        C          1704             3            1704          1707             0   90
959   960        C          1707             7            1707          1714             0  Gas
960   961        C          1708             5            1714          1719             6  Gas
961   962        B          1710             3            1710          1713             0   95
962   963        C          1713             5            1719          1724             6  Gas
963   964        B          1716             1            1716          1717             0   95
964   965        C          1716             7            1724          1731             8  Gas
965   966        A          1719             3            1719          1722             0   95
966   967        C          1722             5            1722          1727             0   90
967   968        B          1723             3            1723          1726             0   95
968   969        A          1726             3            1726          1729             0   95
969   970        B          1729             3            1729          1732             0   95
970   971        B          1732             1            1732          1733             0   95
971   972        B          1735             3            1735          1738             0   90
972   973        C          1738             7            1738          1745             0  Gas
973   974        A          1741             3            1741          1744             0   95
974   975        B          1742             2            1742          1744             0   90
975   976        A          1743             2            1744          1746             1   95
976   977        B          1745             2            1746          1748             1   95
977   978        A          1745             1            1748          1749             3   95
978   979        B          1746             1            1749          1750             3   95
979   980        C          1748             5            1748          1753             0  Gas
980   981        A          1751             3            1751          1754             0   95
981   982        C          1752             5            1752          1757             0   90
982   983        A          1752             3            1754          1757             2   95
983   984        A          1753             1            1757          1758             4   95
984   985        B          1755             1            1758          1759             3   95
985   986        B          1758             2            1758          1760             0   90
986   987        B          1760             3            1760          1763             0   90
987   988        B          1763             2            1763          1765             0   95
988   989        B          1766             3            1766          1769             0   95
989   990        B          1769             3            1769          1772             0   95
990   991        C          1769             5            1769          1774             0  Gas
991   992        C          1770             7            1770          1777             0   90
992   993        C          1771             5            1774          1779             3  Gas
993   994        A          1773             3            1773          1776             0   95
994   995        B          1774             3            1776          1779             2   95
995   996        B          1777             2            1779          1781             2   95
996   997        B          1777             2            1781          1783             4   95
997   998        C          1780             5            1780          1785             0   90
998   999        C          1783             5            1783          1788             0  Gas
999  1000        B          1786             2            1786          1788             0   95