      Car Category  Arrival Time  Service Time  Service Begins  Service Ends  Waiting Time Pump
0       1        C             1             5               1             6             0  Gas
1       2        C             3             5               6            11             3  Gas
2       3        A             4             1               4             5             0   95
3       4        C             5             7              11            18             6  Gas
4       5        A             8             3               8            11             0   95
5       6        B            11             3              11            14             0   90
6       7        C            11             7              18            25             7  Gas
7       8        B            14             2              14            16             0   90
8       9        C            15             7              25            32            10  Gas
9      10        A            17             1              17            18             0   95
10     11        C            18             5              32            37            14  Gas
11     12        B            21             3              21            24             0   90
12     13        B            21             2              24            26             3   90
13     14        A            24             3              24            27             0   95
14     15        C            27             5              27            32             0   90
15     16        A            30             2              30            32             0   95
16     17        B            32             3              32            35             0   90
17     18        C            33             3              35            38             2   90
18     19        B            35             3              35            38             0   95
19     20        B            36             3              38            41             2   90
20     21        B            39             2              39            41             0   95
21     22        A            40             2              41            43             1   95
22     23        B            42             3              43            46             1   95
23     24        B            44             3              44            47             0   90
24     25        B            44             2              47            49             3   90
25     26        C            46             5              49            54             3   90
26     27        C            47             3              47            50             0  Gas
27     28        C            49             5              54            59             5   90
28     29        C            49             7              59            66            10   90
29     30        C            50             5              50            55             0  Gas
30     31        C            52             5              55            60             3  Gas
31     32        C            54             7              66            73            12   90
32     33        C            55             7              60            67             5  Gas
33     34        B            56             3              56            59             0   95
34     35        A            59             1              59            60             0   95
35     36        C            59             5              73            78            14   90
36     37        A            60             3              60            63             0   95
37     38        C            63             5              67            72             4  Gas
38     39        B            63             3              63            66             0   95
39     40        B            63             3              66            69             3   95
40     41        C            66             5              72            77             6  Gas
41     42        B            69             3              78            81             9   90
42     43        C            70             5              77            82             7  Gas
43     44        B            71             3              81            84            10   90
44     45        B            74             3              84            87            10   90
45     46        B            77             3              77            80             0   95
46     47        A            79             2              80            82             1   95
47     48        B            79             1              82            83             3   95
48     49        B            82             2              87            89             5   90
49     50        C            82             7              82            89             0  Gas
50     51        C            82             5              89            94             7   90
51     52        C            84             5              94            99            10   90
52     53        B            86             3              86            89             0   95
53     54        C            89             7              89            96             0  Gas
54     55        C            89             5              96           101             7  Gas
55     56        C            91             7             101           108            10  Gas
56     57        C            94             5             108           113            14  Gas
57     58        C            96             3              99           102             3   90
58     59        C            96             5             113           118            17  Gas
59     60        B            99             2             102           104             3   90
60     61        B           102             2             102           104             0   95
61     62        B           105             2             105           107             0   95
62     63        C           107             5             107           112             0   90
63     64        B           110             1             110           111             0   95
64     65        C           113             3             118           121             5  Gas
65     66        B           114             3             114           117             0   90
66     67        C           116             5             121           126             5  Gas
67     68        C           118             3             126           129             8  Gas
68     69        B           118             2             118           120             0   90
69     70        C           118             5             129           134            11  Gas
70     71        A           121             3             121           124             0   95
71     72        B           122             3             124           127             2   95
72     73        B           123             2             123           125             0   90
73     74        A           126             1             127           128             1   95
74     75        A           127             3             128           131             1   95
75     76        A           128             2             131           133             3   95
76     77        B           130             3             130           133             0   90
77     78        C           131             5             133           138             2   90
78     79        A           131             3             133           136             2   95
79     80        B           134             3             136           139             2   95
80     81        C           134             7             134           141             0  Gas
81     82        C           134             5             138           143             4   90
82     83        A           135             2             139           141             4   95
83     84        C           136             5             141           146             5  Gas
84     85        C           139             5             146           151             7  Gas
85     86        C           142             5             151           156             9  Gas
86     87        B           142             2             142           144             0   95
87     88        C           143             5             143           148             0   90
88     89        C           146             5             148           153             2   90
89     90        C           148             5             153           158             5   90
90     91        C           151             7             156           163             5  Gas
91     92        B           152             2             152           154             0   95
92     93        C           155             7             163           170             8  Gas
93     94        B           158             1             158           159             0   90
94     95        C           158             7             170           177            12  Gas
95     96        B           161             3             161           164             0   95
96     97        C           164             3             177           180            13  Gas
97     98        A           164             3             164           167             0   95
98     99        A           167             2             167           169             0   95
99    100        B           170             2             170           172             0   95
100   101        C           173             7             173           180             0   90
101   102        C           176             3             180           183             4   90
102   103        B           179             3             179           182             0   95
103   104        B           182             3             182           185             0   95
104   105        A           182             2             185           187             3   95
105   106        C           185             5             185           190             0  Gas
106   107        C           187             5             190           195             3  Gas
107   108        C           189             5             195           200             6  Gas
108   109        B           191             2             191           193             0   95
109   110        A           193             2             193           195             0   95
110   111        A           195             3             195           198             0   95
111   112        C           198             5             200           205             2  Gas
112   113        B           200             3             200           203             0   95
113   114        B           203             1             203           204             0   95
114   115        B           205             3             205           208             0   95
115   116        C           208             5             208           213             0  Gas
116   117        C           210             5             210           215             0   90
117   118        A           210             3             210           213             0   95
118   119        C           211             5             213           218             2  Gas
119   120        C           214             7             215           222             1   90
120   121        A           216             1             216           217             0   95
121   122        B           216             3             217           220             1   95
122   123        B           218             3             220           223             2   95
123   124        B           220             3             222           225             2   90
124   125        C           221             7             221           228             0  Gas
125   126        B           224             3             224           227             0   95
126   127        B           227             2             227           229             0   90
127   128        C           228             5             229           234             1   90
128   129        C           229             5             229           234             0  Gas
129   130        C           230             5             234           239             4  Gas
130   131        C           233             5             239           244             6  Gas
131   132        B           235             3             235           238             0   90
132   133        B           236             1             236           237             0   95
133   134        B           238             1             238           239             0   95
134   135        B           240             2             240           242             0   95
135   136        C           240             5             244           249             4  Gas
136   137        B           240             2             240           242             0   90
137   138        C           241             7             249           256             8  Gas
138   139        A           241             3             242           245             1   95
139   140        A           244             3             245           248             1   95
140   141        A           247             3             248           251             1   95
141   142        C           250             7             250           257             0   90
142   143        C           252             5             256           261             4  Gas
143   144        C           255             7             257           264             2   90
144   145        A           258             2             258           260             0   95
145   146        C           259             5             264           269             5   90
146   147        B           260             3             269           272             9   90
147   148        A           262             3             262           265             0   95
148   149        B           265             3             272           275             7   90
149   150        B           267             3             267           270             0   95
150   151        B           270             3             270           273             0   95
151   152        A           272             3             273           276             1   95
152   153        B           273             3             276           279             3   95
153   154        C           275             5             275           280             0   90
154   155        B           278             2             280           282             2   90
155   156        A           281             3             281           284             0   95
156   157        B           284             2             284           286             0   90
157   158        C           285             7             286           293             1   90
158   159        A           288             3             288           291             0   95
159   160        B           289             3             293           296             4   90
160   161        C           292             5             292           297             0  Gas
161   162        B           295             3             295           298             0   95
162   163        C           298             5             298           303             0  Gas
163   164        C           300             5             303           308             3  Gas
164   165        C           303             5             308           313             5  Gas
165   166        B           306             2             306           308             0   90
166   167        C           307             7             313           320             6  Gas
167   168        A           309             3             309           312             0   95
168   169        C           310             3             310           313             0   90
169   170        A           312             3             312           315             0   95
170   171        A           314             3             315           318             1   95
171   172        B           314             2             314           316             0   90
172   173        C           314             5             320           325             6  Gas
173   174        B           315             3             316           319             1   90
174   175        B           317             2             318           320             1   95
175   176        C           319             5             325           330             6  Gas
176   177        B           321             3             321           324             0   95
177   178        A           323             2             324           326             1   95
178   179        C           323             7             323           330             0   90
179   180        C           325             5             330           335             5   90
180   181        C           327             7             330           337             3  Gas
181   182        C           328             5             335           340             7   90
182   183        B           331             3             331           334             0   95
183   184        A           331             2             334           336             3   95
184   185        C           331             5             337           342             6  Gas
185   186        B           333             3             336           339             3   95
186   187        A           336             3             339           342             3   95
187   188        C           339             7             342           349             3  Gas
188   189        C           342             7             349           356             7  Gas
189   190        A           342             1             342           343             0   95
190   191        C           344             5             356           361            12  Gas
191   192        B           347             2             347           349             0   90
192   193        C           350             3             350           353             0   90
193   194        C           353             5             353           358             0   90
194   195        C           355             5             361           366             6  Gas
195   196        B           358             2             358           360             0   95
196   197        C           358             7             358           365             0   90
197   198        C           360             3             366           369             6  Gas
198   199        C           363             7             369           376             6  Gas
199   200        A           366             2             366           368             0   95
200   201        B           368             3             368           371             0   95
201   202        B           369             1             371           372             2   95
202   203        C           371             7             371           378             0   90
203   204        C           373             7             376           383             3  Gas
204   205        B           373             3             373           376             0   95
205   206        C           376             5             383           388             7  Gas
206   207        C           377             5             378           383             1   90
207   208        C           379             5             388           393             9  Gas
208   209        B           382             3             383           386             1   90
209   210        B           385             3             386           389             1   90
210   211        B           385             3             385           388             0   95
211   212        C           386             5             393           398             7  Gas
212   213        C           388             5             389           394             1   90
213   214        C           388             7             398           405            10  Gas
214   215        B           391             3             394           397             3   90
215   216        C           394             5             405           410            11  Gas
216   217        B           396             3             396           399             0   95
217   218        A           399             3             399           402             0   95
218   219        C           402             5             410           415             8  Gas
219   220        C           404             5             415           420            11  Gas
220   221        C           407             5             420           425            13  Gas
221   222        B           410             2             410           412             0   90
222   223        C           413             7             413           420             0   90
223   224        A           415             1             415           416             0   95
224   225        C           415             3             425           428            10  Gas
225   226        B           417             3             417           420             0   95
226   227        C           418             7             428           435            10  Gas
227   228        B           421             1             421           422             0   95
228   229        B           422             3             422           425             0   90
229   230        C           423             7             425           432             2   90
230   231        C           424             3             435           438            11  Gas
231   232        C           424             5             438           443            14  Gas
232   233        A           426             3             426           429             0   95
233   234        C           429             7             432           439             3   90
234   235        A           432             3             432           435             0   95
235   236        A           434             3             435           438             1   95
236   237        B           437             3             439           442             2   90
237   238        C           438             5             443           448             5  Gas
238   239        A           441             1             441           442             0   95
239   240        C           442             5             442           447             0   90
240   241        C           444             7             447           454             3   90
241   242        C           447             7             448           455             1  Gas
242   243        C           450             7             454           461             4   90
243   244        B           450             1             461           462            11   90
244   245        B           453             3             462           465             9   90
245   246        C           456             5             465           470             9   90
246   247        C           459             7             470           477            11   90
247   248        A           460             2             460           462             0   95
248   249        B           463             3             463           466             0   95
249   250        B           466             3             466           469             0   95
250   251        C           466             3             466           469             0  Gas
251   252        C           468             5             477           482             9   90
252   253        C           470             3             470           473             0  Gas
253   254        C           471             7             482           489            11   90
254   255        A           474             1             474           475             0   95
255   256        A           475             3             475           478             0   95
256   257        B           476             3             489           492            13   90
257   258        A           476             2             478           480             2   95
258   259        A           476             2             480           482             4   95
259   260        C           478             5             478           483             0  Gas
260   261        B           481             1             482           483             1   95
261   262        B           482             3             492           495            10   90
262   263        C           484             7             484           491             0  Gas
263   264        C           484             5             491           496             7  Gas
264   265        A           487             3             487           490             0   95
265   266        B           490             1             490           491             0   95
266   267        C           493             3             495           498             2   90
267   268        C           494             5             498           503             4   90
268   269        B           497             2             497           499             0   95
269   270        C           500             7             500           507             0  Gas
270   271        A           502             1             502           503             0   95
271   272        A           502             3             503           506             1   95
272   273        C           505             3             507           510             2  Gas
273   274        C           508             7             510           517             2  Gas
274   275        C           510             3             517           520             7  Gas
275   276        A           512             3             512           515             0   95
276   277        A           515             2             515           517             0   95
277   278        B           516             3             516           519             0   90
278   279        B           519             2             519           521             0   95
279   280        A           521             3             521           524             0   95
280   281        A           522             3             524           527             2   95
281   282        B           525             3             527           530             2   95
282   283        A           526             1             530           531             4   95
283   284        C           528             5             528           533             0  Gas
284   285        C           531             7             533           540             2  Gas
285   286        B           534             3             534           537             0   90
286   287        B           534             2             534           536             0   95
287   288        C           535             5             537           542             2   90
288   289        A           538             1             538           539             0   95
289   290        B           539             2             542           544             3   90
290   291        A           541             3             541           544             0   95
291   292        A           542             2             544           546             2   95
292   293        B           545             3             546           549             1   95
293   294        B           545             3             545           548             0   90
294   295        A           548             2             549           551             1   95
295   296        C           549             7             549           556             0  Gas
296   297        C           549             7             556           563             7  Gas
297   298        B           552             2             552           554             0   95
298   299        C           553             5             563           568            10  Gas
299   300        C           554             5             554           559             0   90
300   301        C           556             5             568           573            12  Gas
301   302        B           556             3             556           559             0   95
302   303        B           559             2             559           561             0   95
303   304        B           562             3             562           565             0   90
304   305        B           562             3             562           565             0   95
305   306        B           564             3             565           568             1   90
306   307        B           564             1             568           569             4   90
307   308        B           567             3             569           572             2   90
308   309        B           570             3             572           575             2   90
309   310        B           572             2             572           574             0   95
310   311        C           575             3             575           578             0   90
311   312        C           577             5             578           583             1   90
312   313        A           580             1             580           581             0   95
313   314        B           581             1             583           584             2   90
314   315        C           583             7             583           590             0  Gas
315   316        B           585             2             585           587             0   90
316   317        C           587             5             590           595             3  Gas
317   318        B           587             1             587           588             0   95
318   319        C           588             5             595           600             7  Gas
319   320        B           591             1             591           592             0   90
320   321        B           594             2             594           596             0   95
321   322        A           595             3             596           599             1   95
322   323        C           596             5             600           605             4  Gas
323   324        B           598             1             598           599             0   90
324   325        C           600             3             600           603             0   90
325   326        B           600             1             600           601             0   95
326   327        C           603             7             605           612             2  Gas
327   328        B           605             1             605           606             0   90
328   329        B           605             3             605           608             0   95
329   330        B           607             1             608           609             1   95
330   331        C           608             5             608           613             0   90
331   332        B           609             1             613           614             4   90
332   333        A           609             3             609           612             0   95
333   334        B           612             3             612           615             0   95
334   335        C           612             7             614           621             2   90
335   336        B           612             1             621           622             9   90
336   337        C           613             5             613           618             0  Gas
337   338        B           615             1             615           616             0   95
338   339        C           616             5             622           627             6   90
339   340        B           618             3             627           630             9   90
340   341        A           621             1             621           622             0   95
341   342        C           622             5             622           627             0  Gas
342   343        A           625             3             625           628             0   95
343   344        B           626             1             628           629             2   95
344   345        B           629             2             629           631             0   95
345   346        B           629             3             631           634             2   95
346   347        A           631             2             634           636             3   95
347   348        C           633             5             633           638             0  Gas
348   349        B           634             3             636           639             2   95
349   350        A           636             1             639           640             3   95
350   351        C           638             5             638           643             0  Gas
351   352        B           640             2             640           642             0   95
352   353        A           643             1             643           644             0   95
353   354        B           644             3             644           647             0   90
354   355        A           644             3             644           647             0   95
355   356        B           647             2             647           649             0   95
356   357        C           650             5             650           655             0  Gas
357   358        B           650             3             650           653             0   95
358   359        A           651             1             653           654             2   95
359   360        B           654             3             654           657             0   90
360   361        C           656             5             657           662             1   90
361   362        A           657             2             657           659             0   95
362   363        B           660             2             662           664             2   90
363   364        C           661             5             661           666             0  Gas
364   365        C           663             7             666           673             3  Gas
365   366        B           664             2             664           666             0   90
366   367        C           667             5             667           672             0   90
367   368        B           668             3             668           671             0   95
368   369        C           670             3             672           675             2   90
369   370        A           673             3             673           676             0   95
370   371        C           676             5             676           681             0   90
371   372        C           677             7             681           688             4   90
372   373        A           680             3             680           683             0   95
373   374        A           683             1             683           684             0   95
374   375        C           686             5             686           691             0  Gas
375   376        B           689             3             689           692             0   90
376   377        A           692             3             692           695             0   95
377   378        B           693             1             693           694             0   90
378   379        C           695             5             695           700             0  Gas
379   380        C           698             3             700           703             2  Gas
380   381        C           700             3             700           703             0   90
381   382        B           703             3             703           706             0   90
382   383        C           704             5             706           711             2   90
383   384        B           705             3             711           714             6   90
384   385        C           706             5             706           711             0  Gas
385   386        C           707             5             711           716             4  Gas
386   387        B           709             1             714           715             5   90
387   388        B           709             1             709           710             0   95
388   389        C           709             7             715           722             6   90
389   390        C           710             3             716           719             6  Gas
390   391        B           710             3             710           713             0   95
391   392        C           711             5             719           724             8  Gas
392   393        C           713             7             722           729             9   90
393   394        B           716             3             716           719             0   95
394   395        C           717             7             724           731             7  Gas
395   396        C           717             3             729           732            12   90
396   397        A           720             3             720           723             0   95
397   398        A           723             2             723           725             0   95
398   399        B           726             3             726           729             0   95
399   400        C           727             5             732           737             5   90
400   401        C           729             5             737           742             8   90
401   402        B           729             1             729           730             0   95
402   403        C           732             7             732           739             0  Gas
403   404        B           735             1             735           736             0   95
404   405        B           736             2             736           738             0   95
405   406        C           739             5             739           744             0  Gas
406   407        C           741             5             744           749             3  Gas
407   408        C           741             5             742           747             1   90
408   409        A           741             3             741           744             0   95
409   410        B           743             3             747           750             4   90
410   411        C           746             5             749           754             3  Gas
411   412        C           748             5             750           755             2   90
412   413        C           749             5             754           759             5  Gas
413   414        C           750             5             759           764             9  Gas
414   415        C           751             5             755           760             4   90
415   416        B           754             3             754           757             0   95
416   417        C           757             5             764           769             7  Gas
417   418        A           758             3             758           761             0   95
418   419        A           761             3             761           764             0   95
419   420        A           762             3             764           767             2   95
420   421        C           764             3             764           767             0   90
421   422        B           764             3             767           770             3   95
422   423        C           765             5             769           774             4  Gas
423   424        C           767             5             767           772             0   90
424   425        C           770             7             774           781             4  Gas
425   426        B           773             3             773           776             0   95
426   427        B           775             3             776           779             1   95
427   428        C           778             3             778           781             0   90
428   429        A           780             3             780           783             0   95
429   430        C           781             5             781           786             0   90
430   431        C           783             3             786           789             3   90
431   432        B           785             1             785           786             0   95
432   433        B           785             3             789           792             4   90
433   434        C           787             5             792           797             5   90
434   435        A           788             2             788           790             0   95
435   436        C           791             3             791           794             0  Gas
436   437        C           793             5             797           802             4   90
437   438        C           796             5             796           801             0  Gas
438   439        B           796             3             796           799             0   95
439   440        C           796             7             802           809             6   90
440   441        B           797             3             809           812            12   90
441   442        B           800             1             800           801             0   95
442   443        C           803             3             812           815             9   90
443   444        B           806             1             806           807             0   95
444   445        C           806             5             815           820             9   90
445   446        C           807             5             807           812             0  Gas
446   447        C           810             7             812           819             2  Gas
447   448        C           810             5             819           824             9  Gas
448   449        B           813             3             813           816             0   95
449   450        B           815             3             816           819             1   95
450   451        B           818             2             820           822             2   90
451   452        C           818             5             822           827             4   90
452   453        B           818             1             819           820             1   95
453   454        C           819             5             824           829             5  Gas
454   455        C           821             7             827           834             6   90
455   456        C           822             3             829           832             7  Gas
456   457        B           824             2             824           826             0   95
457   458        C           826             5             834           839             8   90
458   459        B           827             1             839           840            12   90
459   460        C           830             5             832           837             2  Gas
460   461        A           830             3             830           833             0   95
461   462        B           833             1             833           834             0   95
462   463        B           834             3             834           837             0   95
463   464        B           837             2             840           842             3   90
464   465        C           837             7             837           844             0  Gas
465   466        C           840             5             844           849             4  Gas
466   467        B           842             1             842           843             0   95
467   468        B           843             3             843           846             0   95
468   469        B           844             1             846           847             2   95
469   470        C           844             5             849           854             5  Gas
470   471        A           847             2             847           849             0   95
471   472        B           847             2             849           851             2   95
472   473        A           849             3             851           854             2   95
473   474        C           852             5             852           857             0   90
474   475        B           854             3             857           860             3   90
475   476        B           856             3             856           859             0   95
476   477        B           859             2             859           861             0   95
477   478        C           861             5             861           866             0   90
478   479        B           861             3             866           869             5   90
479   480        C           862             5             862           867             0  Gas
480   481        B           865             3             869           872             4   90
481   482        B           868             1             872           873             4   90
482   483        A           870             2             870           872             0   95
483   484        C           873             5             873           878             0  Gas
484   485        A           875             1             875           876             0   95
485   486        A           876             2             876           878             0   95
486   487        B           879             3             879           882             0   90
487   488        C           881             5             882           887             1   90
488   489        C           882             7             887           894             5   90
489   490        A           884             2             884           886             0   95
490   491        C           885             5             885           890             0  Gas
491   492        C           886             7             890           897             4  Gas
492   493        C           887             5             894           899             7   90
493   494        B           888             2             899           901            11   90
494   495        C           890             7             897           904             7  Gas
495   496        B           891             2             901           903            10   90
496   497        C           894             7             904           911            10  Gas
497   498        B           896             1             896           897             0   95
498   499        B           898             1             898           899             0   95
499   500        C           901             5             911           916            10  Gas
500   501        C           904             5             904           909             0   90
501   502        B           907             1             909           910             2   90
502   503        C           907             5             910           915             3   90
503   504        A           907             3             907           910             0   95
504   505        C           909             7             916           923             7  Gas
505   506        B           912             3             915           918             3   90
506   507        B           914             3             914           917             0   95
507   508        B           917             3             917           920             0   95
508   509        C           920             5             920           925             0   90
509   510        C           923             5             923           928             0  Gas
510   511        C           926             5             926           931             0   90
511   512        C           929             7             929           936             0  Gas
512   513        A           931             1             931           932             0   95
513   514        C           934             3             936           939             2  Gas
514   515        A           937             3             937           940             0   95
515   516        A           940             2             940           942             0   95
516   517        C           940             5             940           945             0  Gas
517   518        C           941             7             945           952             4  Gas
518   519        C           942             7             942           949             0   90
519   520        C           942             5             949           954             7   90
520   521        C           944             7             952           959             8  Gas
521   522        B           946             3             946           949             0   95
522   523        C           948             3             959           962            11  Gas
523   524        C           950             5             962           967            12  Gas
524   525        C           953             5             954           959             1   90
525   526        C           955             5             959           964             4   90
526   527        B           957             3             964           967             7   90
527   528        B           960             1             967           968             7   90
528   529        C           961             5             968           973             7   90
529   530        A           963             3             963           966             0   95
530   531        B           963             2             966           968             3   95
531   532        A           964             3             968           971             4   95
532   533        A           965             3             971           974             6   95
533   534        C           967             5             973           978             6   90
534   535        B           970             3             974           977             4   95
535   536        C           972             5             978           983             6   90
536   537        B           974             3             977           980             3   95
537   538        C           975             7             983           990             8   90
538   539        C           977             5             977           982             0  Gas
539   540        B           980             2             990           992            10   90
540   541        B           981             2             992           994            11   90
541   542        A           983             1             983           984             0   95
542   543        C           984             5             984           989             0  Gas
543   544        C           985             7             989           996             4  Gas
544   545        C           988             5             994           999             6   90
545   546        B           990             3             990           993             0   95
546   547        B           992             3             993           996             1   95
547   548        A           995             2             996           998             1   95
548   549        C           995             3             999          1002             4   90
549   550        B           997             3            1002          1005             5   90
550   551        C           998             5             998          1003             0  Gas
551   552        A          1000             2            1000          1002             0   95
552   553        A          1002             3            1002          1005             0   95
553   554        B          1004             2            1005          1007             1   95
554   555        A          1006             3            1007          1010             1   95
555   556        A          1008             1            1010          1011             2   95
556   557        A          1011             2            1011          1013             0   95
557   558        C          1013             7            1013          1020             0   90
558   559        B          1013             1            1013          1014             0   95
559   560        B          1016             3            1020          1023             4   90
560   561        C          1019             5            1023          1028             4   90
561   562        B          1019             3            1028          1031             9   90
562   563        B          1021             3            1031          1034            10   90
563   564        B          1024             1            1034          1035            10   90
564   565        B          1027             3            1027          1030             0   95
565   566        C          1029             5            1035          1040             6   90
566   567        A          1030             3            1030          1033             0   95
567   568        C          1032             5            1032          1037             0  Gas
568   569        C          1032             5            1040          1045             8   90
569   570        C          1035             5            1037          1042             2  Gas
570   571        B          1037             1            1045          1046             8   90
571   572        C          1040             5            1046          1051             6   90
572   573        C          1043             3            1051          1054             8   90
573   574        C          1044             7            1044          1051             0  Gas
574   575        C          1047             5            1051          1056             4  Gas
575   576        A          1049             1            1049          1050             0   95
576   577        C          1050             5            1056          1061             6  Gas
577   578        B          1053             3            1053          1056             0   95
578   579        C          1053             5            1054          1059             1   90
579   580        C          1056             5            1061          1066             5  Gas
580   581        C          1058             3            1059          1062             1   90
581   582        B          1060             2            1062          1064             2   90
582   583        C          1063             7            1066          1073             3  Gas
583   584        C          1065             7            1065          1072             0   90
584   585        B          1068             3            1068          1071             0   95
585   586        C          1069             7            1072          1079             3   90
586   587        B          1071             3            1071          1074             0   95
587   588        A          1074             2            1074          1076             0   95
588   589        B          1076             3            1076          1079             0   95
589   590        B          1079             1            1079          1080             0   90
590   591        B          1082             3            1082          1085             0   90
591   592        C          1082             5            1085          1090             3   90
592   593        B          1083             1            1083          1084             0   95
593   594        A          1086             3            1086          1089             0   95
594   595        B          1087             2            1089          1091             2   95
595   596        B          1089             3            1091          1094             2   95
596   597        B          1091             3            1091          1094             0   90
597   598        A          1091             1            1094          1095             3   95
598   599        A          1094             3            1095          1098             1   95
599   600        C          1095             5            1095          1100             0   90
600   601        A          1097             3            1098          1101             1   95
601   602        B          1099             2            1100          1102             1   90
602   603        B          1101             2            1101          1103             0   95
603   604        B          1101             3            1103          1106             2   95
604   605        B          1101             3            1102          1105             1   90
605   606        C          1104             7            1104          1111             0  Gas
606   607        A          1106             3            1106          1109             0   95
607   608        C          1109             5            1111          1116             2  Gas
608   609        B          1110             2            1110          1112             0   90
609   610        C          1113             5            1113          1118             0   90
610   611        A          1116             3            1116          1119             0   95
611   612        B          1119             3            1119          1122             0   95
612   613        C          1120             3            1120          1123             0  Gas
613   614        B          1121             1            1121          1122             0   90
614   615        C          1123             3            1123          1126             0   90
615   616        C          1125             5            1126          1131             1   90
616   617        C          1127             3            1131          1134             4   90
617   618        C          1130             5            1134          1139             4   90
618   619        C          1131             5            1139          1144             8   90
619   620        A          1131             2            1131          1133             0   95
620   621        A          1133             3            1133          1136             0   95
621   622        B          1136             2            1136          1138             0   95
622   623        A          1137             3            1138          1141             1   95
623   624        B          1139             3            1141          1144             2   95
624   625        A          1140             2            1144          1146             4   95
625   626        C          1143             7            1144          1151             1   90
626   627        C          1143             5            1151          1156             8   90
627   628        C          1144             7            1156          1163            12   90
628   629        B          1146             3            1146          1149             0   95
629   630        A          1149             2            1149          1151             0   95
630   631        B          1150             1            1151          1152             1   95
631   632        C          1150             7            1150          1157             0  Gas
632   633        A          1153             3            1153          1156             0   95
633   634        A          1155             3            1156          1159             1   95
634   635        C          1156             7            1163          1170             7   90
635   636        B          1159             2            1159          1161             0   95
636   637        C          1161             5            1161          1166             0  Gas
637   638        A          1161             3            1161          1164             0   95
638   639        C          1163             7            1170          1177             7   90
639   640        C          1164             3            1166          1169             2  Gas
640   641        A          1167             3            1167          1170             0   95
641   642        A          1169             2            1170          1172             1   95
642   643        A          1170             3            1172          1175             2   95
643   644        C          1173             5            1173          1178             0  Gas
644   645        C          1176             5            1177          1182             1   90
645   646        C          1177             5            1178          1183             1  Gas
646   647        B          1180             2            1180          1182             0   95
647   648        B          1183             1            1183          1184             0   95
648   649        B          1183             2            1183          1185             0   90
649   650        A          1184             3            1184          1187             0   95
650   651        A          1187             3            1187          1190             0   95
651   652        A          1187             2            1190          1192             3   95
652   653        C          1190             5            1190          1195             0  Gas
653   654        A          1193             2            1193          1195             0   95
654   655        C          1193             7            1195          1202             2  Gas
655   656        C          1195             5            1202          1207             7  Gas
656   657        C          1198             5            1198          1203             0   90
657   658        B          1201             2            1201          1203             0   95
658   659        B          1201             3            1203          1206             2   95
659   660        A          1202             3            1206          1209             4   95
660   661        B          1205             2            1205          1207             0   90
661   662        C          1207             5            1207          1212             0  Gas
662   663        B          1210             3            1210          1213             0   90
663   664        B          1213             2            1213          1215             0   90
664   665        A          1213             1            1213          1214             0   95
665   666        B          1213             2            1214          1216             1   95
666   667        B          1214             3            1215          1218             1   90
667   668        B          1217             2            1218          1220             1   90
668   669        A          1220             2            1220          1222             0   95
669   670        C          1222             7            1222          1229             0  Gas
670   671        C          1223             5            1223          1228             0   90
671   672        C          1226             5            1229          1234             3  Gas
672   673        A          1229             3            1229          1232             0   95
673   674        C          1231             5            1234          1239             3  Gas
674   675        C          1234             3            1239          1242             5  Gas
675   676        C          1236             3            1242          1245             6  Gas
676   677        B          1238             3            1238          1241             0   90
677   678        C          1240             3            1245          1248             5  Gas
678   679        C          1242             7            1248          1255             6  Gas
679   680        A          1245             2            1245          1247             0   95
680   681        B          1248             1            1248          1249             0   90
681   682        C          1248             3            1249          1252             1   90
682   683        B          1248             2            1252          1254             4   90
683   684        C          1248             7            1254          1261             6   90
684   685        B          1251             3            1251          1254             0   95
685   686        C          1254             3            1255          1258             1  Gas
686   687        C          1257             7            1258          1265             1  Gas
687   688        A          1257             2            1257          1259             0   95
688   689        C          1260             7            1265          1272             5  Gas
689   690        B          1263             3            1263          1266             0   95
690   691        B          1263             3            1266          1269             3   95
691   692        B          1263             2            1269          1271             6   95
692   693        C          1264             7            1272          1279             8  Gas
693   694        A          1265             3            1271          1274             6   95
694   695        C          1265             3            1279          1282            14  Gas
695   696        C          1266             5            1282          1287            16  Gas
696   697        A          1268             2            1274          1276             6   95
697   698        C          1269             5            1269          1274             0   90
698   699        C          1270             7            1274          1281             4   90
699   700        B          1272             2            1276          1278             4   95
700   701        B          1272             3            1278          1281             6   95
701   702        A          1272             3            1281          1284             9   95
702   703        C          1275             7            1287          1294            12  Gas
703   704        C          1275             3            1281          1284             6   90
704   705        C          1276             5            1294          1299            18  Gas
705   706        B          1277             2            1284          1286             7   95
706   707        C          1277             3            1284          1287             7   90
707   708        B          1280             2            1286          1288             6   95
708   709        C          1283             3            1287          1290             4   90
709   710        C          1284             7            1299          1306            15  Gas
710   711        C          1287             7            1290          1297             3   90
711   712        C          1288             5            1306          1311            18  Gas
712   713        B          1290             3            1290          1293             0   95
713   714        B          1291             3            1293          1296             2   95
714   715        B          1292             1            1296          1297             4   95
715   716        C          1294             5            1311          1316            17  Gas
716   717        C          1297             7            1316          1323            19  Gas
717   718        B          1298             3            1298          1301             0   95
718   719        C          1301             7            1323          1330            22  Gas
719   720        A          1303             1            1303          1304             0   95
720   721        C          1305             5            1330          1335            25  Gas
721   722        C          1307             5            1335          1340            28  Gas
722   723        B          1309             3            1309          1312             0   95
723   724        C          1312             5            1312          1317             0   90
724   725        B          1315             2            1315          1317             0   95
725   726        B          1316             2            1317          1319             1   95
726   727        A          1317             2            1319          1321             2   95
727   728        C          1320             5            1340          1345            20  Gas
728   729        C          1323             3            1323          1326             0   90
729   730        B          1325             2            1325          1327             0   95
730   731        C          1326             5            1345          1350            19  Gas
731   732        C          1329             3            1350          1353            21  Gas
732   733        C          1331             5            1353          1358            22  Gas
733   734        B          1334             3            1334          1337             0   90
734   735        A          1337             3            1337          1340             0   95
735   736        A          1339             3            1340          1343             1   95
736   737        C          1342             3            1342          1345             0   90
737   738        C          1342             3            1345          1348             3   90
738   739        C          1344             3            1348          1351             4   90
739   740        B          1346             1            1351          1352             5   90
740   741        C          1349             5            1352          1357             3   90
741   742        C          1352             5            1358          1363             6  Gas
742   743        C          1353             7            1357          1364             4   90
743   744        B          1353             3            1353          1356             0   95
744   745        B          1354             3            1364          1367            10   90
745   746        C          1356             7            1367          1374            11   90
746   747        B          1356             3            1356          1359             0   95
747   748        B          1359             3            1374          1377            15   90
748   749        A          1361             3            1361          1364             0   95
749   750        A          1363             1            1364          1365             1   95
750   751        C          1366             5            1377          1382            11   90
751   752        C          1369             5            1382          1387            13   90
752   753        C          1370             5            1387          1392            17   90
753   754        C          1371             5            1392          1397            21   90
754   755        B          1372             3            1397          1400            25   90
755   756        A          1373             3            1373          1376             0   95
756   757        A          1373             3            1376          1379             3   95
757   758        A          1376             1            1379          1380             3   95
758   759        B          1378             3            1400          1403            22   90
759   760        B          1381             2            1381          1383             0   95
760   761        B          1384             2            1384          1386             0   95
761   762        C          1385             5            1403          1408            18   90
762   763        C          1388             5            1408          1413            20   90
763   764        B          1388             2            1388          1390             0   95
764   765        A          1391             1            1391          1392             0   95
765   766        C          1394             5            1413          1418            19   90
766   767        A          1396             3            1396          1399             0   95
767   768        C          1397             7            1397          1404             0  Gas
768   769        C          1398             3            1404          1407             6  Gas
769   770        C          1399             3            1418          1421            19   90
770   771        B          1399             3            1421          1424            22   90
771   772        A          1402             2            1402          1404             0   95
772   773        A          1405             1            1405          1406             0   95
773   774        B          1406             2            1424          1426            18   90
774   775        B          1407             2            1407          1409             0   95
775   776        C          1408             3            1408          1411             0  Gas
776   777        C          1409             5            1426          1431            17   90
777   778        B          1409             3            1431          1434            22   90
778   779        C          1412             5            1412          1417             0  Gas
779   780        A          1414             3            1414          1417             0   95
780   781        B          1417             3            1434          1437            17   90
781   782        C          1418             3            1418          1421             0  Gas
782   783        B          1419             2            1419          1421             0   95
783   784        A          1421             3            1421          1424             0   95
784   785        B          1422             2            1424          1426             2   95
785   786        C          1424             5            1424          1429             0  Gas
786   787        C          1426             7            1437          1444            11   90
787   788        A          1426             2            1426          1428             0   95
788   789        C          1426             7            1429          1436             3  Gas
789   790        B          1427             3            1428          1431             1   95
790   791        C          1430             7            1444          1451            14   90
791   792        B          1431             1            1451          1452            20   90
792   793        B          1434             2            1452          1454            18   90
793   794        B          1435             1            1454          1455            19   90
794   795        C          1438             5            1455          1460            17   90
795   796        C          1440             3            1440          1443             0  Gas
796   797        A          1443             1            1443          1444             0   95
797   798        C          1444             7            1460          1467            16   90
798   799        C          1445             5            1467          1472            22   90
799   800        C          1446             7            1446          1453             0  Gas
800   801        A          1446             3            1446          1449             0   95
801   802        C          1449             5            1453          1458             4  Gas
802   803        C          1449             7            1472          1479            23   90
803   804        B          1452             1            1452          1453             0   95
804   805        C          1454             7            1458          1465             4  Gas
805   806        C          1455             7            1479          1486            24   90
806   807        B          1458             2            1458          1460             0   95
807   808        A          1460             2            1460          1462             0   95
808   809        C          1463             5            1486          1491            23   90
809   810        B          1466             2            1466          1468             0   95
810   811        C          1468             7            1468          1475             0  Gas
811   812        C          1469             5            1475          1480             6  Gas
812   813        C          1471             5            1491          1496            20   90
813   814        C          1472             5            1480          1485             8  Gas
814   815        C          1475             3            1496          1499            21   90
815   816        B          1477             2            1499          1501            22   90
816   817        A          1479             3            1479          1482             0   95
817   818        B          1479             2            1501          1503            22   90
818   819        B          1481             3            1482          1485             1   95
819   820        B          1481             3            1503          1506            22   90
820   821        A          1484             2            1485          1487             1   95
821   822        B          1487             1            1487          1488             0   95
822   823        C          1490             7            1490          1497             0  Gas
823   824        B          1490             1            1490          1491             0   95
824   825        C          1492             7            1506          1513            14   90
825   826        C          1493             7            1497          1504             4  Gas
826   827        C          1496             5            1504          1509             8  Gas
827   828        B          1498             3            1498          1501             0   95
828   829        C          1501             5            1509          1514             8  Gas
829   830        B          1501             2            1513          1515            12   90
830   831        B          1501             3            1501          1504             0   95
831   832        B          1501             2            1515          1517            14   90
832   833        C          1504             5            1517          1522            13   90
833   834        B          1507             3            1507          1510             0   95
834   835        B          1508             3            1522          1525            14   90
835   836        C          1508             5            1514          1519             6  Gas
836   837        C          1509             5            1525          1530            16   90
837   838        C          1512             3            1519          1522             7  Gas
838   839        C          1515             5            1530          1535            15   90
839   840        C          1516             5            1535          1540            19   90
840   841        B          1518             1            1540          1541            22   90
841   842        A          1520             3            1520          1523             0   95
842   843        A          1523             3            1523          1526             0   95
843   844        A          1526             2            1526          1528             0   95
844   845        B          1526             3            1528          1531             2   95
845   846        C          1527             5            1541          1546            14   90
846   847        C          1530             5            1530          1535             0  Gas
847   848        C          1533             5            1535          1540             2  Gas
848   849        C          1534             5            1540          1545             6  Gas
849   850        C          1534             5            1546          1551            12   90
850   851        B          1535             2            1535          1537             0   95
851   852        B          1536             2            1551          1553            15   90
852   853        C          1537             5            1553          1558            16   90
853   854        C          1539             5            1545          1550             6  Gas
854   855        C          1540             7            1558          1565            18   90
855   856        B          1543             2            1565          1567            22   90
856   857        B          1546             1            1567          1568            21   90
857   858        C          1547             3            1568          1571            21   90
858   859        B          1549             2            1571          1573            22   90
859   860        B          1551             2            1573          1575            22   90
860   861        B          1554             2            1575          1577            21   90
861   862        B          1555             2            1577          1579            22   90
862   863        A          1557             3            1557          1560             0   95
863   864        C          1560             5            1560          1565             0  Gas
864   865        C          1563             5            1579          1584            16   90
865   866        A          1563             3            1563          1566             0   95
866   867        B          1565             3            1584          1587            19   90
867   868        C          1567             7            1587          1594            20   90
868   869        C          1567             3            1594          1597            27   90
869   870        C          1570             5            1570          1575             0  Gas
870   871        C          1573             5            1575          1580             2  Gas
871   872        B          1573             3            1597          1600            24   90
872   873        B          1576             2            1576          1578             0   95
873   874        C          1576             7            1600          1607            24   90
874   875        C          1578             3            1607          1610            29   90
875   876        A          1581             2            1581          1583             0   95
876   877        B          1584             3            1584          1587             0   95
877   878        B          1587             3            1610          1613            23   90
878   879        C          1590             7            1590          1597             0  Gas
879   880        C          1591             7            1597          1604             6  Gas
880   881        B          1594             1            1594          1595             0   95
881   882        C          1597             7            1613          1620            16   90
882   883        C          1600             7            1620          1627            20   90
883   884        C          1600             5            1627          1632            27   90
884   885        A          1602             2            1602          1604             0   95
885   886        B          1603             1            1604          1605             1   95
886   887        A          1603             3            1605          1608             2   95
887   888        C          1603             5            1604          1609             1  Gas
888   889        B          1606             3            1608          1611             2   95
889   890        B          1608             2            1611          1613             3   95
890   891        C          1608             5            1609          1614             1  Gas
891   892        B          1611             2            1613          1615             2   95
892   893        A          1611             3            1615          1618             4   95
893   894        C          1611             5            1614          1619             3  Gas
894   895        C          1613             5            1619          1624             6  Gas
895   896        A          1614             2            1618          1620             4   95
896   897        B          1616             3            1632          1635            16   90
897   898        C          1617             3            1635          1638            18   90
898   899        B          1619             2            1620          1622             1   95
899   900        C          1622             5            1624          1629             2  Gas
900   901        C          1625             5            1629          1634             4  Gas
901   902        A          1628             3            1628          1631             0   95
902   903        C          1631             7            1638          1645             7   90
903   904        C          1632             5            1634          1639             2  Gas
904   905        C          1633             7            1639          1646             6  Gas
905   906        B          1636             2            1645          1647             9   90
906   907        B          1637             2            1647          1649            10   90
907   908        C          1637             3            1649          1652            12   90
908   909        A          1640             2            1640          1642             0   95
909   910        C          1643             7            1646          1653             3  Gas
910   911        B          1646             1            1646          1647             0   95
911   912        C          1646             5            1652          1657             6   90
912   913        A          1646             3            1647          1650             1   95
913   914        C          1649             7            1653          1660             4  Gas
914   915        B          1652             3            1652          1655             0   95
915   916        A          1653             1            1655          1656             2   95
916   917        B          1656             3            1656          1659             0   95
917   918        A          1657             1            1659          1660             2   95
918   919        A          1657             3            1660          1663             3   95
919   920        A          1659             2            1663          1665             4   95
920   921        A          1661             2            1665          1667             4   95
921   922        C          1664             3            1664          1667             0   90
922   923        A          1664             2            1667          1669             3   95
923   924        A          1667             3            1669          1672             2   95
924   925        C          1670             7            1670          1677             0  Gas
925   926        A          1671             3            1672          1675             1   95
926   927        B          1673             3            1675          1678             2   95
927   928        A          1676             3            1678          1681             2   95
928   929        C          1678             5            1678          1683             0  Gas
929   930        B          1680             3            1681          1684             1   95
930   931        C          1682             3            1683          1686             1  Gas
931   932        C          1682             7            1682          1689             0   90
932   933        B          1683             3            1689          1692             6   90
933   934        C          1686             7            1686          1693             0  Gas
934   935        C          1687             7            1693          1700             6  Gas
935   936        B          1690             3            1690          1693             0   95
936   937        A          1693             2            1693          1695             0   95
937   938        A          1693             1            1695          1696             2   95
938   939        B          1696             3            1696          1699             0   90
939   940        C          1699             5            1700          1705             1  Gas
940   941        B          1700             2            1700          1702             0   95
941   942        A          1703             3            1703          1706             0   95
942   943        A          1705             3            1706          1709             1   95
943   944        C          1706             3            1706          1709             0  Gas
944   945        C          1709             3            1709          1712             0  Gas
945   946        B          1711             3            1711          1714             0   95
946   947        A          1713             2            1714          1716             1   95
947   948        B          1714             3            1714          1717             0   90
948   949        C          1716             7            1717          1724             1   90
949   950        C          1717             3            1717          1720             0  Gas
950   951        A          1720             3            1720          1723             0   95
951   952        B          1722             3            1723          1726             1   95
952   953        C          1724             5            1724          1729             0  Gas
953   954        C          1725             3            1725          1728             0   90
954   955        A          1728             3            1728          1731             0   95
955   956        A          1728             2            1731          1733             3   95
956   957        B          1731             3            1733          1736             2   95
957   958        B          1732             1            1736          1737             4   95
958   959        C          1732             5            1732          1737             0   90
959   960        C          1733             7            1733          1740             0  Gas
960   961        C          1736             3            1740          1743             4  Gas
961   962        A          1736             1            1737          1738             1   95
962   963        A          1737             3            1738          1741             1   95
963   964        C          1737             5            1743          1748             6  Gas
964   965        A          1740             3            1741          1744             1   95
965   966        A          1743             3            1744          1747             1   95
966   967        B          1745             1            1747          1748             2   95
967   968        A          1748             3            1748          1751             0   95
968   969        B          1750             1            1751          1752             1   95
969   970        B          1750             1            1750          1751             0   90
970   971        A          1750             3            1752          1755             2   95
971   972        C          1753             5            1753          1758             0   90
972   973        C          1753             3            1753          1756             0  Gas
973   974        B          1753             3            1758          1761             5   90
974   975        C          1755             7            1756          1763             1  Gas
975   976        C          1757             5            1763          1768             6  Gas
976   977        C          1757             5            1761          1766             4   90
977   978        C          1757             5            1768          1773            11  Gas
978   979        A          1760             2            1760          1762             0   95
979   980        C          1763             5            1773          1778            10  Gas
980   981        A          1766             3            1766          1769             0   95
981   982        C          1768             7            1768          1775             0   90
982   983        C          1770             3            1775          1778             5   90
983   984        C          1771             5            1778          1783             7  Gas
984   985        A          1772             1            1772          1773             0   95
985   986        B          1775             3            1775          1778             0   95
986   987        B          1776             3            1778          1781             2   95
987   988        A          1777             1            1781          1782             4   95
988   989        C          1778             3            1778          1781             0   90
989   990        B          1780             1            1782          1783             2   95
990   991        C          1780             5            1783          1788             3  Gas
991   992        A          1783             3            1783          1786             0   95
992   993        A          1785             3            1786          1789             1   95
993   994        A          1786             3            1789          1792             3   95
994   995        B          1789             3            1792          1795             3   95
995   996        C          1789             7            1789          1796             0  Gas
996   997        B          1790             2            1790          1792             0   90
997   998        A          1791             3            1795          1798             4   95
998   999        C          1791             3            1792          1795             1   90
999  1000        C          1793             5            1796          1801             3  Gas