      Car Category  Arrival Time  Service Time  Service Begins  Service Ends  Waiting Time Pump
0       1        C             1             5               1             6             0  Gas
1       2        C             3             3               6             9             3  Gas
2       3        B             4             3               4             7             0   90
3       4        C             7             7               9            16             2  Gas
4       5        C            10             5              16            21             6  Gas
5       6        C            13             5              21            26             8  Gas
6       7        B            16             3              16            19             0   90
7       8        A            19             1              19            20             0   95
8       9        B            19             3              19            22             0   90
9      10        A            22             1              22            23             0   95
10     11        C            22             7              26            33             4  Gas
11     12        B            24             1              24            25             0   90
12     13        A            25             3              25            28             0   95
13     14        C            26             5              33            38             7  Gas
14     15        A            29             2              29            31             0   95
15     16        C            30             7              38            45             8  Gas
16     17        B            33             3              33            36             0   95
17     18        A            36             1              36            37             0   95
18     19        C            38             7              38            45             0   90
19     20        C            39             7              45            52             6  Gas
20     21        A            40             1              40            41             0   95
21     22        C            42             3              45            48             3   90
22     23        A            44             3              44            47             0   95
23     24        A            47             2              47            49             0   95
24     25        C            48             5              52            57             4  Gas
25     26        C            49             3              57            60             8  Gas
26     27        C            51             7              51            58             0   90
27     28        B            54             2              58            60             4   90
28     29        C            57             7              60            67             3  Gas
29     30        A            57             3              57            60             0   95
30     31        B            59             3              60            63             1   95
31     32        C            59             5              60            65             1   90
32     33        A            60             2              63            65             3   95
33     34        B            62             2              65            67             3   95
34     35        B            65             1              67            68             2   95
35     36        A            68             1              68            69             0   95
36     37        C            70             5              70            75             0  Gas
37     38        B            71             3              71            74             0   95
38     39        C            74             3              74            77             0   90
39     40        C            75             7              77            84             2   90
40     41        A            78             3              78            81             0   95
41     42        C            79             5              84            89             5   90
42     43        C            82             5              89            94             7   90
43     44        B            82             1              82            83             0   95
44     45        B            85             3              85            88             0   95
45     46        C            87             3              87            90             0  Gas
46     47        B            90             3              90            93             0   95
47     48        C            93             5              93            98             0  Gas
48     49        A            96             3              96            99             0   95
49     50        B            98             3              99           102             1   95
50     51        C            99             7              99           106             0   90
51     52        C           100             5             100           105             0  Gas
52     53        B           102             2             106           108             4   90
53     54        C           103             7             108           115             5   90
54     55        B           104             3             115           118            11   90
55     56        A           107             3             107           110             0   95
56     57        C           109             3             109           112             0  Gas
57     58        B           110             3             110           113             0   95
58     59        C           110             7             118           125             8   90
59     60        C           112             5             125           130            13   90
60     61        B           114             2             114           116             0   95
61     62        C           114             7             130           137            16   90
62     63        A           115             3             116           119             1   95
63     64        C           116             7             137           144            21   90
64     65        C           119             5             119           124             0  Gas
65     66        B           120             3             120           123             0   95
66     67        B           123             3             144           147            21   90
67     68        C           124             5             124           129             0  Gas
68     69        B           127             3             127           130             0   95
69     70        A           129             3             130           133             1   95
70     71        C           131             7             131           138             0  Gas
71     72        C           131             5             147           152            16   90
72     73        B           133             1             133           134             0   95
73     74        C           136             5             152           157            16   90
74     75        C           139             5             139           144             0  Gas
75     76        C           139             5             144           149             5  Gas
76     77        A           141             3             141           144             0   95
77     78        C           144             7             149           156             5  Gas
78     79        C           146             5             156           161            10  Gas
79     80        C           149             3             157           160             8   90
80     81        C           151             5             160           165             9   90
81     82        C           154             7             161           168             7  Gas
82     83        B           154             3             165           168            11   90
83     84        B           155             1             168           169            13   90
84     85        C           158             3             168           171            10  Gas
85     86        B           160             3             160           163             0   95
86     87        A           162             2             163           165             1   95
87     88        C           165             5             171           176             6  Gas
88     89        A           166             3             166           169             0   95
89     90        A           169             2             169           171             0   95
90     91        C           172             5             172           177             0   90
91     92        B           174             3             177           180             3   90
92     93        A           174             3             174           177             0   95
93     94        B           174             1             177           178             3   95
94     95        B           176             1             178           179             2   95
95     96        C           176             5             180           185             4   90
96     97        C           179             7             179           186             0  Gas
97     98        A           182             3             182           185             0   95
98     99        C           184             3             186           189             2  Gas
99    100        B           187             3             187           190             0   90
100   101        C           189             7             189           196             0  Gas
101   102        C           190             5             196           201             6  Gas
102   103        B           193             3             193           196             0   95
103   104        C           196             7             201           208             5  Gas
104   105        C           199             5             208           213             9  Gas
105   106        C           201             7             213           220            12  Gas
106   107        B           201             2             201           203             0   90
107   108        B           201             2             201           203             0   95
108   109        B           204             3             204           207             0   90
109   110        C           207             3             220           223            13  Gas
110   111        C           207             7             207           214             0   90
111   112        A           210             1             210           211             0   95
112   113        C           212             5             223           228            11  Gas
113   114        C           213             7             228           235            15  Gas
114   115        A           216             3             216           219             0   95
115   116        C           219             7             219           226             0   90
116   117        A           220             3             220           223             0   95
117   118        B           221             2             223           225             2   95
118   119        B           224             2             225           227             1   95
119   120        A           226             2             227           229             1   95
120   121        C           228             7             228           235             0   90
121   122        B           231             1             231           232             0   95
122   123        C           231             5             235           240             4   90
123   124        C           234             7             235           242             1  Gas
124   125        C           237             5             240           245             3   90
125   126        C           237             5             245           250             8   90
126   127        B           240             2             250           252            10   90
127   128        B           240             3             252           255            12   90
128   129        C           241             7             242           249             1  Gas
129   130        B           244             3             244           247             0   95
130   131        B           246             3             255           258             9   90
131   132        C           247             7             258           265            11   90
132   133        B           250             1             250           251             0   95
133   134        C           253             3             253           256             0  Gas
134   135        C           255             7             265           272            10   90
135   136        C           255             5             272           277            17   90
136   137        A           257             2             257           259             0   95
137   138        C           260             5             260           265             0  Gas
138   139        C           262             5             277           282            15   90
139   140        B           263             2             282           284            19   90
140   141        C           263             5             284           289            21   90
141   142        A           266             1             266           267             0   95
142   143        B           267             2             267           269             0   95
143   144        B           270             2             289           291            19   90
144   145        A           273             1             273           274             0   95
145   146        C           274             5             291           296            17   90
146   147        B           276             2             296           298            20   90
147   148        B           279             3             298           301            19   90
148   149        B           280             3             301           304            21   90
149   150        A           281             2             281           283             0   95
150   151        B           284             3             284           287             0   95
151   152        B           286             2             287           289             1   95
152   153        B           289             3             304           307            15   90
153   154        B           290             2             290           292             0   95
154   155        A           290             1             292           293             2   95
155   156        C           292             3             292           295             0  Gas
156   157        C           295             3             307           310            12   90
157   158        B           296             3             310           313            14   90
158   159        C           298             3             298           301             0  Gas
159   160        C           300             7             301           308             1  Gas
160   161        B           303             2             313           315            10   90
161   162        A           305             3             305           308             0   95
162   163        A           306             3             308           311             2   95
163   164        A           306             2             311           313             5   95
164   165        A           307             3             313           316             6   95
165   166        C           307             7             308           315             1  Gas
166   167        B           308             1             315           316             7   90
167   168        C           311             5             315           320             4  Gas
168   169        B           314             2             316           318             2   95
169   170        B           315             3             316           319             1   90
170   171        C           316             5             320           325             4  Gas
171   172        C           318             5             319           324             1   90
172   173        C           321             7             325           332             4  Gas
173   174        B           324             2             324           326             0   95
174   175        B           325             2             326           328             1   95
175   176        B           327             3             328           331             1   95
176   177        B           327             1             331           332             4   95
177   178        A           327             3             332           335             5   95
178   179        B           330             1             335           336             5   95
179   180        B           332             3             332           335             0   90
180   181        C           335             3             335           338             0  Gas
181   182        A           337             2             337           339             0   95
182   183        B           339             3             339           342             0   90
183   184        C           342             5             342           347             0   90
184   185        B           342             2             347           349             5   90
185   186        B           344             2             349           351             5   90
186   187        C           346             3             346           349             0  Gas
187   188        C           349             5             349           354             0  Gas
188   189        A           352             3             352           355             0   95
189   190        B           354             3             355           358             1   95
190   191        B           356             2             358           360             2   95
191   192        B           358             3             360           363             2   95
192   193        B           359             2             363           365             4   95
193   194        A           361             1             365           366             4   95
194   195        B           364             2             364           366             0   90
195   196        A           365             2             366           368             1   95
196   197        C           368             5             368           373             0   90
197   198        A           371             1             371           372             0   95
198   199        A           374             2             374           376             0   95
199   200        B           375             3             376           379             1   95
200   201        C           377             5             377           382             0   90
201   202        C           380             5             380           385             0  Gas
202   203        B           382             1             382           383             0   90
203   204        C           384             5             384           389             0   90
204   205        A           386             2             386           388             0   95
205   206        A           388             3             388           391             0   95
206   207        B           391             2             391           393             0   95
207   208        B           392             2             392           394             0   90
208   209        C           393             7             394           401             1   90
209   210        C           396             3             396           399             0  Gas
210   211        C           398             5             399           404             1  Gas
211   212        C           401             5             404           409             3  Gas
212   213        B           401             3             401           404             0   95
213   214        A           402             3             404           407             2   95
214   215        C           403             5             409           414             6  Gas
215   216        C           405             5             405           410             0   90
216   217        C           405             5             414           419             9  Gas
217   218        C           405             5             410           415             5   90
218   219        A           406             3             407           410             1   95
219   220        A           408             2             410           412             2   95
220   221        C           408             7             415           422             7   90
221   222        C           408             3             419           422            11  Gas
222   223        B           410             3             422           425            12   90
223   224        B           410             2             412           414             2   95
224   225        B           413             3             414           417             1   95
225   226        C           416             7             425           432             9   90
226   227        C           416             3             432           435            16   90
227   228        C           417             3             422           425             5  Gas
228   229        B           417             3             417           420             0   95
229   230        C           418             3             425           428             7  Gas
230   231        B           419             1             420           421             1   95
231   232        B           421             3             421           424             0   95
232   233        C           423             7             428           435             5  Gas
233   234        B           426             3             426           429             0   95
234   235        C           429             7             435           442             6  Gas
235   236        B           432             3             432           435             0   95
236   237        B           434             3             435           438             1   90
237   238        A           436             3             436           439             0   95
238   239        B           438             2             439           441             1   95
239   240        A           441             1             441           442             0   95
240   241        C           441             5             441           446             0   90
241   242        C           441             5             446           451             5   90
242   243        C           444             5             451           456             7   90
243   244        C           447             3             447           450             0  Gas
244   245        C           447             5             456           461             9   90
245   246        B           448             3             461           464            13   90
246   247        C           451             7             451           458             0  Gas
247   248        B           451             3             451           454             0   95
248   249        C           454             7             458           465             4  Gas
249   250        C           457             5             465           470             8  Gas
250   251        C           459             3             464           467             5   90
251   252        B           460             2             460           462             0   95
252   253        A           462             2             462           464             0   95
253   254        C           463             7             467           474             4   90
254   255        A           465             3             465           468             0   95
255   256        C           467             7             470           477             3  Gas
256   257        A           469             2             469           471             0   95
257   258        C           472             5             477           482             5  Gas
258   259        C           475             7             482           489             7  Gas
259   260        C           477             7             477           484             0   90
260   261        C           479             5             484           489             5   90
261   262        A           481             2             481           483             0   95
262   263        B           484             3             489           492             5   90
263   264        B           487             3             492           495             5   90
264   265        C           489             3             495           498             6   90
265   266        C           489             5             489           494             0  Gas
266   267        C           492             5             498           503             6   90
267   268        C           495             5             503           508             8   90
268   269        B           498             3             508           511            10   90
269   270        C           500             3             500           503             0  Gas
270   271        C           503             5             503           508             0  Gas
271   272        C           505             5             508           513             3  Gas
272   273        B           506             3             511           514             5   90
273   274        C           508             5             513           518             5  Gas
274   275        B           511             2             511           513             0   95
275   276        B           512             3             513           516             1   95
276   277        B           515             1             516           517             1   95
277   278        C           517             5             518           523             1  Gas
278   279        C           517             3             523           526             6  Gas
279   280        B           518             1             518           519             0   90
280   281        B           520             1             520           521             0   90
281   282        C           521             5             526           531             5  Gas
282   283        C           523             7             531           538             8  Gas
283   284        C           524             7             538           545            14  Gas
284   285        B           526             1             526           527             0   95
285   286        C           527             7             545           552            18  Gas
286   287        A           528             2             528           530             0   95
287   288        B           530             3             530           533             0   95
288   289        B           532             3             533           536             1   95
289   290        A           533             1             536           537             3   95
290   291        B           536             3             536           539             0   90
291   292        A           538             1             538           539             0   95
292   293        B           541             3             541           544             0   95
293   294        C           542             7             552           559            10  Gas
294   295        A           542             2             544           546             2   95
295   296        B           545             3             545           548             0   90
296   297        B           545             2             546           548             1   95
297   298        A           548             1             548           549             0   95
298   299        A           550             3             550           553             0   95
299   300        A           551             1             553           554             2   95
300   301        C           554             7             554           561             0   90
301   302        B           555             3             561           564             6   90
302   303        C           556             5             559           564             3  Gas
303   304        B           559             3             559           562             0   95
304   305        A           559             3             562           565             3   95
305   306        B           561             3             565           568             4   95
306   307        B           563             2             568           570             5   95
307   308        C           566             5             566           571             0  Gas
308   309        A           569             2             570           572             1   95
309   310        C           569             5             569           574             0   90
310   311        B           571             2             572           574             1   95
311   312        A           573             2             574           576             1   95
312   313        B           574             3             574           577             0   90
313   314        C           576             5             576           581             0  Gas
314   315        B           576             3             576           579             0   95
315   316        C           577             5             577           582             0   90
316   317        B           577             1             579           580             2   95
317   318        C           577             5             582           587             5   90
318   319        A           580             3             580           583             0   95
319   320        B           583             2             587           589             4   90
320   321        A           586             2             586           588             0   95
321   322        A           589             2             589           591             0   95
322   323        B           590             2             591           593             1   95
323   324        B           591             3             591           594             0   90
324   325        C           594             3             594           597             0   90
325   326        B           597             2             597           599             0   90
326   327        B           599             3             599           602             0   95
327   328        C           599             5             599           604             0   90
328   329        B           599             3             604           607             5   90
329   330        C           601             5             607           612             6   90
330   331        B           601             3             602           605             1   95
331   332        B           602             1             612           613            10   90
332   333        B           604             3             605           608             1   95
333   334        A           606             3             608           611             2   95
334   335        C           608             5             608           613             0  Gas
335   336        B           611             3             611           614             0   95
336   337        C           612             3             613           616             1  Gas
337   338        B           612             3             614           617             2   95
338   339        A           613             2             617           619             4   95
339   340        B           613             3             613           616             0   90
340   341        C           616             7             616           623             0  Gas
341   342        C           619             3             623           626             4  Gas
342   343        A           621             1             621           622             0   95
343   344        C           623             7             626           633             3  Gas
344   345        C           626             5             633           638             7  Gas
345   346        C           629             3             638           641             9  Gas
346   347        C           629             7             641           648            12  Gas
347   348        B           629             2             629           631             0   95
348   349        C           631             7             631           638             0   90
349   350        A           634             2             634           636             0   95
350   351        A           637             1             637           638             0   95
351   352        A           639             2             639           641             0   95
352   353        B           642             2             642           644             0   90
353   354        C           644             7             644           651             0   90
354   355        C           645             7             651           658             6   90
355   356        B           646             3             658           661            12   90
356   357        A           647             3             647           650             0   95
357   358        A           650             1             650           651             0   95
358   359        B           653             3             653           656             0   95
359   360        B           654             2             656           658             2   95
360   361        B           654             3             658           661             4   95
361   362        B           656             3             661           664             5   90
362   363        C           656             5             664           669             8   90
363   364        C           658             5             658           663             0  Gas
364   365        B           659             3             661           664             2   95
365   366        B           660             2             664           666             4   95
366   367        C           663             5             669           674             6   90
367   368        B           666             2             666           668             0   95
368   369        B           669             3             669           672             0   95
369   370        B           672             3             672           675             0   95
370   371        B           672             3             675           678             3   95
371   372        C           674             7             674           681             0  Gas
372   373        C           675             3             681           684             6  Gas
373   374        B           675             3             675           678             0   90
374   375        C           677             7             684           691             7  Gas
375   376        B           678             3             678           681             0   95
376   377        A           681             3             681           684             0   95
377   378        C           684             7             684           691             0   90
378   379        C           686             5             691           696             5  Gas
379   380        B           688             1             688           689             0   95
380   381        A           691             3             691           694             0   95
381   382        C           693             3             696           699             3  Gas
382   383        C           696             7             699           706             3  Gas
383   384        A           698             1             698           699             0   95
384   385        B           700             2             700           702             0   90
385   386        C           700             5             702           707             2   90
386   387        C           700             5             707           712             7   90
387   388        B           703             2             703           705             0   95
388   389        B           703             2             712           714             9   90
389   390        A           706             3             706           709             0   95
390   391        C           709             5             709           714             0  Gas
391   392        A           712             3             712           715             0   95
392   393        C           715             7             715           722             0   90
393   394        C           717             7             717           724             0  Gas
394   395        C           719             5             724           729             5  Gas
395   396        A           720             1             720           721             0   95
396   397        B           722             1             722           723             0   95
397   398        B           724             2             724           726             0   95
398   399        C           725             5             729           734             4  Gas
399   400        A           727             2             727           729             0   95
400   401        A           730             3             730           733             0   95
401   402        B           733             3             733           736             0   95
402   403        C           734             7             734           741             0  Gas
403   404        B           736             1             736           737             0   90
404   405        C           739             7             739           746             0   90
405   406        A           739             2             739           741             0   95
406   407        A           740             3             741           744             1   95
407   408        A           741             2             744           746             3   95
408   409        B           742             3             746           749             4   95
409   410        A           744             1             749           750             5   95
410   411        C           745             3             746           749             1   90
411   412        C           745             3             745           748             0  Gas
412   413        B           748             3             750           753             2   95
413   414        C           751             7             751           758             0  Gas
414   415        B           754             3             754           757             0   90
415   416        C           754             3             757           760             3   90
416   417        B           754             2             754           756             0   95
417   418        A           757             3             757           760             0   95
418   419        C           760             5             760           765             0  Gas
419   420        B           761             2             761           763             0   90
420   421        B           762             3             762           765             0   95
421   422        C           765             3             765           768             0  Gas
422   423        B           765             3             765           768             0   95
423   424        B           765             3             765           768             0   90
424   425        B           768             1             768           769             0   95
425   426        C           768             3             768           771             0  Gas
426   427        C           768             5             768           773             0   90
427   428        A           771             3             771           774             0   95
428   429        C           773             7             773           780             0  Gas
429   430        A           775             1             775           776             0   95
430   431        C           777             5             777           782             0   90
431   432        B           777             3             777           780             0   95
432   433        B           780             2             782           784             2   90
433   434        C           782             7             784           791             2   90
434   435        C           784             5             784           789             0  Gas
435   436        C           787             3             789           792             2  Gas
436   437        C           790             7             791           798             1   90
437   438        C           793             7             798           805             5   90
438   439        A           794             1             794           795             0   95
439   440        B           797             3             797           800             0   95
440   441        C           799             7             799           806             0  Gas
441   442        C           801             5             806           811             5  Gas
442   443        B           803             3             803           806             0   95
443   444        A           805             1             806           807             1   95
444   445        A           807             1             807           808             0   95
445   446        A           808             3             808           811             0   95
446   447        C           808             5             808           813             0   90
447   448        C           811             7             813           820             2   90
448   449        C           814             3             814           817             0  Gas
449   450        A           815             3             815           818             0   95
450   451        B           818             3             820           823             2   90
451   452        A           821             3             821           824             0   95
452   453        B           824             3             824           827             0   95
453   454        C           825             5             825           830             0  Gas
454   455        C           828             3             828           831             0   90
455   456        A           828             1             828           829             0   95
456   457        B           829             3             831           834             2   90
457   458        A           830             3             830           833             0   95
458   459        B           833             3             833           836             0   95
459   460        B           834             1             836           837             2   95
460   461        C           837             5             837           842             0  Gas
461   462        B           837             1             837           838             0   95
462   463        B           840             3             840           843             0   95
463   464        C           841             7             841           848             0   90
464   465        C           844             5             848           853             4   90
465   466        B           846             3             846           849             0   95
466   467        C           849             7             853           860             4   90
467   468        B           851             3             851           854             0   95
468   469        C           854             3             854           857             0  Gas
469   470        A           856             3             856           859             0   95
470   471        A           858             2             859           861             1   95
471   472        C           861             7             861           868             0  Gas
472   473        C           864             5             868           873             4  Gas
473   474        B           864             3             864           867             0   95
474   475        B           864             3             867           870             3   95
475   476        C           867             5             867           872             0   90
476   477        C           869             3             873           876             4  Gas
477   478        C           872             5             872           877             0   90
478   479        C           873             3             877           880             4   90
479   480        C           873             7             880           887             7   90
480   481        C           876             3             876           879             0  Gas
481   482        A           879             2             879           881             0   95
482   483        B           881             1             881           882             0   95
483   484        C           881             5             887           892             6   90
484   485        C           881             7             881           888             0  Gas
485   486        C           881             7             892           899            11   90
486   487        B           881             3             882           885             1   95
487   488        C           882             3             899           902            17   90
488   489        A           885             3             885           888             0   95
489   490        C           888             7             888           895             0  Gas
490   491        B           891             3             891           894             0   95
491   492        C           892             7             895           902             3  Gas
492   493        C           895             5             902           907             7  Gas
493   494        C           897             3             907           910            10  Gas
494   495        C           897             5             910           915            13  Gas
495   496        B           899             1             902           903             3   90
496   497        B           901             3             903           906             2   90
497   498        C           901             3             915           918            14  Gas
498   499        B           901             2             906           908             5   90
499   500        B           902             3             902           905             0   95
500   501        B           902             1             905           906             3   95
501   502        C           905             7             908           915             3   90
502   503        C           907             5             915           920             8   90
503   504        A           910             1             910           911             0   95
504   505        B           913             2             913           915             0   95
505   506        C           915             5             918           923             3  Gas
506   507        C           915             3             920           923             5   90
507   508        B           918             2             918           920             0   95
508   509        C           921             3             923           926             2  Gas
509   510        B           923             3             923           926             0   95
510   511        B           924             3             924           927             0   90
511   512        C           924             3             927           930             3   90
512   513        C           926             7             926           933             0  Gas
513   514        B           928             3             928           931             0   95
514   515        C           931             5             933           938             2  Gas
515   516        C           931             7             931           938             0   90
516   517        C           932             5             938           943             6  Gas
517   518        C           932             3             938           941             6   90
518   519        B           934             2             934           936             0   95
519   520        B           934             3             936           939             2   95
520   521        C           935             3             941           944             6   90
521   522        C           935             5             943           948             8  Gas
522   523        A           937             2             939           941             2   95
523   524        B           939             1             941           942             2   95
524   525        B           939             3             944           947             5   90
525   526        C           941             5             947           952             6   90
526   527        C           944             7             948           955             4  Gas
527   528        C           947             5             955           960             8  Gas
528   529        C           950             5             952           957             2   90
529   530        C           953             7             960           967             7  Gas
530   531        C           955             3             957           960             2   90
531   532        A           957             3             957           960             0   95
532   533        B           958             3             960           963             2   95
533   534        C           961             7             961           968             0   90
534   535        C           962             7             967           974             5  Gas
535   536        C           965             5             968           973             3   90
536   537        B           966             2             966           968             0   95
537   538        B           969             3             969           972             0   95
538   539        B           972             2             972           974             0   95
539   540        A           975             3             975           978             0   95
540   541        C           976             5             976           981             0  Gas
541   542        C           976             5             981           986             5  Gas
542   543        C           977             3             986           989             9  Gas
543   544        A           979             3             979           982             0   95
544   545        B           982             1             982           983             0   90
545   546        C           983             5             983           988             0   90
546   547        B           985             3             985           988             0   95
547   548        B           988             1             988           989             0   95
548   549        C           991             5             991           996             0   90
549   550        B           991             2             991           993             0   95
550   551        B           993             3             993           996             0   95
551   552        C           995             7             995          1002             0  Gas
552   553        C           998             7             998          1005             0   90
553   554        A           999             2             999          1001             0   95
554   555        B          1000             3            1001          1004             1   95
555   556        B          1002             2            1004          1006             2   95
556   557        B          1002             1            1006          1007             4   95
557   558        A          1005             1            1007          1008             2   95
558   559        C          1005             7            1005          1012             0  Gas
559   560        C          1005             5            1005          1010             0   90
560   561        B          1006             2            1008          1010             2   95
561   562        C          1008             5            1012          1017             4  Gas
562   563        B          1008             1            1010          1011             2   95
563   564        A          1008             2            1011          1013             3   95
564   565        B          1008             3            1013          1016             5   95
565   566        C          1011             5            1017          1022             6  Gas
566   567        C          1014             7            1014          1021             0   90
567   568        B          1016             3            1016          1019             0   95
568   569        B          1019             2            1019          1021             0   95
569   570        B          1022             2            1022          1024             0   95
570   571        B          1025             3            1025          1028             0   95
571   572        C          1028             5            1028          1033             0  Gas
572   573        B          1031             2            1031          1033             0   90
573   574        C          1034             5            1034          1039             0  Gas
574   575        C          1034             5            1034          1039             0   90
575   576        B          1037             2            1037          1039             0   95
576   577        B          1040             3            1040          1043             0   90
577   578        C          1042             3            1042          1045             0  Gas
578   579        B          1043             3            1043          1046             0   90
579   580        B          1043             3            1043          1046             0   95
580   581        C          1043             5            1045          1050             2  Gas
581   582        C          1044             3            1046          1049             2   90
582   583        A          1047             1            1047          1048             0   95
583   584        C          1050             7            1050          1057             0   90
584   585        C          1050             7            1050          1057             0  Gas
585   586        C          1050             5            1057          1062             7   90
586   587        C          1051             5            1062          1067            11   90
587   588        C          1054             7            1067          1074            13   90
588   589        B          1056             2            1056          1058             0   95
589   590        C          1057             7            1074          1081            17   90
590   591        B          1060             2            1060          1062             0   95
591   592        C          1060             7            1060          1067             0  Gas
592   593        C          1062             5            1081          1086            19   90
593   594        C          1064             7            1067          1074             3  Gas
594   595        B          1067             2            1086          1088            19   90
595   596        A          1070             3            1070          1073             0   95
596   597        C          1070             7            1088          1095            18   90
597   598        C          1070             7            1074          1081             4  Gas
598   599        B          1071             1            1095          1096            24   90
599   600        C          1071             7            1081          1088            10  Gas
600   601        C          1074             5            1088          1093            14  Gas
601   602        C          1077             5            1093          1098            16  Gas
602   603        B          1077             2            1077          1079             0   95
603   604        A          1078             3            1079          1082             1   95
604   605        C          1079             7            1098          1105            19  Gas
605   606        B          1081             2            1096          1098            15   90
606   607        C          1081             3            1098          1101            17   90
607   608        C          1084             5            1101          1106            17   90
608   609        B          1086             3            1106          1109            20   90
609   610        B          1087             1            1109          1110            22   90
610   611        B          1088             3            1110          1113            22   90
611   612        B          1091             2            1091          1093             0   95
612   613        C          1091             7            1105          1112            14  Gas
613   614        C          1094             5            1112          1117            18  Gas
614   615        B          1096             2            1096          1098             0   95
615   616        C          1098             7            1117          1124            19  Gas
616   617        C          1101             5            1124          1129            23  Gas
617   618        A          1104             1            1104          1105             0   95
618   619        C          1107             5            1129          1134            22  Gas
619   620        C          1108             5            1113          1118             5   90
620   621        A          1111             2            1111          1113             0   95
621   622        A          1114             1            1114          1115             0   95
622   623        B          1114             1            1118          1119             4   90
623   624        C          1115             5            1119          1124             4   90
624   625        B          1118             3            1118          1121             0   95
625   626        B          1120             3            1124          1127             4   90
626   627        B          1123             1            1123          1124             0   95
627   628        B          1126             2            1126          1128             0   95
628   629        B          1127             2            1127          1129             0   90
629   630        A          1128             3            1128          1131             0   95
630   631        C          1129             7            1134          1141             5  Gas
631   632        B          1131             3            1131          1134             0   90
632   633        C          1133             7            1141          1148             8  Gas
633   634        C          1135             7            1148          1155            13  Gas
634   635        B          1137             3            1137          1140             0   95
635   636        B          1138             3            1138          1141             0   90
636   637        B          1138             3            1140          1143             2   95
637   638        B          1138             1            1143          1144             5   95
638   639        C          1139             3            1141          1144             2   90
639   640        B          1141             3            1144          1147             3   95
640   641        B          1144             3            1144          1147             0   90
641   642        B          1144             2            1147          1149             3   95
642   643        B          1146             2            1149          1151             3   95
643   644        A          1146             2            1151          1153             5   95
644   645        B          1149             3            1153          1156             4   95
645   646        B          1151             3            1156          1159             5   95
646   647        C          1154             5            1154          1159             0   90
647   648        B          1157             2            1159          1161             2   95
648   649        C          1159             5            1159          1164             0   90
649   650        A          1161             3            1161          1164             0   95
650   651        C          1161             5            1161          1166             0  Gas
651   652        C          1164             7            1166          1173             2  Gas
652   653        C          1165             7            1165          1172             0   90
653   654        B          1168             2            1168          1170             0   95
654   655        A          1169             3            1170          1173             1   95
655   656        C          1172             5            1173          1178             1  Gas
656   657        C          1173             5            1178          1183             5  Gas
657   658        C          1174             5            1174          1179             0   90
658   659        A          1175             3            1175          1178             0   95
659   660        C          1175             5            1183          1188             8  Gas
660   661        C          1178             5            1179          1184             1   90
661   662        C          1178             7            1188          1195            10  Gas
662   663        B          1181             3            1184          1187             3   90
663   664        B          1182             3            1187          1190             5   90
664   665        B          1185             3            1190          1193             5   90
665   666        C          1186             3            1195          1198             9  Gas
666   667        C          1186             7            1198          1205            12  Gas
667   668        C          1189             3            1193          1196             4   90
668   669        B          1191             3            1196          1199             5   90
669   670        B          1193             1            1193          1194             0   95
670   671        C          1195             5            1199          1204             4   90
671   672        C          1197             7            1205          1212             8  Gas
672   673        B          1199             2            1204          1206             5   90
673   674        C          1201             7            1206          1213             5   90
674   675        C          1202             7            1212          1219            10  Gas
675   676        C          1205             7            1213          1220             8   90
676   677        C          1208             5            1219          1224            11  Gas
677   678        B          1209             3            1209          1212             0   95
678   679        B          1212             3            1220          1223             8   90
679   680        C          1214             7            1224          1231            10  Gas
680   681        B          1215             3            1215          1218             0   95
681   682        B          1217             2            1223          1225             6   90
682   683        C          1218             5            1225          1230             7   90
683   684        A          1219             1            1219          1220             0   95
684   685        A          1219             3            1220          1223             1   95
685   686        B          1219             3            1223          1226             4   95
686   687        A          1219             3            1226          1229             7   95
687   688        C          1222             5            1230          1235             8   90
688   689        A          1222             3            1229          1232             7   95
689   690        C          1225             5            1235          1240            10   90
690   691        C          1227             7            1231          1238             4  Gas
691   692        A          1230             1            1232          1233             2   95
692   693        B          1233             2            1233          1235             0   95
693   694        C          1235             5            1238          1243             3  Gas
694   695        B          1235             2            1240          1242             5   90
695   696        B          1237             3            1237          1240             0   95
696   697        A          1240             3            1240          1243             0   95
697   698        B          1242             2            1242          1244             0   90
698   699        B          1244             3            1244          1247             0   95
699   700        A          1247             3            1247          1250             0   95
700   701        C          1249             7            1249          1256             0  Gas
701   702        B          1252             2            1252          1254             0   95
702   703        C          1253             5            1253          1258             0   90
703   704        C          1256             7            1258          1265             2   90
704   705        C          1258             7            1265          1272             7   90
705   706        C          1259             3            1272          1275            13   90
706   707        C          1262             3            1262          1265             0  Gas
707   708        B          1262             2            1262          1264             0   95
708   709        A          1262             2            1264          1266             2   95
709   710        B          1264             1            1275          1276            11   90
710   711        B          1266             2            1266          1268             0   95
711   712        B          1268             2            1276          1278             8   90
712   713        C          1269             5            1269          1274             0  Gas
713   714        C          1269             5            1278          1283             9   90
714   715        B          1269             1            1283          1284            14   90
715   716        C          1272             5            1284          1289            12   90
716   717        B          1272             3            1272          1275             0   95
717   718        A          1274             3            1275          1278             1   95
718   719        A          1276             2            1278          1280             2   95
719   720        C          1278             7            1278          1285             0  Gas
720   721        A          1281             3            1281          1284             0   95
721   722        C          1284             5            1285          1290             1  Gas
722   723        C          1285             7            1290          1297             5  Gas
723   724        B          1288             2            1288          1290             0   95
724   725        C          1288             5            1297          1302             9  Gas
725   726        C          1289             7            1289          1296             0   90
726   727        C          1290             5            1302          1307            12  Gas
727   728        A          1293             2            1293          1295             0   95
728   729        C          1294             5            1307          1312            13  Gas
729   730        C          1296             7            1312          1319            16  Gas
730   731        C          1299             3            1319          1322            20  Gas
731   732        B          1300             3            1300          1303             0   95
732   733        B          1301             3            1303          1306             2   95
733   734        C          1304             3            1304          1307             0   90
734   735        A          1305             3            1306          1309             1   95
735   736        A          1307             2            1309          1311             2   95
736   737        C          1307             5            1307          1312             0   90
737   738        B          1307             3            1312          1315             5   90
738   739        A          1308             2            1311          1313             3   95
739   740        C          1311             5            1315          1320             4   90
740   741        B          1312             2            1313          1315             1   95
741   742        C          1315             7            1322          1329             7  Gas
742   743        B          1318             2            1320          1322             2   90
743   744        B          1321             1            1322          1323             1   90
744   745        C          1322             5            1323          1328             1   90
745   746        B          1325             3            1325          1328             0   95
746   747        C          1327             5            1328          1333             1   90
747   748        C          1330             7            1330          1337             0  Gas
748   749        A          1333             3            1333          1336             0   95
749   750        C          1335             3            1337          1340             2  Gas
750   751        C          1337             3            1340          1343             3  Gas
751   752        A          1338             3            1338          1341             0   95
752   753        C          1341             7            1343          1350             2  Gas
753   754        C          1342             3            1342          1345             0   90
754   755        C          1343             5            1345          1350             2   90
755   756        C          1346             7            1350          1357             4   90
756   757        B          1348             2            1357          1359             9   90
757   758        B          1349             2            1359          1361            10   90
758   759        B          1350             1            1361          1362            11   90
759   760        C          1352             5            1352          1357             0  Gas
760   761        C          1353             7            1357          1364             4  Gas
761   762        C          1355             5            1364          1369             9  Gas
762   763        B          1358             2            1362          1364             4   90
763   764        A          1359             1            1359          1360             0   95
764   765        A          1361             1            1361          1362             0   95
765   766        C          1362             5            1364          1369             2   90
766   767        A          1363             1            1363          1364             0   95
767   768        C          1364             5            1369          1374             5  Gas
768   769        C          1367             7            1369          1376             2   90
769   770        C          1368             5            1374          1379             6  Gas
770   771        A          1370             2            1370          1372             0   95
771   772        B          1370             3            1372          1375             2   95
772   773        C          1372             5            1379          1384             7  Gas
773   774        B          1374             3            1375          1378             1   95
774   775        C          1377             7            1384          1391             7  Gas
775   776        C          1377             3            1391          1394            14  Gas
776   777        B          1380             1            1380          1381             0   90
777   778        B          1383             3            1383          1386             0   95
778   779        B          1386             1            1386          1387             0   95
779   780        C          1389             5            1394          1399             5  Gas
780   781        C          1391             5            1399          1404             8  Gas
781   782        C          1392             5            1392          1397             0   90
782   783        C          1395             3            1404          1407             9  Gas
783   784        C          1397             7            1407          1414            10  Gas
784   785        B          1400             3            1400          1403             0   95
785   786        C          1403             7            1403          1410             0   90
786   787        C          1404             5            1414          1419            10  Gas
787   788        B          1407             2            1407          1409             0   95
788   789        C          1410             3            1410          1413             0   90
789   790        C          1413             5            1419          1424             6  Gas
790   791        C          1414             3            1424          1427            10  Gas
791   792        C          1416             5            1416          1421             0   90
792   793        C          1416             5            1421          1426             5   90
793   794        B          1419             1            1419          1420             0   95
794   795        A          1419             3            1420          1423             1   95
795   796        C          1421             5            1427          1432             6  Gas
796   797        A          1423             3            1423          1426             0   95
797   798        A          1424             2            1426          1428             2   95
798   799        A          1427             3            1428          1431             1   95
799   800        A          1430             1            1431          1432             1   95
800   801        C          1432             5            1432          1437             0  Gas
801   802        B          1432             3            1432          1435             0   90
802   803        C          1435             7            1437          1444             2  Gas
803   804        A          1437             2            1437          1439             0   95
804   805        B          1438             3            1438          1441             0   90
805   806        C          1440             3            1444          1447             4  Gas
806   807        B          1440             2            1441          1443             1   90
807   808        C          1440             7            1447          1454             7  Gas
808   809        C          1443             7            1454          1461            11  Gas
809   810        B          1444             3            1444          1447             0   90
810   811        B          1445             2            1445          1447             0   95
811   812        C          1445             5            1461          1466            16  Gas
812   813        C          1447             5            1466          1471            19  Gas
813   814        A          1447             2            1447          1449             0   95
814   815        C          1449             5            1471          1476            22  Gas
815   816        C          1449             3            1449          1452             0   90
816   817        C          1450             7            1476          1483            26  Gas
817   818        C          1453             7            1483          1490            30  Gas
818   819        A          1455             3            1455          1458             0   95
819   820        C          1456             3            1456          1459             0   90
820   821        C          1457             5            1490          1495            33  Gas
821   822        C          1459             7            1459          1466             0   90
822   823        B          1462             2            1466          1468             4   90
823   824        C          1465             5            1495          1500            30  Gas
824   825        C          1468             5            1468          1473             0   90
825   826        A          1468             2            1468          1470             0   95
826   827        C          1471             3            1473          1476             2   90
827   828        C          1473             7            1500          1507            27  Gas
828   829        C          1476             7            1476          1483             0   90
829   830        C          1479             3            1483          1486             4   90
830   831        A          1481             3            1481          1484             0   95
831   832        B          1484             3            1484          1487             0   95
832   833        C          1485             5            1486          1491             1   90
833   834        C          1488             5            1491          1496             3   90
834   835        C          1491             5            1496          1501             5   90
835   836        A          1491             2            1491          1493             0   95
836   837        C          1491             5            1507          1512            16  Gas
837   838        C          1493             5            1501          1506             8   90
838   839        C          1496             5            1506          1511            10   90
839   840        B          1499             2            1511          1513            12   90
840   841        C          1502             3            1513          1516            11   90
841   842        B          1503             3            1503          1506             0   95
842   843        C          1505             5            1516          1521            11   90
843   844        A          1505             3            1506          1509             1   95
844   845        A          1508             2            1509          1511             1   95
845   846        C          1510             7            1521          1528            11   90
846   847        A          1512             1            1512          1513             0   95
847   848        C          1514             7            1514          1521             0  Gas
848   849        A          1514             3            1514          1517             0   95
849   850        B          1515             3            1528          1531            13   90
850   851        C          1517             7            1521          1528             4  Gas
851   852        B          1520             3            1520          1523             0   95
852   853        C          1521             5            1528          1533             7  Gas
853   854        B          1522             3            1531          1534             9   90
854   855        B          1525             3            1525          1528             0   95
855   856        C          1528             7            1533          1540             5  Gas
856   857        B          1528             3            1528          1531             0   95
857   858        A          1529             1            1531          1532             2   95
858   859        C          1531             5            1540          1545             9  Gas
859   860        B          1534             1            1534          1535             0   95
860   861        C          1537             5            1537          1542             0   90
861   862        B          1540             3            1540          1543             0   95
862   863        C          1543             5            1543          1548             0   90
863   864        A          1543             3            1543          1546             0   95
864   865        B          1544             2            1546          1548             2   95
865   866        A          1545             1            1548          1549             3   95
866   867        A          1548             1            1549          1550             1   95
867   868        A          1549             2            1550          1552             1   95
868   869        A          1550             3            1552          1555             2   95
869   870        C          1551             7            1551          1558             0  Gas
870   871        B          1552             1            1555          1556             3   95
871   872        B          1555             3            1556          1559             1   95
872   873        C          1555             3            1558          1561             3  Gas
873   874        C          1557             5            1561          1566             4  Gas
874   875        A          1557             3            1559          1562             2   95
875   876        C          1558             5            1566          1571             8  Gas
876   877        B          1559             1            1559          1560             0   90
877   878        B          1560             3            1560          1563             0   90
878   879        A          1560             2            1562          1564             2   95
879   880        C          1563             3            1563          1566             0   90
880   881        C          1564             3            1571          1574             7  Gas
881   882        B          1565             1            1566          1567             1   90
882   883        C          1567             3            1574          1577             7  Gas
883   884        C          1569             3            1577          1580             8  Gas
884   885        C          1572             5            1572          1577             0   90
885   886        A          1573             1            1573          1574             0   95
886   887        C          1575             7            1577          1584             2   90
887   888        A          1578             1            1578          1579             0   95
888   889        C          1580             7            1584          1591             4   90
889   890        B          1580             2            1591          1593            11   90
890   891        B          1581             3            1581          1584             0   95
891   892        C          1584             5            1584          1589             0  Gas
892   893        C          1585             3            1593          1596             8   90
893   894        C          1587             5            1589          1594             2  Gas
894   895        C          1587             3            1596          1599             9   90
895   896        A          1587             1            1587          1588             0   95
896   897        C          1589             7            1594          1601             5  Gas
897   898        B          1591             3            1591          1594             0   95
898   899        C          1592             7            1599          1606             7   90
899   900        B          1595             2            1595          1597             0   95
900   901        B          1596             2            1606          1608            10   90
901   902        B          1597             3            1597          1600             0   95
902   903        B          1598             1            1608          1609            10   90
903   904        A          1600             2            1600          1602             0   95
904   905        B          1603             1            1603          1604             0   95
905   906        C          1604             7            1604          1611             0  Gas
906   907        B          1607             3            1607          1610             0   95
907   908        C          1610             3            1611          1614             1  Gas
908   909        B          1613             3            1613          1616             0   95
909   910        B          1616             3            1616          1619             0   90
910   911        C          1619             7            1619          1626             0  Gas
911   912        C          1622             7            1622          1629             0   90
912   913        B          1622             2            1629          1631             7   90
913   914        C          1624             7            1626          1633             2  Gas
914   915        A          1626             1            1626          1627             0   95
915   916        A          1627             2            1627          1629             0   95
916   917        C          1630             7            1631          1638             1   90
917   918        B          1632             3            1638          1641             6   90
918   919        B          1632             1            1641          1642             9   90
919   920        C          1635             3            1642          1645             7   90
920   921        C          1637             5            1637          1642             0  Gas
921   922        A          1639             3            1639          1642             0   95
922   923        C          1641             7            1645          1652             4   90
923   924        B          1643             3            1643          1646             0   95
924   925        C          1643             5            1643          1648             0  Gas
925   926        A          1646             3            1646          1649             0   95
926   927        B          1648             3            1652          1655             4   90
927   928        B          1650             3            1655          1658             5   90
928   929        C          1650             7            1658          1665             8   90
929   930        C          1650             7            1650          1657             0  Gas
930   931        B          1653             3            1665          1668            12   90
931   932        B          1656             3            1656          1659             0   95
932   933        A          1659             1            1659          1660             0   95
933   934        C          1660             5            1660          1665             0  Gas
934   935        C          1662             5            1665          1670             3  Gas
935   936        B          1665             2            1665          1667             0   95
936   937        B          1668             2            1668          1670             0   90
937   938        B          1671             2            1671          1673             0   95
938   939        C          1671             7            1671          1678             0   90
939   940        C          1672             7            1672          1679             0  Gas
940   941        B          1674             1            1678          1679             4   90
941   942        B          1676             3            1676          1679             0   95
942   943        B          1678             2            1679          1681             1   95
943   944        C          1678             7            1679          1686             1   90
944   945        A          1679             1            1681          1682             2   95
945   946        B          1682             3            1686          1689             4   90
946   947        B          1685             3            1685          1688             0   95
947   948        A          1688             3            1688          1691             0   95
948   949        B          1689             3            1691          1694             2   95
949   950        C          1692             5            1692          1697             0   90
950   951        C          1695             5            1695          1700             0  Gas
951   952        B          1696             2            1697          1699             1   90
952   953        A          1699             2            1699          1701             0   95
953   954        C          1699             3            1700          1703             1  Gas
954   955        A          1702             3            1702          1705             0   95
955   956        C          1703             7            1703          1710             0   90
956   957        B          1705             3            1705          1708             0   95
957   958        C          1706             5            1710          1715             4   90
958   959        B          1708             3            1715          1718             7   90
959   960        B          1711             1            1711          1712             0   95
960   961        A          1714             2            1714          1716             0   95
961   962        A          1716             2            1716          1718             0   95
962   963        C          1718             5            1718          1723             0   90
963   964        B          1718             3            1718          1721             0   95
964   965        C          1719             5            1719          1724             0  Gas
965   966        B          1719             3            1721          1724             2   95
966   967        C          1721             5            1723          1728             2   90
967   968        C          1722             3            1724          1727             2  Gas
968   969        C          1725             3            1728          1731             3   90
969   970        C          1728             5            1728          1733             0  Gas
970   971        B          1730             2            1730          1732             0   95
971   972        C          1731             7            1733          1740             2  Gas
972   973        C          1732             3            1732          1735             0   90
973   974        C          1735             5            1740          1745             5  Gas
974   975        A          1738             2            1738          1740             0   95
975   976        C          1741             5            1745          1750             4  Gas
976   977        B          1743             3            1743          1746             0   90
977   978        C          1743             3            1750          1753             7  Gas
978   979        C          1744             3            1753          1756             9  Gas
979   980        C          1747             7            1756          1763             9  Gas
980   981        C          1749             3            1763          1766            14  Gas
981   982        B          1752             3            1752          1755             0   95
982   983        B          1753             3            1755          1758             2   95
983   984        B          1755             2            1758          1760             3   95
984   985        B          1756             1            1760          1761             4   95
985   986        A          1759             3            1761          1764             2   95
986   987        B          1760             3            1764          1767             4   95
987   988        C          1761             5            1761          1766             0   90
988   989        C          1763             7            1766          1773             3  Gas
989   990        C          1766             5            1773          1778             7  Gas
990   991        C          1766             3            1766          1769             0   90
991   992        C          1768             5            1769          1774             1   90
992   993        A          1771             2            1771          1773             0   95
993   994        B          1772             2            1774          1776             2   90
994   995        B          1774             2            1776          1778             2   90
995   996        C          1774             5            1778          1783             4  Gas
996   997        C          1777             5            1778          1783             1   90
997   998        A          1777             1            1777          1778             0   95
998   999        A          1779             3            1779          1782             0   95
999  1000        C          1782             5            1783          1788             1  Gas