    Car Category  Arrival Time  Service Time  Service Begins  Service Ends  Waiting Time Pump
0     1        B             3             3               3             6             0   90
1     2        C             3             5               3             8             0  Gas
2     3        C             5             5               8            13             3  Gas
3     4        C             8             5              13            18             5  Gas
4     5        A            10             2              10            12             0   95
5     6        C            13             5              18            23             5  Gas
6     7        C            15             5              23            28             8  Gas
7     8        A            18             3              18            21             0   95
8     9        B            18             3              18            21             0   90
9    10        A            19             2              21            23             2   95
10   11        B            22             3              22            25             0   90
11   12        B            25             3              25            28             0   90
12   13        B            28             3              28            31             0   90
13   14        B            30             3              30            33             0   95
14   15        B            32             1              33            34             1   95
15   16        B            34             3              34            37             0   95
16   17        A            36             2              37            39             1   95
17   18        B            37             3              39            42             2   95
18   19        A            40             2              42            44             2   95
19   20        B            41             3              41            44             0   90
20   21        B            42             3              44            47             2   90