    Car Category  Arrival Time  Service Time  Service Begins  Service Ends  Waiting Time Pump
0     1        B             3             2               3             5             0   90
1     2        B             5             3               5             8             0   90
2     3        A             6             3               6             9             0   95
3     4        B             6             1               8             9             2   90
4     5        B             9             3               9            12             0   90
5     6        B             9             3              12            15             3   90
6     7        B            11             3              11            14             0   95
7     8        B            14             3              14            17             0   95
8     9        A            15             3              17            20             2   95
9    10        B            17             3              20            23             3   95
10   11        B            20             3              23            26             3   95
11   12        B            22             3              22            25             0   90
12   13        C            24             5              24            29             0  Gas
13   14        B            27             1              27            28             0   95
14   15        B            29             1              29            30             0   90
15   16        B            32             3              32            35             0   95
16   17        C            35             7              35            42             0  Gas
17   18        C            38             5              42            47             4  Gas
18   19        C            41             5              47            52             6  Gas
19   20        A            44             3              44            47             0   95
20   21        B            47             1              47            48             0   95