    Car Category  Arrival Time  Service Time  Service Begins  Service Ends  Waiting Time Pump
0     1        C             3             3               3             6             0  Gas
1     2        A             6             3               6             9             0   95
2     3        B             8             3               8            11             0   90
3     4        B             8             2              11            13             3   90
4     5        B             8             3              13            16             5   90
5     6        B            10             1              16            17             6   90
6     7        A            12             1              12            13             0   95
7     8        B            15             3              15            18             0   95
8     9        B            15             2              18            20             3   95
9    10        A            17             3              20            23             3   95
10   11        B            19             2              19            21             0   90
11   12        B            20             3              21            24             1   90
12   13        A            23             2              23            25             0   95
13   14        B            26             2              26            28             0   95
14   15        A            26             3              28            31             2   95
15   16        C            29             5              29            34             0  Gas
16   17        B            29             2              31            33             2   95
17   18        C            31             7              34            41             3  Gas
18   19        C            34             5              41            46             7  Gas
19   20        B            35             3              35            38             0   95
20   21        B            38             3              38            41             0   90