    Car Category  Arrival Time  Service Time  Service Begins  Service Ends  Waiting Time Pump
0     1        B             3             3               3             6             0   90
1     2        B             5             1               6             7             1   90
2     3        C             7             7               7            14             0  Gas
3     4        B             8             2               8            10             0   90
4     5        B            11             1              11            12             0   90
5     6        B            14             3              14            17             0   95
6     7        B            16             2              16            18             0   90
7     8        B            19             2              19            21             0   95
8     9        A            21             2              21            23             0   95
9    10        A            24             3              24            27             0   95
10   11        C            26             5              26            31             0  Gas
11   12        B            26             3              26            29             0   90
12   13        A            27             3              27            30             0   95
13   14        A            27             3              30            33             3   95
14   15        B            30             3              30            33             0   90
15   16        B            30             3              33            36             3   90
16   17        C            33             5              33            38             0  Gas
17   18        A            33             1              33            34             0   95
18   19        A            33             3              34            37             1   95
19   20        C            33             7              38            45             5  Gas